source:
	0.4158121942185845,0.6353292965309992
target:
	0.5850880354670831,0.11706133774921457
points:
	[-0.03617372986996719, -0.03617372986996719] [0.0018790869805755952, -0.0051180690570227505]
	[0.5108168781828462, 0.5108168781828462] [-0.0010570902008964994, -0.005348659557327523]
	[0.5082592835988966, 0.5082592835988966] [-0.0010434070557301758, -0.005351345668995318]
	[0.41676736379324925, 0.41676736379324925] [-0.0005501209273562484, -0.0054242940294850495]
	[0.41676736379324925, 0.41676736379324925] [-0.0005501209273562484, -0.0054242940294850495]
	[1.0655370169804372, 1.0655370169804372] [-0.0037157452896192057, -0.0039898415627309235]
	[0.820798537451163, 0.820798537451163] [-0.002638269767711322, -0.00477128194365025]
	[0.24198223523729856, 0.24198223523729856] [0.0004015267403943128, -0.005437313217920298]
	[0.09780906084481422, 0.09780906084481422] [0.0011785627140940903, -0.005323212252199759]
	[0.6208095257050373, 0.6208095257050373] [-0.0016378297741906456, -0.005200299259061644]
	[0.6208095257050373, 0.6208095257050373] [-0.0016378297741906456, -0.005200299259061644]
	[1.0129813870601136, 1.0129813870601136] [-0.0035010227313748816, -0.0041795261199589154]
	[1.4936918632804708, 1.4936918632804708] [-0.005036891506169228, -0.002086940992961407]
	[1.4936918632804708, 1.4936918632804708] [-0.005036891506169228, -0.002086940992961407]
	[1.043809198991407, 1.043809198991407] [-0.0036281844956592506, -0.004069628486542756]
	[1.043809198991407, 1.043809198991407] [-0.0036281844956592506, -0.004069628486542756]
	[1.043809198991407, 1.043809198991407] [-0.0036281844956592506, -0.004069628486542756]
	[1.043809198991407, 1.043809198991407] [-0.0036281844956592506, -0.004069628486542756]
	[1.043809198991407, 1.043809198991407] [-0.0036281844956592506, -0.004069628486542756]
	[0.7829199562155222, 0.7829199562155222] [-0.002455691140753718, -0.004867769486556052]
	[0.7829199562155222, 0.7829199562155222] [-0.002455691140753718, -0.004867769486556052]
	[1.1953535143014724, 1.1953535143014724] [-0.004200973477626265, -0.0034752583491451596]
	[1.1953535143014724, 1.1953535143014724] [-0.004200973477626265, -0.0034752583491451596]
	[1.1953535143014724, 1.1953535143014724] [-0.004200973477626265, -0.0034752583491451596]
	[1.1953535143014724, 1.1953535143014724] [-0.004200973477626265, -0.0034752583491451596]
	[1.1953535143014724, 1.1953535143014724] [-0.004200973477626265, -0.0034752583491451596]
	[1.1953535143014724, 1.1953535143014724] [-0.004200973477626265, -0.0034752583491451596]
	[1.1953535143014724, 1.1953535143014724] [-0.004200973477626265, -0.0034752583491451596]
	[1.1953535143014724, 1.1953535143014724] [-0.004200973477626265, -0.0034752583491451596]
	[0.9061920053950683, 0.9061920053950683] [-0.0030355977397606326, -0.00452887901310938]
	[1.0756850787684078, 1.0756850787684078] [-0.003756042425425102, -0.003951929155669314]
	[1.6580018869326496, 1.6580018869326496] [-0.005310416342981789, -0.001234940086487756]
	[1.6580018869326496, 1.6580018869326496] [-0.005310416342981789, -0.001234940086487756]
	[1.3607304410511145, 1.3607304410511145] [-0.004715768338467988, -0.0027362616342238412]
	[1.3607304410511145, 1.3607304410511145] [-0.004715768338467988, -0.0027362616342238412]
	[1.3607304410511145, 1.3607304410511145] [-0.004715768338467988, -0.0027362616342238412]
	[1.7867043776996896, 1.7867043776996896] [-0.005424996712374245, -0.0005431476997567869]
	[2.2895921104889463, 2.2895921104889463] [-0.005015126269650733, 0.0021387162627336948]
	[2.2895921104889463, 2.2895921104889463] [-0.005015126269650733, 0.0021387162627336948]
	[2.2895921104889463, 2.2895921104889463] [-0.005015126269650733, 0.0021387162627336948]
	[1.7297837229482136, 1.7297837229482136] [-0.005385311065449483, -0.0008508956935898876]
	[1.7297837229482136, 1.7297837229482136] [-0.005385311065449483, -0.0008508956935898876]
	[2.197255500158822, 2.197255500158822] [-0.005190963154432942, 0.0016671833379511873]
	[2.7295038583048115, 2.7295038583048115] [-0.0036268394463659388, 0.004070827235747848]
	[2.7295038583048115, 2.7295038583048115] [-0.0036268394463659388, 0.004070827235747848]
	[2.4296696650420357, 2.4296696650420357] [-0.004667396593497448, 0.0028179793810514074]
	[2.605785809703134, 2.605785809703134] [-0.004101469346966369, 0.003592150880589194]
	[2.605785809703134, 2.605785809703134] [-0.004101469346966369, 0.003592150880589194]
	[2.2191282025078025, 2.2191282025078025] [-0.00515325858898792, 0.0017803158899601763]
	[1.6922056393903677, 1.6922056393903677] [-0.005349541676087373, -0.0010526170285658323]
