source:
	0.6207247102801264,0.09784886304327367
target:
	0.8718968968001773,0.5349780214097491
points:
	[0, 0] [0.002511721865200509, 0.004371291583664756]
	[-0.4506553655112366, -0.4506553655112366] [0.00416489655997687, 0.002840875478129495]
	[-0.5135108461528226, -0.5135108461528226] [0.004335118945519424, 0.0025736512129158457]
	[0.14175348035839785, 0.14175348035839785] [0.0018689560814568055, 0.0046823007168624135]
	[0.40347210345885975, 0.40347210345885975] [0.0005938086914976313, 0.005006428674758737]
	[0.40347210345885975, 0.40347210345885975] [0.0005938086914976313, 0.005006428674758737]
	[-0.10714050311460965, -0.10714050311460965] [0.0029647663826683976, 0.004077633766505275]
	[-0.4913519431043574, -0.4913519431043574] [0.004277030059788543, 0.002669073004848286]
	[-0.4913519431043574, -0.4913519431043574] [0.004277030059788543, 0.002669073004848286]
	[-0.4913519431043574, -0.4913519431043574] [0.004277030059788543, 0.002669073004848286]
	[-0.8610832787310845, -0.8610832787310845] [0.004952516860863647, 0.0009431402761020934]
	[-1.0142264133319387, -1.0142264133319387] [0.005038426582205484, 0.000176619402302861]
	[-1.0142264133319387, -1.0142264133319387] [0.005038426582205484, 0.000176619402302861]
	[-1.0142264133319387, -1.0142264133319387] [0.005038426582205484, 0.000176619402302861]
	[-1.0142264133319387, -1.0142264133319387] [0.005038426582205484, 0.000176619402302861]
	[-1.352711829820376, -1.352711829820376] [0.004811187629452642, -0.001506456249529511]
	[-0.9978058338955103, -0.9978058338955103] [0.005034847265716881, 0.00025932575739386076]
	[-1.295900007412024, -1.295900007412024] [0.0048889639572582055, -0.0012308404698314244]
	[-1.7656373687163487, -1.7656373687163487] [0.0038022840611224417, -0.0033105245439475116]
	[-2.3199090462272784, -2.3199090462272784] [0.0014906122525407187, -0.004816120009937474]
	[-2.3199090462272784, -2.3199090462272784] [0.0014906122525407187, -0.004816120009937474]
	[-2.035606882626805, -2.035606882626805] [0.002781637935906889, -0.004204691098174551]
	[-2.1110498007132508, -2.1110498007132508] [0.0024568123168481923, -0.0044023868613886795]
	[-2.1110498007132508, -2.1110498007132508] [0.0024568123168481923, -0.0044023868613886795]
	[-2.760949090478205, -2.760949090478205] [-0.0007079335012288459, -0.004991569592360956]
	[-2.430360936915886, -2.430360936915886] [0.0009506604175009205, -0.004951078832753688]
	[-2.430360936915886, -2.430360936915886] [0.0009506604175009205, -0.004951078832753688]
	[-2.430360936915886, -2.430360936915886] [0.0009506604175009205, -0.004951078832753688]
	[-2.336234297027535, -2.336234297027535] [0.0014117927478945827, -0.004839811780899843]
	[-2.129146522772388, -2.129146522772388] [0.0023767456124104084, -0.00444612383221976]
	[-2.129146522772388, -2.129146522772388] [0.0023767456124104084, -0.00444612383221976]
	[-1.5282182862233853, -1.5282182862233853] [0.004474241733250546, -0.0023233806726371386]
	[-2.1926732045650144, -2.1926732045650144] [0.0020896938248565447, -0.0045880406009429645]
	[-1.649371566441612, -1.649371566441612] [0.004160648073418084, -0.0028470940354521183]
	[-2.0413466078444578, -2.0413466078444578] [0.0027574584772563243, -0.004220587587499149]
	[-1.5111347676260127, -1.5111347676260127] [0.00451327843931217, -0.002246609571506486]
	[-1.7094354756550185, -1.7094354756550185] [0.003982240407271587, -0.003091714439633466]
	[-1.7094354756550185, -1.7094354756550185] [0.003982240407271587, -0.003091714439633466]
	[-1.944240391900538, -1.944240391900538] [0.00315366928052541, -0.003933358222513554]
	[-1.944240391900538, -1.944240391900538] [0.00315366928052541, -0.003933358222513554]
	[-2.427791311215115, -2.427791311215115] [0.0009633796843227917, -0.004948619648081551]
	[-3.000723458020172, -3.000723458020172] [-0.0018730958374935719, -0.00468064619695923]
	[-2.58582892898229, -2.58582892898229] [0.0001725574219872163, -0.0050385673334452695]
	[-2.1920911471748665, -2.1920911471748665] [0.0020923639736593145, -0.004586823502084777]
	[-2.5159046701750407, -2.5159046701750407] [0.0005241667948407484, -0.005014198441299569]
	[-2.5159046701750407, -2.5159046701750407] [0.0005241667948407484, -0.005014198441299569]
	[-1.9692059986191786, -1.9692059986191786] [0.003054498045800657, -0.004010857579838085]
	[-1.9692059986191786, -1.9692059986191786] [0.003054498045800657, -0.004010857579838085]
