source:
	0.5654083650597788,0.4326140950991686
target:
	0.717428830894175,0.9657866087088208
points:
	[0, 0] [0.001520204658343962, 0.005331725136096523]
	[-0.5934026562929511, -0.5934026562929511] [0.004241736474766312, 0.00357015221086878]
	[-0.8308501123456256, -0.8308501123456256] [0.00496249997841624, 0.0024722275571542733]
	[-0.8308501123456256, -0.8308501123456256] [0.00496249997841624, 0.0024722275571542733]
	[-0.8308501123456256, -0.8308501123456256] [0.00496249997841624, 0.0024722275571542733]
	[-0.8308501123456256, -0.8308501123456256] [0.00496249997841624, 0.0024722275571542733]
	[-0.8308501123456256, -0.8308501123456256] [0.00496249997841624, 0.0024722275571542733]
	[-0.8308501123456256, -0.8308501123456256] [0.00496249997841624, 0.0024722275571542733]
	[-0.8308501123456256, -0.8308501123456256] [0.00496249997841624, 0.0024722275571542733]
	[-0.6179189557747296, -0.6179189557747296] [0.004327979946074043, 0.003465098081803038]
	[-1.0702090151415051, -1.0702090151415051] [0.005407135278572595, 0.0012252359810868403]
	[-0.3797730289243876, -0.3797730289243876] [0.00338841037024611, 0.004388278739203195]
	[-0.5497690850333947, -0.5497690850333947] [0.004081970153842158, 0.003751777551145057]
	[0.07527284841552206, 0.07527284841552206] [0.001114944698365942, 0.005430949590055118]
	[0.7211264248535841, 0.7211264248535841] [-0.002378402065270534, 0.0050081452401114545]
	[0.3664063941108981, 0.3664063941108981] [-0.0004908634456051409, 0.005522442232192457]
	[0.5701560069020587, 0.5701560069020587] [-0.0015981362165513272, 0.005308886489978965]
	[0.9810503900332108, 0.9810503900332108] [-0.0035856391476221062, 0.004228653099176377]
	[0.9810503900332108, 0.9810503900332108] [-0.0035856391476221062, 0.004228653099176377]
	[1.304693984489044, 1.304693984489044] [-0.004744292741962307, 0.00286879792050572]
	[1.876952088090939, 1.876952088090939] [-0.005541978591314562, -0.00015744339790933537]
	[1.9388130471074045, 1.9388130471074045] [-0.00552164462200591, -0.0004997557387438137]
	[1.9388130471074045, 1.9388130471074045] [-0.00552164462200591, -0.0004997557387438137]
	[1.9388130471074045, 1.9388130471074045] [-0.00552164462200591, -0.0004997557387438137]
	[1.9388130471074045, 1.9388130471074045] [-0.00552164462200591, -0.0004997557387438137]
	[1.9388130471074045, 1.9388130471074045] [-0.00552164462200591, -0.0004997557387438137]
	[2.0418228317068543, 2.0418228317068543] [-0.005440986650898989, -0.0010648846861858652]
	[2.0418228317068543, 2.0418228317068543] [-0.005440986650898989, -0.0010648846861858652]
	[1.59446566157318, 1.59446566157318] [-0.00536621056320318, 0.0013935922364525333]
	[1.59446566157318, 1.59446566157318] [-0.00536621056320318, 0.0013935922364525333]
	[1.59446566157318, 1.59446566157318] [-0.00536621056320318, 0.0013935922364525333]
	[1.59446566157318, 1.59446566157318] [-0.00536621056320318, 0.0013935922364525333]
	[1.59446566157318, 1.59446566157318] [-0.00536621056320318, 0.0013935922364525333]
	[1.59446566157318, 1.59446566157318] [-0.00536621056320318, 0.0013935922364525333]
	[1.218379136294108, 1.218379136294108] [-0.004479318121229806, 0.0032671125323374527]
	[1.7894521527713958, 1.7894521527713958] [-0.005534535483020895, 0.0003274631541362003]
	[1.7894521527713958, 1.7894521527713958] [-0.005534535483020895, 0.0003274631541362003]
	[1.7894521527713958, 1.7894521527713958] [-0.005534535483020895, 0.0003274631541362003]
	[1.7894521527713958, 1.7894521527713958] [-0.005534535483020895, 0.0003274631541362003]
	[1.625833841595223, 1.625833841595223] [-0.0054072779877133185, 0.001224606015714921]
	[1.625833841595223, 1.625833841595223] [-0.0054072779877133185, 0.001224606015714921]
	[1.625833841595223, 1.625833841595223] [-0.0054072779877133185, 0.001224606015714921]
	[1.625833841595223, 1.625833841595223] [-0.0054072779877133185, 0.001224606015714921]
	[1.625833841595223, 1.625833841595223] [-0.0054072779877133185, 0.001224606015714921]
	[1.3767165895607854, 1.3767165895607854] [-0.0049384328461258824, 0.0025199595541276413]
	[1.7009706761030567, 1.7009706761030567] [-0.005483948121354193, 0.0008152472829945459]
	[1.7009706761030567, 1.7009706761030567] [-0.005483948121354193, 0.0008152472829945459]
	[1.6563664027422322, 1.6563664027422322] [-0.005442142299300325, 0.0010589628531258051]
	[1.6563664027422322, 1.6563664027422322] [-0.005442142299300325, 0.0010589628531258051]
	[1.6563664027422322, 1.6563664027422322] [-0.005442142299300325, 0.0010589628531258051]
	[1.6563664027422322, 1.6563664027422322] [-0.005442142299300325, 0.0010589628531258051]
