source:
	0.5962276061614367,0.7900433955298154
target:
	0.19554324960964342,0.22808718289909635
points:
	[0, 0] [-0.004006843565517933, -0.00561956212630719]
	[0, 0] [-0.004006843565517933, -0.00561956212630719]
	[0, 0] [-0.004006843565517933, -0.00561956212630719]
	[0.43320706661837755, 0.43320706661837755] [-0.0012777070053853702, -0.006782458157508073]
	[0.43320706661837755, 0.43320706661837755] [-0.0012777070053853702, -0.006782458157508073]
	[0.43320706661837755, 0.43320706661837755] [-0.0012777070053853702, -0.006782458157508073]
	[0.43320706661837755, 0.43320706661837755] [-0.0012777070053853702, -0.006782458157508073]
	[0.2331991015092051, 0.2331991015092051] [-0.0025997552797501758, -0.006393398652936461]
	[0.05807538912709129, 0.05807538912709129] [-0.0036739135880271318, -0.005842656313498874]
	[0.1261929590359092, 0.1261929590359092] [-0.0032677135536008073, -0.006079171159094982]
	[0.1261929590359092, 0.1261929590359092] [-0.0032677135536008073, -0.006079171159094982]
	[0.1261929590359092, 0.1261929590359092] [-0.0032677135536008073, -0.006079171159094982]
	[-0.34623362710929617, -0.34623362710929617] [-0.005676107307548885, -0.003926331580896957]
	[-0.7581462304631215, -0.7581462304631215] [-0.006773295984882472, -0.001325418934199164]
	[-0.47473367362040414, -0.47473367362040414] [-0.00613245550843211, -0.003166585430248066]
	[-0.47473367362040414, -0.47473367362040414] [-0.00613245550843211, -0.003166585430248066]
	[-0.47473367362040414, -0.47473367362040414] [-0.00613245550843211, -0.003166585430248066]
	[-0.47473367362040414, -0.47473367362040414] [-0.00613245550843211, -0.003166585430248066]
	[-0.47473367362040414, -0.47473367362040414] [-0.00613245550843211, -0.003166585430248066]
	[-0.47473367362040414, -0.47473367362040414] [-0.00613245550843211, -0.003166585430248066]
	[-0.9965348772382958, -0.9965348772382958] [-0.006894726039666158, 0.00031149107195562316]
	[-0.9965348772382958, -0.9965348772382958] [-0.006894726039666158, 0.00031149107195562316]
	[-1.5280613681325144, -1.5280613681325144] [-0.005785611648853618, 0.0037631066552262344]
	[-1.7893411318778014, -1.7893411318778014] [-0.004617174289172347, 0.005129909885501351]
	[-1.7893411318778014, -1.7893411318778014] [-0.004617174289172347, 0.005129909885501351]
	[-2.431978106061499, -2.431978106061499] [-0.0006217335315844278, 0.0068736977869020555]
	[-2.431978106061499, -2.431978106061499] [-0.0006217335315844278, 0.0068736977869020555]
	[-1.9124592054084657, -1.9124592054084657] [-0.003952234535617097, 0.005658101804088909]
	[-1.9124592054084657, -1.9124592054084657] [-0.003952234535617097, 0.005658101804088909]
	[-1.341085967176699, -1.341085967176699] [-0.006384289888173417, 0.0026220443309992523]
	[-1.341085967176699, -1.341085967176699] [-0.006384289888173417, 0.0026220443309992523]
	[-1.341085967176699, -1.341085967176699] [-0.006384289888173417, 0.0026220443309992523]
	[-1.341085967176699, -1.341085967176699] [-0.006384289888173417, 0.0026220443309992523]
	[-1.341085967176699, -1.341085967176699] [-0.006384289888173417, 0.0026220443309992523]
	[-1.146977128173813, -1.146977128173813] [-0.0067701645151630255, 0.0013413225889345396]
	[-1.146977128173813, -1.146977128173813] [-0.0067701645151630255, 0.0013413225889345396]
	[-1.146977128173813, -1.146977128173813] [-0.0067701645151630255, 0.0013413225889345396]
	[-1.146977128173813, -1.146977128173813] [-0.0067701645151630255, 0.0013413225889345396]
	[-1.146977128173813, -1.146977128173813] [-0.0067701645151630255, 0.0013413225889345396]
	[-1.773448060470338, -1.773448060470338] [-0.004698117767962104, 0.005055884026391174]
	[-1.773448060470338, -1.773448060470338] [-0.004698117767962104, 0.005055884026391174]
	[-1.773448060470338, -1.773448060470338] [-0.004698117767962104, 0.005055884026391174]
	[-1.773448060470338, -1.773448060470338] [-0.004698117767962104, 0.005055884026391174]
	[-1.1384570209973606, -1.1384570209973606] [-0.006781346859942112, 0.0012835920750425011]
	[-1.1419346251329252, -1.1419346251329252] [-0.006776842037981513, 0.001307167105692771]
	[-1.1419346251329252, -1.1419346251329252] [-0.006776842037981513, 0.001307167105692771]
	[-1.1419346251329252, -1.1419346251329252] [-0.006776842037981513, 0.001307167105692771]
	[-1.339783410606047, -1.339783410606047] [-0.0063876998323160105, 0.00261372621025781]
	[-1.339783410606047, -1.339783410606047] [-0.0063876998323160105, 0.00261372621025781]
	[-1.037865854978538, -1.037865854978538] [-0.0068759673555449366, 0.0005961097008429122]
	[-0.3630654317938369, -0.3630654317938369] [-0.005741387404362113, -0.0038302407917767695]
	[-0.3630654317938369, -0.3630654317938369] [-0.005741387404362113, -0.0038302407917767695]
	[-0.8811865830821559, -0.8811865830821559] [-0.006884759260499892, -0.0004841113249239593]
	[-0.5343453463158834, -0.5343453463158834] [-0.00631021641250414, -0.002795611324437294]
	[-0.5068226736135208, -0.5068226736135208] [-0.0062308935948792565, -0.0029682046525216733]
	[-0.5068226736135208, -0.5068226736135208] [-0.0062308935948792565, -0.0029682046525216733]
	[-0.5068226736135208, -0.5068226736135208] [-0.0062308935948792565, -0.0029682046525216733]
	[-0.5068226736135208, -0.5068226736135208] [-0.0062308935948792565, -0.0029682046525216733]
	[-0.5068226736135208, -0.5068226736135208] [-0.0062308935948792565, -0.0029682046525216733]
