source:
	0.6373464718760224,0.20406400528577884
target:
	0.7620030098138287,0.7728858764002121
points:
	[0.07887840383997596, 0.07887840383997596] [0.0007944769543326066, 0.0057687575542668505]
	[0.07887840383997596, 0.07887840383997596] [0.0007944769543326066, 0.0057687575542668505]
	[0.6098911216459522, 0.6098911216459522] [-0.002236265170515057, 0.005376697447134044]
	[1.0010045130772531, 1.0010045130772531] [-0.004117087686571421, 0.004118172693314166]
	[1.0010045130772531, 1.0010045130772531] [-0.004117087686571421, 0.004118172693314166]
	[1.454941250395191, 1.454941250395191] [-0.0055059885571886345, 0.0018957445394842318]
	[1.7092356596395593, 1.7092356596395593] [-0.0058058200454177466, 0.00044967871986781023]
	[1.0283553633702733, 1.0283553633702733] [-0.004228169331858476, 0.004004040640653878]
	[0.4476804012837863, 0.4476804012837863] [-0.0013385707192909288, 0.005667273222664797]
	[0.4476804012837863, 0.4476804012837863] [-0.0013385707192909288, 0.005667273222664797]
	[0.4476804012837863, 0.4476804012837863] [-0.0013385707192909288, 0.005667273222664797]
	[0.4476804012837863, 0.4476804012837863] [-0.0013385707192909288, 0.005667273222664797]
	[0.7299706391244439, 0.7299706391244439] [-0.0028642428629465405, 0.005070095676901598]
	[0.8022919180705521, 0.8022919180705521] [-0.0032231118517808584, 0.004849877043986398]
	[0.8022919180705521, 0.8022919180705521] [-0.0032231118517808584, 0.004849877043986398]
	[0.5550843769258134, 0.5550843769258134] [-0.0019383756063439375, 0.0054911253272537175]
	[1.2085327802785422, 1.2085327802785422] [-0.004877263948824169, 0.0031815175191057107]
	[0.6259301401186735, 0.6259301401186735] [-0.002322210789260266, 0.005340139923365275]
	[0.6259301401186735, 0.6259301401186735] [-0.002322210789260266, 0.005340139923365275]
	[0.9376020130622575, 0.9376020130622575] [-0.0038478878190841147, 0.004370756991943223]
	[0.9376020130622575, 0.9376020130622575] [-0.0038478878190841147, 0.004370756991943223]
	[0.9376020130622575, 0.9376020130622575] [-0.0038478878190841147, 0.004370756991943223]
	[1.3011500962002829, 1.3011500962002829] [-0.0051506029173136545, 0.0027168082264003375]
	[1.3011500962002829, 1.3011500962002829] [-0.0051506029173136545, 0.0027168082264003375]
	[1.9652429613687334, 1.9652429613687334] [-0.005730468574268836, -0.0010351266928225568]
	[1.3174597451146428, 1.3174597451146428] [-0.005194226114255319, 0.0026324460915400642]
	[1.3174597451146428, 1.3174597451146428] [-0.005194226114255319, 0.0026324460915400642]
	[1.335754148027054, 1.335754148027054] [-0.005241513266388796, 0.0025369856186322243]
	[1.2807279789629902, 1.2807279789629902] [-0.005094049772475677, 0.002821420611397204]
	[0.7511187100409342, 0.7511187100409342] [-0.0029708171342426987, 0.005008393245918942]
	[1.2587204088563975, 1.2587204088563975] [-0.0050307286139235205, 0.0029328359933565346]
	[1.8140804710869824, 1.8140804710869824] [-0.0058209993695127575, -0.0001603860686236556]
	[1.8096148468865054, 1.8096148468865054] [-0.0058216575505370535, -0.00013439016017319425]
	[1.7004154488549421, 1.7004154488549421] [-0.005801628002082166, 0.0005008691209613352]
	[1.7004154488549421, 1.7004154488549421] [-0.005801628002082166, 0.0005008691209613352]
	[2.270569652618259, 2.270569652618259] [-0.005154263493502411, -0.0027098570424331976]
	[2.500566704153968, 2.500566704153968] [-0.0044007579010636, -0.0038135399889214186]
	[2.2166866608479907, 2.2166866608479907] [-0.0052927274779255564, -0.0024283313602736054]
	[2.0454836075350493, 2.0454836075350493] [-0.005629060350707668, -0.0014911193510136426]
	[1.8876916948036182, 1.8876916948036182] [-0.005793440064862603, -0.0005880557505213836]
	[2.4426673307664664, 2.4426673307664664] [-0.00461406177830891, -0.003552490852461874]
	[1.8422059556666626, 1.8422059556666626] [-0.005814186850018332, -0.0003240194808192782]
	[1.5361197414632326, 1.5361197414632326] [-0.005641581142068349, 0.0014430244517454505]
	[1.5361197414632326, 1.5361197414632326] [-0.005641581142068349, 0.0014430244517454505]
	[1.5361197414632326, 1.5361197414632326] [-0.005641581142068349, 0.0014430244517454505]
	[1.2730844770290892, 1.2730844770290892] [-0.005072335644142417, 0.002860274193856036]
	[1.2730844770290892, 1.2730844770290892] [-0.005072335644142417, 0.002860274193856036]
	[1.2730844770290892, 1.2730844770290892] [-0.005072335644142417, 0.002860274193856036]
	[1.0021989724132638, 1.0021989724132638] [-0.004122003738230274, 0.00411325206289283]
	[1.156689534818177, 1.156689534818177] [-0.004705844733626851, 0.003429982899938847]
	[1.5902045480184932, 1.5902045480184932] [-0.005711339526169095, 0.0011359393327528813]
	[1.3664477790043665, 1.3664477790043665] [-0.005316901522247028, 0.00237493485249674]
	[1.3664477790043665, 1.3664477790043665] [-0.005316901522247028, 0.00237493485249674]
