source:
	0.9751085158422199,0.5303612295134994
target:
	0.40055336313524526,0.8040517729336104
points:
	[0, 0] [-0.005745551527069747, 0.00273690543420111]
	[0, 0] [-0.005745551527069747, 0.00273690543420111]
	[0.09844806217748672, 0.09844806217748672] [-0.00544872299887391, 0.0032883782306048015]
	[0.4514911783343072, 0.4514911783343072] [-0.003975699717912461, 0.004969489456570347]
	[0.4514911783343072, 0.4514911783343072] [-0.003975699717912461, 0.004969489456570347]
	[1.1004134847129743, 1.1004134847129743] [-0.00016437904741008997, 0.0063619960102742614]
	[0.9102220122591805, 0.9102220122591805] [-0.001364130713419654, 0.006216201501132203]
	[0.9102220122591805, 0.9102220122591805] [-0.001364130713419654, 0.006216201501132203]
	[0.9102220122591805, 0.9102220122591805] [-0.001364130713419654, 0.006216201501132203]
	[1.2213852214811247, 1.2213852214811247] [0.0006045682129352918, 0.006335338268938865]
	[0.5383833737921524, 0.5383833737921524] [-0.003529433712953829, 0.005295763530581594]
	[0.16578641169002356, 0.16578641169002356] [-0.00521510752259798, 0.003647556337291451]
	[0.42666517862179865, 0.42666517862179865] [-0.004097834479985168, 0.004869267530195661]
	[0.5910300414888375, 0.5910300414888375] [-0.003245868098645588, 0.005474153267142594]
	[-0.061646006118230234, -0.061646006118230234] [-0.0059032502225409835, 0.0023777406326264635]
	[-0.061646006118230234, -0.061646006118230234] [-0.0059032502225409835, 0.0023777406326264635]
	[-0.061646006118230234, -0.061646006118230234] [-0.0059032502225409835, 0.0023777406326264635]
	[0.0596293081586243, 0.0596293081586243] [-0.005572236874521384, 0.0030744413997012905]
	[0.0596293081586243, 0.0596293081586243] [-0.005572236874521384, 0.0030744413997012905]
	[0.2010291986104717, 0.2010291986104717] [-0.005083345693739066, 0.0038290482190640484]
	[-0.45224717112103335, -0.45224717112103335] [-0.006363930761461565, -4.897927415038437e-05]
	[-0.45224717112103335, -0.45224717112103335] [-0.006363930761461565, -4.897927415038437e-05]
	[-0.45224717112103335, -0.45224717112103335] [-0.006363930761461565, -4.897927415038437e-05]
	[-0.3354011781156949, -0.3354011781156949] [-0.006326246855581181, 0.0006932636065900786]
	[-1.0288795502278507, -1.0288795502278507] [-0.005308201356909228, -0.0035106996539835318]
	[-0.34381946101966243, -0.34381946101966243] [-0.006331858714532485, 0.0006399835350788902]
	[-0.7497461661323026, -0.7497461661323026] [-0.006070022523032844, -0.0019122866615251617]
	[-1.103038957297057, -1.103038957297057] [-0.00503349867485771, -0.0038943426654801127]
	[-1.6173225234485482, -1.6173225234485482] [-0.0024667214696226934, -0.005866625852845529]
	[-1.6892838904884853, -1.6892838904884853] [-0.002038531196095465, -0.0060287979123966875]
	[-2.1960485454722254, -2.1960485454722254] [0.0011437562122092752, -0.006260498017969957]
	[-1.8325792631000926, -1.8325792631000926] [-0.0011566924387757275, -0.006258120828815318]
	[-1.838522130256223, -1.838522130256223] [-0.0011194810511794943, -0.00626488434705886]
	[-1.838522130256223, -1.838522130256223] [-0.0011194810511794943, -0.00626488434705886]
	[-1.838522130256223, -1.838522130256223] [-0.0011194810511794943, -0.00626488434705886]
	[-1.838522130256223, -1.838522130256223] [-0.0011194810511794943, -0.00626488434705886]
	[-1.8567287006504063, -1.8567287006504063] [-0.0010052397575128066, -0.006284226820849855]
	[-1.2403104533262357, -1.2403104533262357] [-0.0044532438953124994, -0.004546496729882803]
	[-1.2403104533262357, -1.2403104533262357] [-0.0044532438953124994, -0.004546496729882803]
	[-1.2403104533262357, -1.2403104533262357] [-0.0044532438953124994, -0.004546496729882803]
	[-1.5759443555050712, -1.5759443555050712] [-0.002707291033705015, -0.00575956499787905]
	[-2.246103947353559, -2.246103947353559] [0.001455564545609814, -0.006195429408809107]
	[-2.313103341067044, -2.313103341067044] [0.001867078345009856, -0.006084080222972764]
	[-1.8311147121919162, -1.8311147121919162] [-0.0011658565315425782, -0.006256420082909441]
	[-1.8311147121919162, -1.8311147121919162] [-0.0011658565315425782, -0.006256420082909441]
	[-1.586553580561512, -1.586553580561512] [-0.0026460352996549846, -0.005787962586174243]
	[-1.586553580561512, -1.586553580561512] [-0.0026460352996549846, -0.005787962586174243]
	[-2.153532048659907, -2.153532048659907] [0.0008766283515781865, -0.006303454325937674]
	[-1.6578121324871913, -1.6578121324871913] [-0.002227227274835677, -0.005961666912215165]
	[-1.6578121324871913, -1.6578121324871913] [-0.002227227274835677, -0.005961666912215165]
	[-2.292088913664751, -2.292088913664751] [0.0017388220513154945, -0.0061219695833801754]
	[-1.8987256076591665, -1.8987256076591665] [-0.0007405128811475537, -0.006320890315361248]
	[-2.12584962044185, -2.12584962044185] [0.0007018198491385118, -0.0063253033607352195]
	[-2.270701834293215, -2.270701834293215] [0.0016075033234904089, -0.006157755010630121]
	[-2.087387151156312, -2.087387151156312] [0.00045807398466701283, -0.006347612301530739]
	[-2.256380867136521, -2.256380867136521] [0.0015191564918136298, -0.006180143789537066]
	[-1.937017570281274, -1.937017570281274] [-0.000497989899246599, -0.00634460556427438]
