source:
	0.5892600235640649,0.5386738301090845
target:
	0.2468609811107425,0.890692583002021
points:
	[0, 0] [-0.003423990424533225, 0.0035201875289293644]
	[-0.6207808474496974, -0.6207808474496974] [-0.004832746962995594, 0.0008717725952230377]
	[-0.6207808474496974, -0.6207808474496974] [-0.004832746962995594, 0.0008717725952230377]
	[-0.6527003116737866, -0.6527003116737866] [-0.0048581070338093, 0.0007170960285607789]
	[-0.6527003116737866, -0.6527003116737866] [-0.0048581070338093, 0.0007170960285607789]
	[-0.6527003116737866, -0.6527003116737866] [-0.0048581070338093, 0.0007170960285607789]
	[-0.6527003116737866, -0.6527003116737866] [-0.0048581070338093, 0.0007170960285607789]
	[-0.6527003116737866, -0.6527003116737866] [-0.0048581070338093, 0.0007170960285607789]
	[-0.0648906230855586, -0.0648906230855586] [-0.003645050982330998, 0.0032907497629465644]
	[-0.05539325387865659, -0.05539325387865659] [-0.003613633596103074, 0.003325219225741396]
	[-0.05539325387865659, -0.05539325387865659] [-0.003613633596103074, 0.003325219225741396]
	[-0.05539325387865659, -0.05539325387865659] [-0.003613633596103074, 0.003325219225741396]
	[0.06566344922575343, 0.06566344922575343] [-0.003185629901472795, 0.0037372707684843317]
	[0.483549371545711, 0.483549371545711] [-0.0013948094456167257, 0.004708496286134608]
	[0.26900706938368324, 0.26900706938368324] [-0.0023652719788577682, 0.004303593746179499]
	[0.6081494300128198, 0.6081494300128198] [-0.0007988340745657392, 0.004845337427614071]
	[1.044466136803267, 1.044466136803267] [0.0013236647374420013, 0.00472898956744225]
	[0.4427447990512794, 0.4427447990512794] [-0.001585723285194694, 0.004647678165376383]
	[0.22483152512781995, 0.22483152512781995] [-0.002553016233448468, 0.004194942047022061]
	[0.20526809592498602, 0.20526809592498602] [-0.0026345899108670494, 0.0041441967457738526]
	[0.20526809592498602, 0.20526809592498602] [-0.0026345899108670494, 0.0041441967457738526]
	[0.20526809592498602, 0.20526809592498602] [-0.0026345899108670494, 0.0041441967457738526]
	[0.20526809592498602, 0.20526809592498602] [-0.0026345899108670494, 0.0041441967457738526]
	[0.8782694022611617, 0.8782694022611617] [0.0005230965862711058, 0.004882806634258268]
	[0.8678938700797216, 0.8678938700797216] [0.0004724076220090034, 0.004887971123563726]
	[1.2854379284654995, 1.2854379284654995] [0.0024139760379195078, 0.004276464702821183]
	[1.2854379284654995, 1.2854379284654995] [0.0024139760379195078, 0.004276464702821183]
	[1.2010373849112583, 1.2010373849112583] [0.002044875639984952, 0.004464741233612668]
	[1.2010373849112583, 1.2010373849112583] [0.002044875639984952, 0.004464741233612668]
	[1.1891803597039248, 1.1891803597039248] [0.001991794589180663, 0.004488672964322047]
	[1.8567367105439123, 1.8567367105439123] [0.004343026740795146, 0.0022920622580687726]
	[1.4386076280587368, 1.4386076280587368] [0.0030381808281197092, 0.0038580938197211945]
	[0.994530451317192, 0.994530451317192] [0.0010859675462154385, 0.00478916539228829]
	[0.8965413905478014, 0.8965413905478014] [0.0006122228879421191, 0.004872434073602725]
	[0.42324303844350136, 0.42324303844350136] [-0.0016760539165262384, 0.0046158719582568685]
	[0.6186465088862291, 0.6186465088862291] [-0.0007479291086559838, 0.004853455749726179]
	[0.6186465088862291, 0.6186465088862291] [-0.0007479291086559838, 0.004853455749726179]
	[0.2352357394372031, 0.2352357394372031] [-0.0025092337669947507, 0.004221276651523609]
	[0.2352357394372031, 0.2352357394372031] [-0.0025092337669947507, 0.004221276651523609]
	[0.2352357394372031, 0.2352357394372031] [-0.0025092337669947507, 0.004221276651523609]
	[0.2352357394372031, 0.2352357394372031] [-0.0025092337669947507, 0.004221276651523609]
