source:
	0.09128477880831554,0.2983432131635875
target:
	0.4400514162382577,0.6277925122939156
points:
	[0.5195548474112405, 0.5195548474112405] [0.001391739632692218, 0.0045913572724151025]
	[0.5195548474112405, 0.5195548474112405] [0.001391739632692218, 0.0045913572724151025]
	[0.3539981547040238, 0.3539981547040238] [0.0021293723270201293, 0.004299217870855838]
	[0.3539981547040238, 0.3539981547040238] [0.0021293723270201293, 0.004299217870855838]
	[0.3610990364600822, 0.3610990364600822] [0.002098790661891167, 0.0043142297766488695]
	[0.3610990364600822, 0.3610990364600822] [0.002098790661891167, 0.0043142297766488695]
	[0.3610990364600822, 0.3610990364600822] [0.002098790661891167, 0.0043142297766488695]
	[0.6669590645749395, 0.6669590645749395] [0.0007023099085615613, 0.004745973198460098]
	[0.10983625626804305, 0.10983625626804305] [0.0031055222607967903, 0.0036569430260616465]
	[0.10983625626804305, 0.10983625626804305] [0.0031055222607967903, 0.0036569430260616465]
	[-0.30371051099024793, -0.30371051099024793] [0.004313308482401125, 0.0021006833992326937]
	[-0.30371051099024793, -0.30371051099024793] [0.004313308482401125, 0.0021006833992326937]
	[-0.2669471174074856, -0.2669471174074856] [0.004233183135372774, 0.0022578001130660005]
	[0.31119256143790236, 0.31119256143790236] [0.0023113961566378362, 0.004204158490738088]
	[0.31119256143790236, 0.31119256143790236] [0.0023113961566378362, 0.004204158490738088]
	[0.31119256143790236, 0.31119256143790236] [0.0023113961566378362, 0.004204158490738088]
	[0.07132446762366679, 0.07132446762366679] [0.0032440201615015884, 0.0035346617942791252]
	[0.07132446762366679, 0.07132446762366679] [0.0032440201615015884, 0.0035346617942791252]
	[0.07132446762366679, 0.07132446762366679] [0.0032440201615015884, 0.0035346617942791252]
	[0.07132446762366679, 0.07132446762366679] [0.0032440201615015884, 0.0035346617942791252]
	[0.07132446762366679, 0.07132446762366679] [0.0032440201615015884, 0.0035346617942791252]
	[0.5784203475822283, 0.5784203475822283] [0.0011192125572924774, 0.004665282848848948]
	[0.5784203475822283, 0.5784203475822283] [0.0011192125572924774, 0.004665282848848948]
	[0.5784203475822283, 0.5784203475822283] [0.0011192125572924774, 0.004665282848848948]
	[0.5784203475822283, 0.5784203475822283] [0.0011192125572924774, 0.004665282848848948]
	[1.0132705662557744, 1.0132705662557744] [-0.0009503140283254141, 0.0047025954595024694]
	[1.0132705662557744, 1.0132705662557744] [-0.0009503140283254141, 0.0047025954595024694]
	[0.9571558525656461, 0.9571558525656461] [-0.0006850718872766147, 0.004748492109862727]
	[0.9571558525656461, 0.9571558525656461] [-0.0006850718872766147, 0.004748492109862727]
	[0.4415800904539796, 0.4415800904539796] [0.001745158134338883, 0.004468995848545414]
	[0.4415800904539796, 0.4415800904539796] [0.001745158134338883, 0.004468995848545414]
	[0.4415800904539796, 0.4415800904539796] [0.001745158134338883, 0.004468995848545414]
	[0.4415800904539796, 0.4415800904539796] [0.001745158134338883, 0.004468995848545414]
	[0.30589908004151867, 0.30589908004151867] [0.002333618303786491, 0.0041918643132141074]
	[0.30589908004151867, 0.30589908004151867] [0.002333618303786491, 0.0041918643132141074]
	[0.30589908004151867, 0.30589908004151867] [0.002333618303786491, 0.0041918643132141074]
	[0.30589908004151867, 0.30589908004151867] [0.002333618303786491, 0.0041918643132141074]
	[0.30589908004151867, 0.30589908004151867] [0.002333618303786491, 0.0041918643132141074]
	[0.6973464303988057, 0.6973464303988057] [0.0005577902499392235, 0.00476512023407994]
