source:
	0.23405279617981645,0.599594219062613
target:
	0.8621047714283698,0.49873157014638325
points:
	[-0.5443762602818099, -0.5443762602818099] [0.0058950257906303935, 0.002389754523754128]
	[-0.5443762602818099, -0.5443762602818099] [0.0058950257906303935, 0.002389754523754128]
	[-1.0568718464153577, -1.0568718464153577] [0.003965828473403687, 0.004973375139233054]
	[-1.0568718464153577, -1.0568718464153577] [0.003965828473403687, 0.004973375139233054]
	[-1.2673638300087178, -1.2673638300087178] [0.0028391534268216723, 0.005692228348807484]
	[-1.2673638300087178, -1.2673638300087178] [0.0028391534268216723, 0.005692228348807484]
	[-1.2673638300087178, -1.2673638300087178] [0.0028391534268216723, 0.005692228348807484]
	[-1.0539826846817868, -1.0539826846817868] [0.003980180786672235, 0.004961896478304038]
	[-1.0539826846817868, -1.0539826846817868] [0.003980180786672235, 0.004961896478304038]
	[-0.7467516948460264, -0.7467516948460264] [0.005294386302647641, 0.0035258657708905857]
	[-0.7467516948460264, -0.7467516948460264] [0.005294386302647641, 0.0035258657708905857]
	[-0.9586945052547531, -0.9586945052547531] [0.0044342196586275775, 0.0045606964133826705]
	[-1.371359953974141, -1.371359953974141] [0.0022329110443113933, 0.005956203826615828]
	[-1.371359953974141, -1.371359953974141] [0.0022329110443113933, 0.005956203826615828]
	[-1.371359953974141, -1.371359953974141] [0.0022329110443113933, 0.005956203826615828]
	[-1.371359953974141, -1.371359953974141] [0.0022329110443113933, 0.005956203826615828]
	[-1.371359953974141, -1.371359953974141] [0.0022329110443113933, 0.005956203826615828]
	[-1.371359953974141, -1.371359953974141] [0.0022329110443113933, 0.005956203826615828]
	[-2.042859040881284, -2.042859040881284] [-0.0019575901480796834, 0.006052280278386171]
	[-2.042859040881284, -2.042859040881284] [-0.0019575901480796834, 0.006052280278386171]
	[-2.210639075901727, -2.210639075901727] [-0.0029407958176516096, 0.0056403879046465965]
	[-2.210639075901727, -2.210639075901727] [-0.0029407958176516096, 0.0056403879046465965]
	[-2.210639075901727, -2.210639075901727] [-0.0029407958176516096, 0.0056403879046465965]
	[-2.210639075901727, -2.210639075901727] [-0.0029407958176516096, 0.0056403879046465965]
	[-2.210639075901727, -2.210639075901727] [-0.0029407958176516096, 0.0056403879046465965]
	[-2.210639075901727, -2.210639075901727] [-0.0029407958176516096, 0.0056403879046465965]
	[-2.7673695195922665, -2.7673695195922665] [-0.005477153875993227, 0.0032346624514303186]
	[-2.7673695195922665, -2.7673695195922665] [-0.005477153875993227, 0.0032346624514303186]
	[-2.7673695195922665, -2.7673695195922665] [-0.005477153875993227, 0.0032346624514303186]
	[-2.745444318271615, -2.745444318271615] [-0.005404922511721498, 0.0033539630883906565]
	[-2.710749921752628, -2.710749921752628] [-0.005285329500107638, 0.003539427613512215]
	[-2.710749921752628, -2.710749921752628] [-0.005285329500107638, 0.003539427613512215]
	[-2.0398756818518464, -2.0398756818518464] [-0.0019395253381553554, 0.0060580935300351855]
	[-2.0398756818518464, -2.0398756818518464] [-0.0019395253381553554, 0.0060580935300351855]
	[-2.0398756818518464, -2.0398756818518464] [-0.0019395253381553554, 0.0060580935300351855]
	[-2.0398756818518464, -2.0398756818518464] [-0.0019395253381553554, 0.0060580935300351855]
	[-2.0398756818518464, -2.0398756818518464] [-0.0019395253381553554, 0.0060580935300351855]
	[-2.060601058594456, -2.060601058594456] [-0.002064656082350828, 0.006016597960443473]
	[-2.060601058594456, -2.060601058594456] [-0.002064656082350828, 0.006016597960443473]
	[-2.060601058594456, -2.060601058594456] [-0.002064656082350828, 0.006016597960443473]
	[-1.5457609576928502, -1.5457609576928502] [0.0011655291230422665, 0.006253302936795974]
	[-1.5457609576928502, -1.5457609576928502] [0.0011655291230422665, 0.006253302936795974]
	[-1.5457609576928502, -1.5457609576928502] [0.0011655291230422665, 0.006253302936795974]
	[-1.5457609576928502, -1.5457609576928502] [0.0011655291230422665, 0.006253302936795974]
	[-1.4948833346161747, -1.4948833346161747] [0.0014820368926434034, 0.006185937471785882]
	[-1.4948833346161747, -1.4948833346161747] [0.0014820368926434034, 0.006185937471785882]
	[-1.4948833346161747, -1.4948833346161747] [0.0014820368926434034, 0.006185937471785882]
	[-1.4948833346161747, -1.4948833346161747] [0.0014820368926434034, 0.006185937471785882]
	[-1.139471571963893, -1.139471571963893] [0.003541974852576411, 0.005283622800665954]
	[-1.139471571963893, -1.139471571963893] [0.003541974852576411, 0.005283622800665954]
	[-1.3658261118388453, -1.3658261118388453] [0.0022658373781990764, 0.0059437561130615685]
	[-1.4719245494303776, -1.4719245494303776] [0.001623655447846701, 0.006150284444046352]
	[-1.4719245494303776, -1.4719245494303776] [0.001623655447846701, 0.006150284444046352]
	[-1.4719245494303776, -1.4719245494303776] [0.001623655447846701, 0.006150284444046352]
	[-1.4719245494303776, -1.4719245494303776] [0.001623655447846701, 0.006150284444046352]
	[-1.8680213308245088, -1.8680213308245088] [-0.0008749622480612948, 0.006300531471270368]
	[-1.4399569172328213, -1.4399569172328213] [0.0018194024335861489, 0.006095246552901829]
	[-1.4399569172328213, -1.4399569172328213] [0.0018194024335861489, 0.006095246552901829]
	[-1.1683693564662583, -1.1683693564662583] [0.0033878322926341685, 0.005383757805936847]
	[-1.1683693564662583, -1.1683693564662583] [0.0033878322926341685, 0.005383757805936847]
	[-1.298291170422524, -1.298291170422524] [0.0026617782887719417, 0.005777299723696456]
	[-1.298291170422524, -1.298291170422524] [0.0026617782887719417, 0.005777299723696456]
	[-1.298291170422524, -1.298291170422524] [0.0026617782887719417, 0.005777299723696456]
