source:
	0.10248573623553792,0.9593691851337688
target:
	0.435486849955237,0.3356193839440401
points:
	[0, 0] [0.0033300111371969907, -0.006237498011897287]
	[0, 0] [0.0033300111371969907, -0.006237498011897287]
	[0, 0] [0.0033300111371969907, -0.006237498011897287]
	[0, 0] [0.0033300111371969907, -0.006237498011897287]
	[0, 0] [0.0033300111371969907, -0.006237498011897287]
	[-0.6754642170188822, -0.6754642170188822] [0.00649885249471342, -0.002785726453590833]
	[-0.3551150018458756, -0.3551150018458756] [0.005291006911465661, -0.004690479877912408]
	[-0.3551150018458756, -0.3551150018458756] [0.005291006911465661, -0.004690479877912408]
	[-0.3551150018458756, -0.3551150018458756] [0.005291006911465661, -0.004690479877912408]
	[-0.3551150018458756, -0.3551150018458756] [0.005291006911465661, -0.004690479877912408]
	[-0.3551150018458756, -0.3551150018458756] [0.005291006911465661, -0.004690479877912408]
	[-0.3551150018458756, -0.3551150018458756] [0.005291006911465661, -0.004690479877912408]
	[-0.6205317133664128, -0.6205317133664128] [0.006336099578298048, -0.003138343154623135]
	[-0.6205317133664128, -0.6205317133664128] [0.006336099578298048, -0.003138343154623135]
	[-0.6205317133664128, -0.6205317133664128] [0.006336099578298048, -0.003138343154623135]
	[-0.8549158772495612, -0.8549158772495612] [0.006891716560409868, -0.0015810118510786013]
	[-0.8549158772495612, -0.8549158772495612] [0.006891716560409868, -0.0015810118510786013]
	[-0.8549158772495612, -0.8549158772495612] [0.006891716560409868, -0.0015810118510786013]
	[-0.19756820429673627, -0.19756820429673627] [0.0044895617156940895, -0.005462526084445964]
	[-0.19756820429673627, -0.19756820429673627] [0.0044895617156940895, -0.005462526084445964]
	[0.18416660146922198, 0.18416660146922198] [0.0021314418977725355, -0.006741832915364961]
	[-0.06892844569362405, -0.06892844569362405] [0.003751704282634785, -0.0059933355152150805]
	[-0.06892844569362405, -0.06892844569362405] [0.003751704282634785, -0.0059933355152150805]
	[-0.06892844569362405, -0.06892844569362405] [0.003751704282634785, -0.0059933355152150805]
	[-0.5098253925898989, -0.5098253925898989] [0.005950586776875841, -0.0038191455370473882]
	[-0.5098253925898989, -0.5098253925898989] [0.005950586776875841, -0.0038191455370473882]
	[-0.5098253925898989, -0.5098253925898989] [0.005950586776875841, -0.0038191455370473882]
	[-0.5098253925898989, -0.5098253925898989] [0.005950586776875841, -0.0038191455370473882]
	[-1.028570134540212, -1.028570134540212] [0.007061236453377434, -0.00036646332936907995]
	[-1.028570134540212, -1.028570134540212] [0.007061236453377434, -0.00036646332936907995]
	[-1.028570134540212, -1.028570134540212] [0.007061236453377434, -0.00036646332936907995]
	[-1.028570134540212, -1.028570134540212] [0.007061236453377434, -0.00036646332936907995]
	[-1.028570134540212, -1.028570134540212] [0.007061236453377434, -0.00036646332936907995]
	[-0.791892009234409, -0.791892009234409] [0.006778458581221986, -0.0020119281510373615]
	[-0.791892009234409, -0.791892009234409] [0.006778458581221986, -0.0020119281510373615]
	[-0.791892009234409, -0.791892009234409] [0.006778458581221986, -0.0020119281510373615]
	[-0.791892009234409, -0.791892009234409] [0.006778458581221986, -0.0020119281510373615]
	[-0.791892009234409, -0.791892009234409] [0.006778458581221986, -0.0020119281510373615]
	[-0.35391261006447555, -0.35391261006447555] [0.005285363293643023, -0.004696838348984302]
	[-0.35391261006447555, -0.35391261006447555] [0.005285363293643023, -0.004696838348984302]
	[-0.35391261006447555, -0.35391261006447555] [0.005285363293643023, -0.004696838348984302]
	[-0.35391261006447555, -0.35391261006447555] [0.005285363293643023, -0.004696838348984302]
	[-0.35391261006447555, -0.35391261006447555] [0.005285363293643023, -0.004696838348984302]
	[-0.35391261006447555, -0.35391261006447555] [0.005285363293643023, -0.004696838348984302]
	[-0.35391261006447555, -0.35391261006447555] [0.005285363293643023, -0.004696838348984302]
	[-0.35391261006447555, -0.35391261006447555] [0.005285363293643023, -0.004696838348984302]
	[-0.35391261006447555, -0.35391261006447555] [0.005285363293643023, -0.004696838348984302]
	[-0.918289045485462, -0.918289045485462] [0.0069780087564431485, -0.0011413804875155997]
	[-1.1509077305763127, -1.1509077305763127] [0.007053181867118515, 0.0004979770794215135]
	[-1.1509077305763127, -1.1509077305763127] [0.007053181867118515, 0.0004979770794215135]
	[-1.1509077305763127, -1.1509077305763127] [0.007053181867118515, 0.0004979770794215135]
	[-1.1509077305763127, -1.1509077305763127] [0.007053181867118515, 0.0004979770794215135]
	[-1.1509077305763127, -1.1509077305763127] [0.007053181867118515, 0.0004979770794215135]
	[-1.1509077305763127, -1.1509077305763127] [0.007053181867118515, 0.0004979770794215135]
	[-1.1509077305763127, -1.1509077305763127] [0.007053181867118515, 0.0004979770794215135]
	[-1.1509077305763127, -1.1509077305763127] [0.007053181867118515, 0.0004979770794215135]
	[-1.1509077305763127, -1.1509077305763127] [0.007053181867118515, 0.0004979770794215135]
	[-1.1509077305763127, -1.1509077305763127] [0.007053181867118515, 0.0004979770794215135]
