source:
	0.672963674861499,0.5454896945777095
target:
	0.2548309145485985,0.21596058390716144
points:
	[0, 0] [-0.0041813276031290045, -0.00329529110670548]
	[0.20038663822057926, 0.20038663822057926] [-0.003441736028980808, -0.0040616372449341406]
	[-0.45344252518540684, -0.45344252518540684] [-0.005202325316479778, -0.0011305995330506578]
	[-0.45344252518540684, -0.45344252518540684] [-0.005202325316479778, -0.0011305995330506578]
	[0.10234860046374705, 0.10234860046374705] [-0.003822766603697807, -0.0037052529598225158]
	[0.23695593642874002, 0.23695593642874002] [-0.0032909368249200007, -0.004184755526551849]
	[0.23695593642874002, 0.23695593642874002] [-0.0032909368249200007, -0.004184755526551849]
	[-0.1866661281066873, -0.1866661281066873] [-0.004720244508806737, -0.002462059255927979]
	[-0.1866661281066873, -0.1866661281066873] [-0.004720244508806737, -0.002462059255927979]
	[-0.1866661281066873, -0.1866661281066873] [-0.004720244508806737, -0.002462059255927979]
	[-0.7230710272370409, -0.7230710272370409] [-0.0053155265051608, 0.00029601009366879265]
	[-0.7230710272370409, -0.7230710272370409] [-0.0053155265051608, 0.00029601009366879265]
	[-0.7230710272370409, -0.7230710272370409] [-0.0053155265051608, 0.00029601009366879265]
	[-0.7230710272370409, -0.7230710272370409] [-0.0053155265051608, 0.00029601009366879265]
	[-0.7230710272370409, -0.7230710272370409] [-0.0053155265051608, 0.00029601009366879265]
	[-0.7230710272370409, -0.7230710272370409] [-0.0053155265051608, 0.00029601009366879265]
	[-0.6294574932557166, -0.6294574932557166] [-0.00531992231313187, -0.0002021647468339365]
	[-0.6294574932557166, -0.6294574932557166] [-0.00531992231313187, -0.0002021647468339365]
	[-0.6294574932557166, -0.6294574932557166] [-0.00531992231313187, -0.0002021647468339365]
	[-0.6324187410288574, -0.6324187410288574] [-0.005320497647011888, -0.00018641027536524084]
	[-0.6324187410288574, -0.6324187410288574] [-0.005320497647011888, -0.00018641027536524084]
	[-0.6324187410288574, -0.6324187410288574] [-0.005320497647011888, -0.00018641027536524084]
	[-0.6324187410288574, -0.6324187410288574] [-0.005320497647011888, -0.00018641027536524084]
	[-0.6324187410288574, -0.6324187410288574] [-0.005320497647011888, -0.00018641027536524084]
	[-1.2554861316486692, -1.2554861316486692] [-0.004429511321545828, 0.002953281810955079]
	[-1.2554861316486692, -1.2554861316486692] [-0.004429511321545828, 0.002953281810955079]
	[-1.2554861316486692, -1.2554861316486692] [-0.004429511321545828, 0.002953281810955079]
	[-1.2857921834880017, -1.2857921834880017] [-0.004337988708262426, 0.003086146135491394]
	[-1.2857921834880017, -1.2857921834880017] [-0.004337988708262426, 0.003086146135491394]
	[-1.2857921834880017, -1.2857921834880017] [-0.004337988708262426, 0.003086146135491394]
	[-1.2250416817908463, -1.2250416817908463] [-0.004517355853064328, 0.0028170800662044087]
	[-1.2250416817908463, -1.2250416817908463] [-0.004517355853064328, 0.0028170800662044087]
	[-0.8978877311537397, -0.8978877311537397] [-0.005183025229695233, 0.001216015407370914]
	[-0.8978877311537397, -0.8978877311537397] [-0.005183025229695233, 0.001216015407370914]
	[-0.8978877311537397, -0.8978877311537397] [-0.005183025229695233, 0.001216015407370914]
	[-0.8978877311537397, -0.8978877311537397] [-0.005183025229695233, 0.001216015407370914]
	[-0.6920423809268664, -0.6920423809268664] [-0.005322151196163391, 0.00013096048181559982]
	[-0.6920423809268664, -0.6920423809268664] [-0.005322151196163391, 0.00013096048181559982]
	[-1.2282082877498324, -1.2282082877498324] [-0.0045084126368151204, 0.002831370604288055]
	[-1.3149555135031927, -1.3149555135031927] [-0.004246154568757451, 0.0032113261093886128]
	[-1.1551779104079336, -1.1551779104079336] [-0.0047029876223627365, 0.002494865011683733]
	[-1.1551779104079336, -1.1551779104079336] [-0.0047029876223627365, 0.002494865011683733]
	[-1.1551779104079336, -1.1551779104079336] [-0.0047029876223627365, 0.002494865011683733]
	[-1.5125225624364846, -1.5125225624364846] [-0.003533221380192154, 0.003982309716882131]
	[-1.0027132267411354, -1.0027132267411354] [-0.0050273386601771145, 0.001751659213006159]
