source:
	0.07427009326057299,0.9114942906818556
target:
	0.245854335954792,0.42706025498712463
points:
	[0, 0] [0.0017158424269421901, -0.00484434035694731]
	[0, 0] [0.0017158424269421901, -0.00484434035694731]
	[0, 0] [0.0017158424269421901, -0.00484434035694731]
	[0, 0] [0.0017158424269421901, -0.00484434035694731]
	[0, 0] [0.0017158424269421901, -0.00484434035694731]
	[0, 0] [0.0017158424269421901, -0.00484434035694731]
	[0, 0] [0.0017158424269421901, -0.00484434035694731]
	[0.423520673061416, 0.423520673061416] [-0.0004266473951008972, -0.005121495946332173]
	[0.423520673061416, 0.423520673061416] [-0.0004266473951008972, -0.005121495946332173]
	[0.423520673061416, 0.423520673061416] [-0.0004266473951008972, -0.005121495946332173]
	[0.423520673061416, 0.423520673061416] [-0.0004266473951008972, -0.005121495946332173]
	[0.9900044504148415, 0.9900044504148415] [-0.003108547258994246, -0.004092515444887487]
	[1.0747501583172105, 1.0747501583172105] [-0.0034437995310455634, -0.003814707527191779]
	[1.0747501583172105, 1.0747501583172105] [-0.0034437995310455634, -0.003814707527191779]
	[0.37811861503476496, 0.37811861503476496] [-0.000193761158404511, -0.00513558227872332]
	[0.37811861503476496, 0.37811861503476496] [-0.000193761158404511, -0.00513558227872332]
	[0.37811861503476496, 0.37811861503476496] [-0.000193761158404511, -0.00513558227872332]
	[0.37811861503476496, 0.37811861503476496] [-0.000193761158404511, -0.00513558227872332]
	[0.37811861503476496, 0.37811861503476496] [-0.000193761158404511, -0.00513558227872332]
	[0.4055308859972412, 0.4055308859972412] [-0.0003344487065147568, -0.005128342109371592]
	[0.4055308859972412, 0.4055308859972412] [-0.0003344487065147568, -0.005128342109371592]
	[-0.23017275521476532, -0.23017275521476532] [0.002775806056157782, -0.004325118433828263]
	[-0.6003010343923975, -0.6003010343923975] [0.004152377941813331, -0.003028119244082926]
	[-0.09876809655283447, -0.09876809655283447] [0.0021851688274731012, -0.00465153586716077]
	[-0.2417648060857302, -0.2417648060857302] [0.0028257554279341474, -0.00429265127742098]
	[-0.2417648060857302, -0.2417648060857302] [0.0028257554279341474, -0.00429265127742098]
	[-0.6334741780654474, -0.6334741780654474] [0.004250527205539994, -0.002888731071423511]
	[-0.8296175013786912, -0.8296175013786912] [0.004732004633959918, -0.002004964057589342]
	[-0.8296175013786912, -0.8296175013786912] [0.004732004633959918, -0.002004964057589342]
	[-0.8296175013786912, -0.8296175013786912] [0.004732004633959918, -0.002004964057589342]
	[-1.5038796940333738, -1.5038796940333738] [0.0049482310504859765, 0.0013880771588963337]
	[-1.5038796940333738, -1.5038796940333738] [0.0049482310504859765, 0.0013880771588963337]
	[-1.5038796940333738, -1.5038796940333738] [0.0049482310504859765, 0.0013880771588963337]
	[-1.5038796940333738, -1.5038796940333738] [0.0049482310504859765, 0.0013880771588963337]
	[-1.5038796940333738, -1.5038796940333738] [0.0049482310504859765, 0.0013880771588963337]
	[-1.5038796940333738, -1.5038796940333738] [0.0049482310504859765, 0.0013880771588963337]
	[-1.5038796940333738, -1.5038796940333738] [0.0049482310504859765, 0.0013880771588963337]
	[-1.5038796940333738, -1.5038796940333738] [0.0049482310504859765, 0.0013880771588963337]
	[-1.5038796940333738, -1.5038796940333738] [0.0049482310504859765, 0.0013880771588963337]
	[-1.5038796940333738, -1.5038796940333738] [0.0049482310504859765, 0.0013880771588963337]
	[-1.5038796940333738, -1.5038796940333738] [0.0049482310504859765, 0.0013880771588963337]
	[-1.5309613539386566, -1.5309613539386566] [0.004908829766043456, 0.0015215581014371453]
	[-1.359203010600791, -1.359203010600791] [0.005096657309785515, 0.0006601764875040132]
	[-1.359203010600791, -1.359203010600791] [0.005096657309785515, 0.0006601764875040132]
