source:
	0.1616241273332204,0.7246213093478623
target:
	0.5476122141175105,0.9108652528926825
points:
	[0.016624062351805274, 0.016624062351805274] [0.0038283876396049184, 0.0019263460347436457]
	[0.016624062351805274, 0.016624062351805274] [0.0038283876396049184, 0.0019263460347436457]
	[-0.4547593177347432, -0.4547593177347432] [0.004285657988097959, -2.2283933773883865e-05]
	[0.23061197240139863, 0.23061197240139863] [0.003331993072916738, 0.002695400364822851]
	[0.378878851965039, 0.378878851965039] [0.0028972604050400237, 0.00315804419064072]
	[-0.1520353092847796, -0.1520353092847796] [0.00409742363609029, 0.0012563759433628582]
	[-0.3913940425307868, -0.3913940425307868] [0.004278468152184121, 0.00024914099501783485]
	[-0.907769722536927, -0.907769722536927] [0.0038436259986311117, -0.0018957584622781663]
	[-0.907769722536927, -0.907769722536927] [0.0038436259986311117, -0.0018957584622781663]
	[-1.4399311407062445, -1.4399311407062445] [0.002350197890819407, -0.0035838430265066434]
	[-0.8273121832344716, -0.8273121832344716] [0.003983555565343381, -0.0015807106068076034]
	[-1.4358471372797486, -1.4358471372797486] [0.0023648146777859222, -0.0035742149493812694]
	[-0.8577085055503132, -0.8577085055503132] [0.003933675040431732, -0.001701047218902726]
	[-1.1925462411890149, -1.1925462411890149] [0.0031562218666225067, -0.002899245504145212]
	[-0.8703571883808854, -0.8703571883808854] [0.003911844938875278, -0.001750665627368105]
	[-0.8703571883808854, -0.8703571883808854] [0.003911844938875278, -0.001750665627368105]
	[-0.8703571883808854, -0.8703571883808854] [0.003911844938875278, -0.001750665627368105]
	[-0.8703571883808854, -0.8703571883808854] [0.003911844938875278, -0.001750665627368105]
	[-0.8703571883808854, -0.8703571883808854] [0.003911844938875278, -0.001750665627368105]
	[-0.8703571883808854, -0.8703571883808854] [0.003911844938875278, -0.001750665627368105]
	[-0.8703571883808854, -0.8703571883808854] [0.003911844938875278, -0.001750665627368105]
	[-1.5012230117282608, -1.5012230117282608] [0.002126261848571194, -0.0037210712860630464]
	[-0.8213836652092105, -0.8213836652092105] [0.003992856776314847, -0.0015570663853827482]
	[-0.8213836652092105, -0.8213836652092105] [0.003992856776314847, -0.0015570663853827482]
	[-0.8213836652092105, -0.8213836652092105] [0.003992856776314847, -0.0015570663853827482]
	[-0.8213836652092105, -0.8213836652092105] [0.003992856776314847, -0.0015570663853827482]
	[-1.3106657140400775, -1.3106657140400775] [0.0027925677534271103, -0.0032509885123099638]
	[-1.5083180769983204, -1.5083180769983204] [0.0020998073086933677, -0.003736063467208527]
	[-1.9691678695047514, -1.9691678695047514] [0.00021928216020065128, -0.004280102370139063]
	[-1.9691678695047514, -1.9691678695047514] [0.00021928216020065128, -0.004280102370139063]
	[-1.9691678695047514, -1.9691678695047514] [0.00021928216020065128, -0.004280102370139063]
	[-1.30857342719294, -1.30857342719294] [0.002799363636509019, -0.0032451385479272355]
	[-1.30857342719294, -1.30857342719294] [0.002799363636509019, -0.0032451385479272355]
	[-0.6281334212184962, -0.6281334212184962] [0.004217564639618253, -0.0007612551972197251]
	[-0.6281334212184962, -0.6281334212184962] [0.004217564639618253, -0.0007612551972197251]
	[-0.6281334212184962, -0.6281334212184962] [0.004217564639618253, -0.0007612551972197251]
	[-0.6281334212184962, -0.6281334212184962] [0.004217564639618253, -0.0007612551972197251]
