source:
	0.8909451724532934,0.6936540952789273
target:
	0.5035099752778387,0.48511024430990524
points:
	[0.22796487149224554, 0.22796487149224554] [-0.0033028163089556146, -0.0029070709327489973]
	[0.17196279279716148, 0.17196279279716148] [-0.0034603553929495384, -0.0027176455863895063]
	[-0.42377551554541365, -0.42377551554541365] [-0.004389180724912736, -0.00030781413676409756]
	[-0.42377551554541365, -0.42377551554541365] [-0.004389180724912736, -0.00030781413676409756]
	[-0.39246775944070794, -0.39246775944070794] [-0.004377394421025827, -0.00044505624533229754]
	[-0.6943226198339256, -0.6943226198339256] [-0.004311789495595626, 0.0008764293037139555]
	[-0.6129360083587384, -0.6129360083587384] [-0.004368768094621172, 0.0005229936081420153]
	[-0.6129360083587384, -0.6129360083587384] [-0.004368768094621172, 0.0005229936081420153]
	[0.0034560408611946647, 0.0034560408611946647] [-0.0038671214873691653, -0.002098815947305769]
	[0.0034560408611946647, 0.0034560408611946647] [-0.0038671214873691653, -0.002098815947305769]
	[0.6233619004011363, 0.6233619004011363] [-0.0019282533347537015, -0.003954933129112115]
	[0.07596125257152231, 0.07596125257152231] [-0.0037049194009459124, -0.002373442481129866]
	[-0.45141452301468443, -0.45141452301468443] [-0.004396010945797814, -0.0001863994183551241]
	[-0.45141452301468443, -0.45141452301468443] [-0.004396010945797814, -0.0001863994183551241]
	[-0.5708074824187149, -0.5708074824187149] [-0.004386918228408827, 0.00033853424640895545]
	[-0.5708074824187149, -0.5708074824187149] [-0.004386918228408827, 0.00033853424640895545]
	[-0.8664077385539332, -0.8664077385539332] [-0.004098026597678625, 0.001601822394479448]
	[-0.5067767097989764, -0.5067767097989764] [-0.004399590050414241, 5.713463952223294e-05]
	[-0.196991355567107, -0.196991355567107] [-0.0042075830210624885, -0.0012868185962302448]
	[0.20868104969212914, 0.20868104969212914] [-0.0033582581892598034, -0.002842843455592794]
	[-0.11015589406829407, -0.11015589406829407] [-0.004080128452218021, -0.0016468784995069578]
	[-0.11015589406829407, -0.11015589406829407] [-0.004080128452218021, -0.0016468784995069578]
	[-0.11015589406829407, -0.11015589406829407] [-0.004080128452218021, -0.0016468784995069578]
	[-0.11015589406829407, -0.11015589406829407] [-0.004080128452218021, -0.0016468784995069578]
	[0.013957062263396616, 0.013957062263396616] [-0.003844868966654963, -0.0021393082078071204]
	[0.17265816847808252, 0.17265816847808252] [-0.003458464771828916, -0.002720051176128067]
	[0.8033271756760751, 0.8033271756760751] [-0.0011891969923755379, -0.00423620909446905]
	[0.5521304342020421, 0.5521304342020421] [-0.0022048410115843233, -0.003807667670946761]
	[0.5521304342020421, 0.5521304342020421] [-0.0022048410115843233, -0.003807667670946761]
	[0.7502019588932459, 0.7502019588932459] [-0.0014124629407239828, -0.004167085962614483]
	[0.7502019588932459, 0.7502019588932459] [-0.0014124629407239828, -0.004167085962614483]
	[0.663175380378006, 0.663175380378006] [-0.0017693072310375406, -0.004028549230298121]
	[1.076045264813338, 1.076045264813338] [-4.223863001901749e-06, -0.0043999589927314845]
	[1.0271975292698285, 1.0271975292698285] [-0.00021906139485535435, -0.004394504418477849]
	[1.4852803439597198, 1.4852803439597198] [0.0017469024244625472, -0.004038315106346233]
	[1.4852803439597198, 1.4852803439597198] [0.0017469024244625472, -0.004038315106346233]
	[1.954907093713063, 1.954907093713063] [0.003385331529542489, -0.002810549308199881]
