source:
	0.34376966834081446,0.9289858106186728
target:
	0.06121017248499738,0.522835796805245
points:
	[0, 0] [-0.0028255949585581706, -0.004061500138134279]
	[-0.2515660985171734, -0.2515660985171734] [-0.0037476488452045545, -0.003230309331152528]
	[0.058556483946959004, 0.058556483946959004] [-0.0025830607770843833, -0.004219901333417921]
	[-0.03959686331911297, -0.03959686331911297] [-0.002984160749618581, -0.003946461055468555]
	[-0.6722410371477701, -0.6722410371477701] [-0.004740087398677744, -0.001418217788208348]
	[-0.6722410371477701, -0.6722410371477701] [-0.004740087398677744, -0.001418217788208348]
	[-0.9903979691310898, -0.9903979691310898] [-0.004945841304703185, 0.00013573514867570784]
	[-1.4916282242478358, -1.4916282242478358] [-0.004272242270024702, 0.0024955392659920814]
	[-0.8277385958348162, -0.8277385958348162] [-0.004902538088780108, -0.0006670011468913692]
	[-0.5220475758509355, -0.5220475758509355] [-0.004474517097608459, -0.002111508225203891]
	[-0.5220475758509355, -0.5220475758509355] [-0.004474517097608459, -0.002111508225203891]
	[-0.5220475758509355, -0.5220475758509355] [-0.004474517097608459, -0.002111508225203891]
	[-0.5220475758509355, -0.5220475758509355] [-0.004474517097608459, -0.002111508225203891]
	[-0.5444684051051488, -0.5444684051051488] [-0.004520730288287098, -0.002010663547801514]
	[-0.22668229567707454, -0.22668229567707454] [-0.003666114540908501, -0.0033225554043286275]
	[-0.43070267143982355, -0.43070267143982355] [-0.004263255224391648, -0.0025108614325747712]
	[-1.1244684269162324, -1.1244684269162324] [-0.004883313772169163, 0.0007956235569897966]
	[-0.6128435133871907, -0.6128435133871907] [-0.004647539086302662, -0.0016971006697256168]
	[-0.0898499842851942, -0.0898499842851942] [-0.0031786320007280745, -0.003791578674621108]
	[-0.42640738373960746, -0.42640738373960746] [-0.004252431057930358, -0.00252915012196655]
	[-1.1225275690332415, -1.1225275690332415] [-0.004884848765906132, 0.0007861442463819586]
	[-0.8320164269796835, -0.8320164269796835] [-0.00490534654059621, -0.0006460228777333746]
	[-1.5123962487111595, -1.5123962487111595] [-0.004219497275953685, 0.0025837207627980143]
	[-1.762542583249962, -1.762542583249962] [-0.0034485814454349607, 0.003547824158001047]
	[-1.762542583249962, -1.762542583249962] [-0.0034485814454349607, 0.003547824158001047]
	[-1.762542583249962, -1.762542583249962] [-0.0034485814454349607, 0.003547824158001047]
	[-1.145831767923637, -1.145831767923637] [-0.004865203576559034, 0.0008997579677509374]
	[-1.145831767923637, -1.145831767923637] [-0.004865203576559034, 0.0008997579677509374]
	[-1.145831767923637, -1.145831767923637] [-0.004865203576559034, 0.0008997579677509374]
	[-1.0687512738253664, -1.0687512738253664] [-0.004920042797240299, 0.0005224453227065726]
	[-1.7080981260455395, -1.7080981260455395] [-0.003636535514701527, 0.0033549038275647513]
	[-1.4110792379213017, -1.4110792379213017] [-0.004459186172466405, 0.0021436951558415503]
	[-1.4110792379213017, -1.4110792379213017] [-0.004459186172466405, 0.0021436951558415503]
	[-0.7646888957740594, -0.7646888957740594] [-0.004850770508154442, -0.0009745746349629777]
	[-0.5848331959955198, -0.5848331959955198] [-0.004598185914662478, -0.0018265969823947775]
	[-1.147907360473548, -1.147907360473548] [-0.004863325567115227, 0.0009098542026816579]
	[-1.147907360473548, -1.147907360473548] [-0.004863325567115227, 0.0009098542026816579]
	[-1.3028511011089676, -1.3028511011089676] [-0.004664651162411684, 0.0016494846998094434]
	[-0.6623630944216597, -0.6623630944216597] [-0.004725847300234234, -0.0014649701487617142]
	[-0.6623630944216597, -0.6623630944216597] [-0.004725847300234234, -0.0014649701487617142]
	[-0.9728018452470037, -0.9728018452470037] [-0.004947463939165937, 4.869099040672416e-05]
	[-1.5587416324058625, -1.5587416324058625] [-0.0040952659006769886, 0.0027764307022950185]
	[-1.5587416324058625, -1.5587416324058625] [-0.0040952659006769886, 0.0027764307022950185]
