source:
	0.8074097782811998,0.8996572152347841
target:
	0.6391997184205527,0.34233398674922255
points:
	[0, 0] [-0.001682100598606471, -0.005573232284855615]
	[0, 0] [-0.001682100598606471, -0.005573232284855615]
	[0.08988841206796863, 0.08988841206796863] [-0.0011750149078067818, -0.005701729605235678]
	[0.08988841206796863, 0.08988841206796863] [-0.0011750149078067818, -0.005701729605235678]
	[-0.6069476079879788, -0.6069476079879788] [-0.004560430316172593, -0.00361840515367242]
	[-0.6069476079879788, -0.6069476079879788] [-0.004560430316172593, -0.00361840515367242]
	[-0.6069476079879788, -0.6069476079879788] [-0.004560430316172593, -0.00361840515367242]
	[-1.1077866279247546, -1.1077866279247546] [-0.00573773778367766, -0.000984248774724641]
	[-1.1077866279247546, -1.1077866279247546] [-0.00573773778367766, -0.000984248774724641]
	[-1.1077866279247546, -1.1077866279247546] [-0.00573773778367766, -0.000984248774724641]
	[-1.1077866279247546, -1.1077866279247546] [-0.00573773778367766, -0.000984248774724641]
	[-1.6031583855320437, -1.6031583855320437] [-0.005515887371537405, 0.001861549631168443]
	[-1.83944040926575, -1.83944040926575] [-0.004926859245447114, 0.003101038293917296]
	[-1.9743046204500323, -1.9743046204500323] [-0.004465168932961404, 0.0037353242061306416]
	[-1.9743046204500323, -1.9743046204500323] [-0.004465168932961404, 0.0037353242061306416]
	[-1.9743046204500323, -1.9743046204500323] [-0.004465168932961404, 0.0037353242061306416]
	[-1.9743046204500323, -1.9743046204500323] [-0.004465168932961404, 0.0037353242061306416]
	[-1.9743046204500323, -1.9743046204500323] [-0.004465168932961404, 0.0037353242061306416]
	[-1.9807612140538433, -1.9807612140538433] [-0.004440958559383138, 0.0037640759289141387]
	[-1.9807612140538433, -1.9807612140538433] [-0.004440958559383138, 0.0037640759289141387]
	[-2.5803942664340522, -2.5803942664340522] [-0.0015419841270211201, 0.0056136142971176875]
	[-2.3472521890883913, -2.3472521890883913] [-0.0027972116251969215, 0.005105486034517418]
	[-2.3472521890883913, -2.3472521890883913] [-0.0027972116251969215, 0.005105486034517418]
	[-2.3472521890883913, -2.3472521890883913] [-0.0027972116251969215, 0.005105486034517418]
	[-2.3472521890883913, -2.3472521890883913] [-0.0027972116251969215, 0.005105486034517418]
	[-2.7880358804528966, -2.7880358804528966] [-0.00035160002268998225, 0.005810917134913696]
	[-3.22670928235943, -3.22670928235943] [0.002149813157186917, 0.005410053965902301]
	[-3.22670928235943, -3.22670928235943] [0.002149813157186917, 0.005410053965902301]
	[-3.22670928235943, -3.22670928235943] [0.002149813157186917, 0.005410053965902301]
	[-3.658717660569953, -3.658717660569953] [0.0042174679817672004, 0.004012897251059099]
	[-3.658717660569953, -3.658717660569953] [0.0042174679817672004, 0.004012897251059099]
	[-3.658717660569953, -3.658717660569953] [0.0042174679817672004, 0.004012897251059099]
	[-3.658717660569953, -3.658717660569953] [0.0042174679817672004, 0.004012897251059099]
	[-3.658717660569953, -3.658717660569953] [0.0042174679817672004, 0.004012897251059099]
	[-3.4943940029439426, -3.4943940029439426] [0.0035042050543429683, 0.004648755474522874]
	[-3.693720602547064, -3.693720602547064] [0.004355319140789658, 0.0038628455452762323]
	[-3.0786090907545876, -3.0786090907545876] [0.00132797532249814, 0.005668056286561131]
	[-3.0786090907545876, -3.0786090907545876] [0.00132797532249814, 0.005668056286561131]
	[-2.977351718749845, -2.977351718749845] [0.0007482210086998214, 0.005773261283445381]
	[-2.977351718749845, -2.977351718749845] [0.0007482210086998214, 0.005773261283445381]
	[-2.977351718749845, -2.977351718749845] [0.0007482210086998214, 0.005773261283445381]
	[-3.4967295280451314, -3.4967295280451314] [0.003515052772422624, 0.004640558644373888]
	[-3.4967295280451314, -3.4967295280451314] [0.003515052772422624, 0.004640558644373888]
	[-4.177119238284492, -4.177119238284492] [0.005651704480811365, 0.001395928718225227]
	[-4.177119238284492, -4.177119238284492] [0.005651704480811365, 0.001395928718225227]
	[-4.177119238284492, -4.177119238284492] [0.005651704480811365, 0.001395928718225227]
	[-4.177119238284492, -4.177119238284492] [0.005651704480811365, 0.001395928718225227]
	[-4.633720989802518, -4.633720989802518] [0.005688186805351781, -0.0012389154096269389]
	[-4.6288659369046865, -4.6288659369046865] [0.005694134742045166, -0.0012112844687452344]
	[-4.6288659369046865, -4.6288659369046865] [0.005694134742045166, -0.0012112844687452344]
	[-3.9469181191788945, -3.9469181191788945] [0.005184101761329022, 0.00264867314951742]
	[-4.429011695286279, -4.429011695286279] [0.005821268017012301, -5.6737984621053204e-05]
	[-4.429011695286279, -4.429011695286279] [0.005821268017012301, -5.6737984621053204e-05]
	[-4.429011695286279, -4.429011695286279] [0.005821268017012301, -5.6737984621053204e-05]
	[-4.429011695286279, -4.429011695286279] [0.005821268017012301, -5.6737984621053204e-05]
	[-4.429011695286279, -4.429011695286279] [0.005821268017012301, -5.6737984621053204e-05]
	[-4.429011695286279, -4.429011695286279] [0.005821268017012301, -5.6737984621053204e-05]
	[-4.638334787929261, -4.638334787929261] [0.005682410177547979, -0.0012651462756884451]
	[-4.638334787929261, -4.638334787929261] [0.005682410177547979, -0.0012651462756884451]
