source:
	0.9477008967473961,0.6103008681892
target:
	0.6045301861930834,0.25895240497091154
points:
	[0, 0] [-0.003431707105543127, -0.003513484632182885]
	[0.039433341234356586, 0.039433341234356586] [-0.0032905267845508507, -0.003646041881132735]
	[0.039433341234356586, 0.039433341234356586] [-0.0032905267845508507, -0.003646041881132735]
	[-0.11964583427284413, -0.11964583427284413] [-0.003826545300824991, -0.0030787560766573673]
	[-0.11964583427284413, -0.11964583427284413] [-0.003826545300824991, -0.0030787560766573673]
	[0.2728491483204331, 0.2728491483204331] [-0.0023579573048143833, -0.004308274047399142]
	[0.2728491483204331, 0.2728491483204331] [-0.0023579573048143833, -0.004308274047399142]
	[0.2728491483204331, 0.2728491483204331] [-0.0023579573048143833, -0.004308274047399142]
	[0.2728491483204331, 0.2728491483204331] [-0.0023579573048143833, -0.004308274047399142]
	[0.2728491483204331, 0.2728491483204331] [-0.0023579573048143833, -0.004308274047399142]
	[0.2728491483204331, 0.2728491483204331] [-0.0023579573048143833, -0.004308274047399142]
	[0.2728491483204331, 0.2728491483204331] [-0.0023579573048143833, -0.004308274047399142]
	[0.2728491483204331, 0.2728491483204331] [-0.0023579573048143833, -0.004308274047399142]
	[-0.05480665876037938, -0.05480665876037938] [-0.0036190203319893953, -0.0033202228472600835]
	[-0.11622217491714248, -0.11622217491714248] [-0.0038159822830759285, -0.0030918387949683134]
	[-0.11622217491714248, -0.11622217491714248] [-0.0038159822830759285, -0.0030918387949683134]
	[-0.14208544915547547, -0.14208544915547547] [-0.00389466224191822, -0.0029921219794983357]
	[-0.5707081433188144, -0.5707081433188144] [-0.0047859285796354855, -0.0011027581554669012]
	[-1.0256125821160647, -1.0256125821160647] [-0.0047837400835983885, 0.0011122134378771789]
	[-0.5861712242983113, -0.5861712242983113] [-0.004802407775950483, -0.0010286240675343099]
	[-0.5861712242983113, -0.5861712242983113] [-0.004802407775950483, -0.0010286240675343099]
	[-0.5861712242983113, -0.5861712242983113] [-0.004802407775950483, -0.0010286240675343099]
	[-0.5861712242983113, -0.5861712242983113] [-0.004802407775950483, -0.0010286240675343099]
	[-0.05465039515391379, -0.05465039515391379] [-0.0036185014578099363, -0.0033207883278896073]
	[-0.05465039515391379, -0.05465039515391379] [-0.0036185014578099363, -0.0033207883278896073]
	[0.3210350365309536, 0.3210350365309536] [-0.002147702703015676, -0.0044168496712339725]
	[0.3210350365309536, 0.3210350365309536] [-0.002147702703015676, -0.0044168496712339725]
	[0.3210350365309536, 0.3210350365309536] [-0.002147702703015676, -0.0044168496712339725]
	[0.36738887003610965, 0.36738887003610965] [-0.0019407311526382861, -0.004511623932909276]
	[0.5878282934187882, 0.5878282934187882] [-0.0009072636673759655, -0.004826806455274543]
	[0.5878282934187882, 0.5878282934187882] [-0.0009072636673759655, -0.004826806455274543]
	[0.5878282934187882, 0.5878282934187882] [-0.0009072636673759655, -0.004826806455274543]
	[0.14085786281861085, 0.14085786281861085] [-0.0029044522081350175, -0.00396047286185376]
	[0.14085786281861085, 0.14085786281861085] [-0.0029044522081350175, -0.00396047286185376]
	[0.14085786281861085, 0.14085786281861085] [-0.0029044522081350175, -0.00396047286185376]
	[0.14085786281861085, 0.14085786281861085] [-0.0029044522081350175, -0.00396047286185376]
	[0.49230373996108784, 0.49230373996108784] [-0.0013635050827459528, -0.004718266822483277]
	[0.49230373996108784, 0.49230373996108784] [-0.0013635050827459528, -0.004718266822483277]
	[0.49230373996108784, 0.49230373996108784] [-0.0013635050827459528, -0.004718266822483277]
	[0.49230373996108784, 0.49230373996108784] [-0.0013635050827459528, -0.004718266822483277]
