source:
	0.5618193390315349,0.5423771738759483
target:
	0.8543252046775487,0.840919449339468
points:
	[0.5763349433700108, 0.5763349433700108] [0.0008256411593667161, 0.004097198291953366]
	[0.47620873449329215, 0.47620873449329215] [0.0012310578034264508, 0.0039941474499884]
	[-0.14200931771871406, -0.14200931771871406] [0.0033181481948799546, 0.0025413794924097617]
	[0.12674497762876763, 0.12674497762876763] [0.0025242205307916803, 0.003331220178786711]
	[-0.0017577819203077882, -0.0017577819203077882] [0.0029303018569823364, 0.0029802765298864243]
	[-0.0017577819203077882, -0.0017577819203077882] [0.0029303018569823364, 0.0029802765298864243]
	[-0.0017577819203077882, -0.0017577819203077882] [0.0029303018569823364, 0.0029802765298864243]
	[-0.0017577819203077882, -0.0017577819203077882] [0.0029303018569823364, 0.0029802765298864243]
	[-0.10331536449656213, -0.10331536449656213] [0.003217353019964467, 0.002667837459919836]
	[-0.10331536449656213, -0.10331536449656213] [0.003217353019964467, 0.002667837459919836]
	[-0.10331536449656213, -0.10331536449656213] [0.003217353019964467, 0.002667837459919836]
	[-0.10331536449656213, -0.10331536449656213] [0.003217353019964467, 0.002667837459919836]
	[0.2211215379525197, 0.2211215379525197] [0.002199064735277336, 0.003554269468918419]
	[-0.3391131424011064, -0.3391131424011064] [0.003751580195634138, 0.001842379766321733]
	[-0.3391131424011064, -0.3391131424011064] [0.003751580195634138, 0.001842379766321733]
	[-0.3391131424011064, -0.3391131424011064] [0.003751580195634138, 0.001842379766321733]
	[-0.6122699711603747, -0.6122699711603747] [0.004109510381252845, 0.0007619984212589259]
	[-0.6122699711603747, -0.6122699711603747] [0.004109510381252845, 0.0007619984212589259]
	[-0.9171221592430381, -0.9171221592430381] [0.004148741808157132, -0.0005066148210179809]
	[-1.2152744870871903, -1.2152744870871903] [0.0038168825700134502, -0.0017029752242336115]
	[-0.706329566317169, -0.706329566317169] [0.004162912559607195, 0.0003726609567564937]
	[-0.706329566317169, -0.706329566317169] [0.004162912559607195, 0.0003726609567564937]
	[-1.3742664907910616, -1.3742664907910616] [0.003499121503643697, -0.0022857965505189374]
	[-1.7549067937547487, -1.7549067937547487] [0.002399470932118573, -0.0034221713010227912]
	[-1.7549067937547487, -1.7549067937547487] [0.002399470932118573, -0.0034221713010227912]
	[-1.7549067937547487, -1.7549067937547487] [0.002399470932118573, -0.0034221713010227912]
	[-1.7549067937547487, -1.7549067937547487] [0.002399470932118573, -0.0034221713010227912]
	[-2.144860062396376, -2.144860062396376] [0.0009184130644595886, -0.004077405377278048]
	[-2.144860062396376, -2.144860062396376] [0.0009184130644595886, -0.004077405377278048]
	[-2.144860062396376, -2.144860062396376] [0.0009184130644595886, -0.004077405377278048]
	[-1.858446157485439, -1.858446157485439] [0.002032924088138311, -0.003651840196324726]
	[-1.858446157485439, -1.858446157485439] [0.002032924088138311, -0.003651840196324726]
	[-1.858446157485439, -1.858446157485439] [0.002032924088138311, -0.003651840196324726]
	[-1.5776954587782002, -1.5776954587782002] [0.002965171499168568, -0.00294558570544882]
	[-1.238160161036978, -1.238160161036978] [0.003776912726038265, -0.001789873578640737]
	[-1.287371471696548, -1.287371471696548] [0.0036842937970119837, -0.001973498514041755]
	[-1.700212571931897, -1.700212571931897] [0.0025829625587633197, -0.0032858821627765114]
