source:
	0.9142768184716071,0.22366268024566371
target:
	0.29501178970760966,0.018043174687603192
points:
	[0, 0] [-0.0061926502876399735, -0.0020561950555806055]
	[0, 0] [-0.0061926502876399735, -0.0020561950555806055]
	[-0.5344676424934034, -0.5344676424934034] [-0.006376413613774184, 0.0013849928222474039]
	[-0.5344676424934034, -0.5344676424934034] [-0.006376413613774184, 0.0013849928222474039]
	[-0.5344676424934034, -0.5344676424934034] [-0.006376413613774184, 0.0013849928222474039]
	[-1.0135642602714259, -1.0135642602714259] [-0.005020053402857417, 0.004168443297450652]
	[-1.0135642602714259, -1.0135642602714259] [-0.005020053402857417, 0.004168443297450652]
	[-1.1550811150940867, -1.1550811150940867] [-0.004381930936023869, 0.004834825432579606]
	[-1.1550811150940867, -1.1550811150940867] [-0.004381930936023869, 0.004834825432579606]
	[-1.1550811150940867, -1.1550811150940867] [-0.004381930936023869, 0.004834825432579606]
	[-1.1550811150940867, -1.1550811150940867] [-0.004381930936023869, 0.004834825432579606]
	[-1.1550811150940867, -1.1550811150940867] [-0.004381930936023869, 0.004834825432579606]
	[-1.1550811150940867, -1.1550811150940867] [-0.004381930936023869, 0.004834825432579606]
	[-0.7297226700261727, -0.7297226700261727] [-0.005986538648355467, 0.0025958063686160955]
	[-0.7297226700261727, -0.7297226700261727] [-0.005986538648355467, 0.0025958063686160955]
	[-0.7297226700261727, -0.7297226700261727] [-0.005986538648355467, 0.0025958063686160955]
	[-0.7297226700261727, -0.7297226700261727] [-0.005986538648355467, 0.0025958063686160955]
	[-0.7297226700261727, -0.7297226700261727] [-0.005986538648355467, 0.0025958063686160955]
	[-0.7297226700261727, -0.7297226700261727] [-0.005986538648355467, 0.0025958063686160955]
	[-0.7297226700261727, -0.7297226700261727] [-0.005986538648355467, 0.0025958063686160955]
	[-0.7297226700261727, -0.7297226700261727] [-0.005986538648355467, 0.0025958063686160955]
	[-0.7297226700261727, -0.7297226700261727] [-0.005986538648355467, 0.0025958063686160955]
	[-0.7297226700261727, -0.7297226700261727] [-0.005986538648355467, 0.0025958063686160955]
	[-0.7297226700261727, -0.7297226700261727] [-0.005986538648355467, 0.0025958063686160955]
	[-0.7297226700261727, -0.7297226700261727] [-0.005986538648355467, 0.0025958063686160955]
	[-0.8236592032125765, -0.8236592032125765] [-0.005716662642765924, 0.003145890004498902]
	[-0.8236592032125765, -0.8236592032125765] [-0.005716662642765924, 0.003145890004498902]
	[-0.8236592032125765, -0.8236592032125765] [-0.005716662642765924, 0.003145890004498902]
	[-0.8236592032125765, -0.8236592032125765] [-0.005716662642765924, 0.003145890004498902]
	[-1.23741804430178, -1.23741804430178] [-0.0039694509221964045, 0.005178833369386942]
	[-1.23741804430178, -1.23741804430178] [-0.0039694509221964045, 0.005178833369386942]
	[-1.23741804430178, -1.23741804430178] [-0.0039694509221964045, 0.005178833369386942]
	[-1.23741804430178, -1.23741804430178] [-0.0039694509221964045, 0.005178833369386942]
	[-1.4877196565844626, -1.4877196565844626] [-0.002562976667667569, 0.006000667153958236]
	[-1.4877196565844626, -1.4877196565844626] [-0.002562976667667569, 0.006000667153958236]
	[-1.4877196565844626, -1.4877196565844626] [-0.002562976667667569, 0.006000667153958236]
	[-1.533653959432133, -1.533653959432133] [-0.0022847337114690457, 0.006112024833005709]
	[-2.047708784738936, -2.047708784738936] [0.0010159064147204832, 0.006445524792298247]
	[-2.047708784738936, -2.047708784738936] [0.0010159064147204832, 0.006445524792298247]
	[-1.769784744576986, -1.769784744576986] [-0.0007914706990314804, 0.00647691514721138]
	[-1.108534215497896, -1.108534215497896] [-0.004602149694979289, 0.004625697123310563]
	[-1.108534215497896, -1.108534215497896] [-0.004602149694979289, 0.004625697123310563]
	[-1.108534215497896, -1.108534215497896] [-0.004602149694979289, 0.004625697123310563]
	[-1.108534215497896, -1.108534215497896] [-0.004602149694979289, 0.004625697123310563]
	[-1.108534215497896, -1.108534215497896] [-0.004602149694979289, 0.004625697123310563]
	[-1.108534215497896, -1.108534215497896] [-0.004602149694979289, 0.004625697123310563]
	[-1.108534215497896, -1.108534215497896] [-0.004602149694979289, 0.004625697123310563]
	[-1.2392963012865645, -1.2392963012865645] [-0.003959716746156382, 0.005186279878854429]
	[-1.2392963012865645, -1.2392963012865645] [-0.003959716746156382, 0.005186279878854429]
	[-1.7556540868137154, -1.7556540868137154] [-0.0008829117072153499, 0.0064650848879859]
	[-1.2821610751383454, -1.2821610751383454] [-0.0037338388909796197, 0.005351196392192093]
	[-1.2821610751383454, -1.2821610751383454] [-0.0037338388909796197, 0.005351196392192093]
	[-1.2821610751383454, -1.2821610751383454] [-0.0037338388909796197, 0.005351196392192093]
	[-1.1709848356903971, -1.1709848356903971] [-0.004304488318965711, 0.004903900080903906]
	[-1.2951532886916202, -1.2951532886916202] [-0.0036640018334679228, 0.0053992542314606085]
	[-1.2951532886916202, -1.2951532886916202] [-0.0036640018334679228, 0.0053992542314606085]
	[-1.556803153816407, -1.556803153816407] [-0.002142645746963406, 0.006163272255435518]
	[-1.556803153816407, -1.556803153816407] [-0.002142645746963406, 0.006163272255435518]
