source:
	0.39643843886832697,0.9752202405180892
target:
	0.6781622079884392,0.024458464175183825
points:
	[-0.666916523541065, -0.666916523541065] [0.00809468631864698, -0.00572779863009388]
	[-0.666916523541065, -0.666916523541065] [0.00809468631864698, -0.00572779863009388]
	[-0.666916523541065, -0.666916523541065] [0.00809468631864698, -0.00572779863009388]
	[-0.9200977596229729, -0.9200977596229729] [0.00927135939833172, -0.0035176012638106096]
	[-0.8453579690083928, -0.8453579690083928] [0.008982816290908675, -0.0042000756216979745]
	[-0.8453579690083928, -0.8453579690083928] [0.008982816290908675, -0.0042000756216979745]
	[-0.8453579690083928, -0.8453579690083928] [0.008982816290908675, -0.0042000756216979745]
	[-0.8453579690083928, -0.8453579690083928] [0.008982816290908675, -0.0042000756216979745]
	[-0.16547612323270844, -0.16547612323270844] [0.004344867853730829, -0.008913683137615584]
	[-0.16547612323270844, -0.16547612323270844] [0.004344867853730829, -0.008913683137615584]
	[-0.16547612323270844, -0.16547612323270844] [0.004344867853730829, -0.008913683137615584]
	[0.4102334843102379, 0.4102334843102379] [-0.0012083758404385192, -0.00984232958056376]
	[-0.2861257085473703, -0.2861257085473703] [0.005386108561721474, -0.008325950894975695]
	[-0.6143944074215025, -0.6143944074215025] [0.007782826183943117, -0.006144854785487232]
	[-0.6143944074215025, -0.6143944074215025] [0.007782826183943117, -0.006144854785487232]
	[-0.6143944074215025, -0.6143944074215025] [0.007782826183943117, -0.006144854785487232]
	[-0.7442774011473473, -0.7442774011473473] [0.008513141923057107, -0.0050850799740105816]
	[-1.089922511034028, -1.089922511034028] [0.009732493804893404, -0.001900049494594141]
	[-0.46502641493045693, -0.46502641493045693] [0.006781731500764394, -0.007234621040229808]
	[-0.46502641493045693, -0.46502641493045693] [0.006781731500764394, -0.007234621040229808]
	[-0.9244181500900317, -0.9244181500900317] [0.009286470233606249, -0.0034775126663379704]
	[-1.30279249983684, -1.30279249983684] [0.009914233701325312, 0.0001989820587423213]
	[-0.7624519292328029, -0.7624519292328029] [0.00860414980004802, -0.004929526342614426]
	[-0.7749339359976525, -0.7749339359976525] [0.00866500832678497, -0.0048217480690039205]
	[-0.6209983556160038, -0.6209983556160038] [0.007823236479440578, -0.006093323783531129]
	[-1.1417421035005946, -1.1417421035005946] [0.009817845272296753, -0.0013933908114510522]
	[-1.1417421035005946, -1.1417421035005946] [0.009817845272296753, -0.0013933908114510522]
	[-1.6180253045571729, -1.6180253045571729] [0.009364010203899457, 0.0032629643953716]
	[-1.6419403476096106, -1.6419403476096106] [0.009283306059804059, 0.003485950708802571]
	[-1.6419403476096106, -1.6419403476096106] [0.009283306059804059, 0.003485950708802571]
	[-1.6419403476096106, -1.6419403476096106] [0.009283306059804059, 0.003485950708802571]
	[-1.0763666540912225, -1.0763666540912225] [0.009705843580647229, -0.002031803172604305]
	[-1.0763666540912225, -1.0763666540912225] [0.009705843580647229, -0.002031803172604305]
	[-1.0763666540912225, -1.0763666540912225] [0.009705843580647229, -0.002031803172604305]
	[-0.8881498044194739, -0.8881498044194739] [0.009154267241661598, -0.003811956848186678]
	[-0.22024621419629797, -0.22024621419629797] [0.004826311886568773, -0.008662467161136075]
	[-0.4559233298863435, -0.4559233298863435] [0.006715594053652991, -0.007296055115659183]
	[-0.36161761307884976, -0.36161761307884976] [0.005998713105743705, -0.007896015756011043]
	[-0.8129649401572838, -0.8129649401572838] [0.008842074452653502, -0.0044888019691147205]
	[-0.8129649401572838, -0.8129649401572838] [0.008842074452653502, -0.0044888019691147205]
	[-0.5863706318797264, -0.5863706318797264] [0.007607590839893644, -0.006360517695672439]
	[-0.5607310188665235, -0.5607310188665235] [0.007442027055855845, -0.006553461455147617]
	[-0.33163654741004017, -0.33163654741004017] [0.00575932178949829, -0.00807228816812223]
	[-0.33163654741004017, -0.33163654741004017] [0.00575932178949829, -0.00807228816812223]
	[-0.33163654741004017, -0.33163654741004017] [0.00575932178949829, -0.00807228816812223]
	[-0.33163654741004017, -0.33163654741004017] [0.00575932178949829, -0.00807228816812223]
	[-0.7842217437462258, -0.7842217437462258] [0.008709417418267475, -0.004741062325953438]
	[-0.7842217437462258, -0.7842217437462258] [0.008709417418267475, -0.004741062325953438]
	[-0.42485962719199044, -0.42485962719199044] [0.0064857481569801445, -0.007501112889993364]
	[-0.1994172320463927, -0.1994172320463927] [0.004644847657523298, -0.008761108033953026]
	[-0.1994172320463927, -0.1994172320463927] [0.004644847657523298, -0.008761108033953026]
	[-0.1994172320463927, -0.1994172320463927] [0.004644847657523298, -0.008761108033953026]
	[0.213314170380734, 0.213314170380734] [0.000740620350168957, -0.009888534028920138]
	[0.213314170380734, 0.213314170380734] [0.000740620350168957, -0.009888534028920138]
	[-0.11948097738002303, -0.11948097738002303] [0.003930431150489293, -0.009104028488282501]
	[-0.11948097738002303, -0.11948097738002303] [0.003930431150489293, -0.009104028488282501]
	[-0.11948097738002303, -0.11948097738002303] [0.003930431150489293, -0.009104028488282501]
	[-0.11948097738002303, -0.11948097738002303] [0.003930431150489293, -0.009104028488282501]
	[-0.3859857952448138, -0.3859857952448138] [0.006189324659350327, -0.007747508244936167]
	[-0.6433661090527971, -0.6433661090527971] [0.007957562113570222, -0.005916825918756419]
	[-0.5146911017706853, -0.5146911017706853] [0.007132526871715825, -0.006889026358524666]
	[-0.5146911017706853, -0.5146911017706853] [0.007132526871715825, -0.006889026358524666]
	[-0.5146911017706853, -0.5146911017706853] [0.007132526871715825, -0.006889026358524666]
	[-0.9401260030759604, -0.9401260030759604] [0.009339946612351921, -0.0033312191495925006]
	[-0.9401260030759604, -0.9401260030759604] [0.009339946612351921, -0.0033312191495925006]
	[-0.9401260030759604, -0.9401260030759604] [0.009339946612351921, -0.0033312191495925006]
	[-0.7337017071158387, -0.7337017071158387] [0.008458888602557725, -0.005174826311453839]
	[-0.7337017071158387, -0.7337017071158387] [0.008458888602557725, -0.005174826311453839]
	[-0.8753319507711017, -0.8753319507711017] [0.00910465547388534, -0.003928978549959982]
	[-0.8753319507711017, -0.8753319507711017] [0.00910465547388534, -0.003928978549959982]
	[-0.8753319507711017, -0.8753319507711017] [0.00910465547388534, -0.003928978549959982]
	[-1.155662659870665, -1.155662659870665] [0.009836290176238598, -0.0012565903521147904]
	[-1.125031661189418, -1.125031661189418] [0.009793191448978509, -0.001557249173334234]
	[-1.125031661189418, -1.125031661189418] [0.009793191448978509, -0.001557249173334234]
	[-0.8168090609277123, -0.8168090609277123] [0.008859264576283178, -0.004454778884704601]
	[-0.5478665951150529, -0.5478665951150529] [0.0073571070813184545, -0.0066486539343095456]
	[-0.5478665951150529, -0.5478665951150529] [0.0073571070813184545, -0.0066486539343095456]
	[-0.7605742765151066, -0.7605742765151066] [0.00859487869964901, -0.004945673248660457]
	[-0.6647919353834986, -0.6647919353834986] [0.008082498845470024, -0.005744983564569324]
	[-1.3378794163246308, -1.3378794163246308] [0.009901151427470705, 0.0005466481084671768]
	[-1.1379443810930763, -1.1379443810930763] [0.009812482773698545, -0.001430666124595543]
