source:
	0.4614849214026321,0.44898534326575834
target:
	0.05815583565335469,0.01326368335957262
points:
	[0, 0] [-0.004033290857492774, -0.004357216599061857]
	[0, 0] [-0.004033290857492774, -0.004357216599061857]
	[-0.2777156202305249, -0.2777156202305249] [-0.005073324602789985, -0.0030845014357268204]
	[-0.3351484101154685, -0.3351484101154685] [-0.005242013806706142, -0.0027882006532129566]
	[-0.3351484101154685, -0.3351484101154685] [-0.005242013806706142, -0.0027882006532129566]
	[-0.7548321066700221, -0.7548321066700221] [-0.005923213322207691, -0.0004102628083269336]
	[-0.7548321066700221, -0.7548321066700221] [-0.005923213322207691, -0.0004102628083269336]
	[-0.7548321066700221, -0.7548321066700221] [-0.005923213322207691, -0.0004102628083269336]
	[-0.7548321066700221, -0.7548321066700221] [-0.005923213322207691, -0.0004102628083269336]
	[-0.7548321066700221, -0.7548321066700221] [-0.005923213322207691, -0.0004102628083269336]
	[-0.3155719611401547, -0.3155719611401547] [-0.005186429789524192, -0.0028902798602576554]
	[0.17321582704208194, 0.17321582704208194] [-0.003221964749866192, -0.004987154978832587]
	[0.17321582704208194, 0.17321582704208194] [-0.003221964749866192, -0.004987154978832587]
	[0.17321582704208194, 0.17321582704208194] [-0.003221964749866192, -0.004987154978832587]
	[-0.28282781067343743, -0.28282781067343743] [-0.005089026798633049, -0.0030585254412984087]
	[-0.9132836935396176, -0.9132836935396176] [-0.005913747100621001, 0.0005294968009078685]
	[-0.5404154644444978, -0.5404154644444978] [-0.005700281119091599, -0.0016611943882649009]
	[-0.5447895435845377, -0.5447895435845377] [-0.005707492761220673, -0.001636245095604135]
	[-0.18793768199054844, -0.18793768199054844] [-0.004776344305854611, -0.003526940133345788]
	[-0.18793768199054844, -0.18793768199054844] [-0.004776344305854611, -0.003526940133345788]
	[-0.29884303880160784, -0.29884303880160784] [-0.0051373550654047586, -0.002976634771723773]
	[-0.29884303880160784, -0.29884303880160784] [-0.0051373550654047586, -0.002976634771723773]
	[-0.29884303880160784, -0.29884303880160784] [-0.0051373550654047586, -0.002976634771723773]
	[-0.3758150562910165, -0.3758150562910165] [-0.0053510353647280556, -0.0025727790728518945]
	[-0.20499217673157658, -0.20499217673157658] [-0.004835796975150551, -0.00344497304015572]
	[-0.20499217673157658, -0.20499217673157658] [-0.004835796975150551, -0.00344497304015572]
	[-0.4057352835248886, -0.4057352835248886] [-0.005425607016075528, -0.002411547250083849]
	[-0.025005306599230614, -0.025005306599230614] [-0.004140972167855334, -0.004255011296967666]
	[-0.11401669671496054, -0.11401669671496054] [-0.004502823012568099, -0.0038700589853078626]
	[0.28899694369652573, 0.28899694369652573] [-0.0026242640526638254, -0.005325975010659682]
	[0.5180983104706227, 0.5180983104706227] [-0.0013461522753022463, -0.0057827887462688415]
	[0.5180983104706227, 0.5180983104706227] [-0.0013461522753022463, -0.0057827887462688415]
	[0.7650157160116502, 0.7650157160116502] [0.00010808213546839068, -0.005936420628987434]
	[0.7650157160116502, 0.7650157160116502] [0.00010808213546839068, -0.005936420628987434]
	[0.7650157160116502, 0.7650157160116502] [0.00010808213546839068, -0.005936420628987434]
	[0.4749206279170283, 0.4749206279170283] [-0.001594507487576252, -0.005719293444503284]
	[0.4749206279170283, 0.4749206279170283] [-0.001594507487576252, -0.005719293444503284]
	[0.41520602983174537, 0.41520602983174537] [-0.0019329878335283854, -0.0056139406540954995]
	[0.5202709305809892, 0.5202709305809892] [-0.001333585304956875, -0.005785699773292601]
	[0.6194068399551986, 0.6194068399551986] [-0.0007544059115645611, -0.005889282074486789]
	[0.9912782995021829, 0.9912782995021829] [0.00143708575487207, -0.005760864185642528]
	[0.9912782995021829, 0.9912782995021829] [0.00143708575487207, -0.005760864185642528]
	[0.4200404485957583, 0.4200404485957583] [-0.001905825210738295, -0.005623219887074425]
	[0.6355881265436355, 0.6355881265436355] [-0.0006590151466752417, -0.005900717809616689]
	[0.6355881265436355, 0.6355881265436355] [-0.0006590151466752417, -0.005900717809616689]
	[1.1598812553057845, 1.1598812553057845] [0.0023834115307543886, -0.00543802547873233]
	[1.1908224922675859, 1.1908224922675859] [0.002550503118947106, -0.005361688677321358]
	[1.7877531106103781, 1.7877531106103781] [0.00512327173422148, -0.003000809619019874]
	[2.1065393911038885, 2.1065393911038885] [0.005805639863634617, -0.0012439121375931595]
