source:
	0.4116722472762506,0.21148116601552824
target:
	0.9378812920011665,0.4077883937083281
points:
	[0, 0] [0.005262090447249159, 0.0019630722769279985]
	[0.2815884819030148, 0.2815884819030148] [0.004509341987790497, 0.003347996934978253]
	[0.4776592311983138, 0.4776592311983138] [0.0037706950186553803, 0.0041623440169887005]
	[1.100860422516662, 1.100860422516662] [0.0006325579150229416, 0.0055806020395308565]
	[1.100860422516662, 1.100860422516662] [0.0006325579150229416, 0.0055806020395308565]
	[1.100860422516662, 1.100860422516662] [0.0006325579150229416, 0.0055806020395308565]
	[1.100860422516662, 1.100860422516662] [0.0006325579150229416, 0.0055806020395308565]
	[1.100860422516662, 1.100860422516662] [0.0006325579150229416, 0.0055806020395308565]
	[1.7737701822751553, 1.7737701822751553] [-0.002983521319224134, 0.00475834521416944]
	[1.7737701822751553, 1.7737701822751553] [-0.002983521319224134, 0.00475834521416944]
	[2.4132093834477084, 2.4132093834477084] [-0.005233589869630867, 0.002037838491139888]
	[2.4132093834477084, 2.4132093834477084] [-0.005233589869630867, 0.002037838491139888]
	[2.4132093834477084, 2.4132093834477084] [-0.005233589869630867, 0.002037838491139888]
	[2.4132093834477084, 2.4132093834477084] [-0.005233589869630867, 0.002037838491139888]
	[2.8043192576781992, 2.8043192576781992] [-0.005615237349087406, -0.00011116722937974759]
	[2.552286743345527, 2.552286743345527] [-0.005465560428963741, 0.0012926321351489844]
	[2.0034872292531523, 2.0034872292531523] [-0.0039886315705573655, 0.003953993782724906]
	[2.072284654219092, 2.072284654219092] [-0.0042510060809639, 0.0036704490105547126]
	[2.072284654219092, 2.072284654219092] [-0.0042510060809639, 0.0036704490105547126]
	[2.1993449127456435, 2.1993449127456435] [-0.004681851790665592, 0.0031021786617981117]
	[2.1993449127456435, 2.1993449127456435] [-0.004681851790665592, 0.0031021786617981117]
	[2.1993449127456435, 2.1993449127456435] [-0.004681851790665592, 0.0031021786617981117]
	[2.1993449127456435, 2.1993449127456435] [-0.004681851790665592, 0.0031021786617981117]
	[1.886899441697075, 1.886899441697075] [-0.0035016103503786307, 0.0043911244110814455]
	[2.180651569357928, 2.180651569357928] [-0.0046230470851158865, 0.0031891510293925607]
	[2.0237827498796794, 2.0237827498796794] [-0.004068052977142808, 0.003872233672524641]
	[2.0237827498796794, 2.0237827498796794] [-0.004068052977142808, 0.003872233672524641]
	[2.320685207728236, 2.320685207728236] [-0.005022923767436229, 0.002512665012690386]
	[2.320685207728236, 2.320685207728236] [-0.005022923767436229, 0.002512665012690386]
	[2.5559232685103934, 2.5559232685103934] [-0.005470224968784259, 0.0012727479838378778]
	[2.5559232685103934, 2.5559232685103934] [-0.005470224968784259, 0.0012727479838378778]
	[2.5559232685103934, 2.5559232685103934] [-0.005470224968784259, 0.0012727479838378778]
	[2.5559232685103934, 2.5559232685103934] [-0.005470224968784259, 0.0012727479838378778]
	[2.5559232685103934, 2.5559232685103934] [-0.005470224968784259, 0.0012727479838378778]
	[1.9800176428103438, 1.9800176428103438] [-0.0038947430291232242, 0.004046507800137073]
	[2.5058065494512354, 2.5058065494512354] [-0.005399597409319025, 0.0015451849263921139]
	[1.9588455121486295, 1.9588455121486295] [-0.003808203343315697, 0.004128054739878492]
	[1.9588455121486295, 1.9588455121486295] [-0.003808203343315697, 0.004128054739878492]
	[1.9588455121486295, 1.9588455121486295] [-0.003808203343315697, 0.004128054739878492]
	[1.9588455121486295, 1.9588455121486295] [-0.003808203343315697, 0.004128054739878492]
	[1.9588455121486295, 1.9588455121486295] [-0.003808203343315697, 0.004128054739878492]
	[1.9588455121486295, 1.9588455121486295] [-0.003808203343315697, 0.004128054739878492]
	[1.9588455121486295, 1.9588455121486295] [-0.003808203343315697, 0.004128054739878492]
	[2.3984200216653617, 2.3984200216653617] [-0.005202880288967747, 0.0021150142642887815]
	[1.8178285983813713, 1.8178285983813713] [-0.0031902034000792496, 0.004622320943594995]
	[1.8178285983813713, 1.8178285983813713] [-0.0031902034000792496, 0.004622320943594995]
	[1.8799774235740232, 1.8799774235740232] [-0.0034711312620229924, 0.004415257229344718]
	[1.8799774235740232, 1.8799774235740232] [-0.0034711312620229924, 0.004415257229344718]
	[1.9647660893331709, 1.9647660893331709] [-0.00383257692251231, 0.004105435759149107]
	[1.9647660893331709, 1.9647660893331709] [-0.00383257692251231, 0.004105435759149107]
	[1.8115517699740098, 1.8115517699740098] [-0.0031611272306599713, 0.004642254115303701]
	[1.8115517699740098, 1.8115517699740098] [-0.0031611272306599713, 0.004642254115303701]
	[1.8115517699740098, 1.8115517699740098] [-0.0031611272306599713, 0.004642254115303701]
	[1.8115517699740098, 1.8115517699740098] [-0.0031611272306599713, 0.004642254115303701]
	[1.8115517699740098, 1.8115517699740098] [-0.0031611272306599713, 0.004642254115303701]
	[1.8115517699740098, 1.8115517699740098] [-0.0031611272306599713, 0.004642254115303701]
	[1.8115517699740098, 1.8115517699740098] [-0.0031611272306599713, 0.004642254115303701]
	[1.8115517699740098, 1.8115517699740098] [-0.0031611272306599713, 0.004642254115303701]
