source:
	0.527317603908849,0.9576250223357523
target:
	0.7103931211486442,0.45051276966966514
points:
	[0, 0] [0.0018307551723979523, -0.005071122526660872]
	[0, 0] [0.0018307551723979523, -0.005071122526660872]
	[0, 0] [0.0018307551723979523, -0.005071122526660872]
	[0.43343105964037737, 0.43343105964037737] [-0.000468340419059469, -0.005371089780812121]
	[0.38950083158801196, 0.38950083158801196] [-0.0002320112615403419, -0.005386475559787463]
	[-0.2432459724577577, -0.2432459724577577] [0.0029982617801891415, -0.004480889920442839]
	[-0.2432459724577577, -0.2432459724577577] [0.0029982617801891415, -0.004480889920442839]
	[-0.2432459724577577, -0.2432459724577577] [0.0029982617801891415, -0.004480889920442839]
	[-0.2432459724577577, -0.2432459724577577] [0.0029982617801891415, -0.004480889920442839]
	[-0.2432459724577577, -0.2432459724577577] [0.0029982617801891415, -0.004480889920442839]
	[-0.2432459724577577, -0.2432459724577577] [0.0029982617801891415, -0.004480889920442839]
	[-0.2432459724577577, -0.2432459724577577] [0.0029982617801891415, -0.004480889920442839]
	[-0.2432459724577577, -0.2432459724577577] [0.0029982617801891415, -0.004480889920442839]
	[-0.30667300578302614, -0.30667300578302614] [0.003276251846059451, -0.004281836290992597]
	[-0.30667300578302614, -0.30667300578302614] [0.003276251846059451, -0.004281836290992597]
	[0.17012754924570922, 0.17012754924570922] [0.0009457429808553035, -0.005307873246021623]
	[0.17012754924570922, 0.17012754924570922] [0.0009457429808553035, -0.005307873246021623]
	[0.17012754924570922, 0.17012754924570922] [0.0009457429808553035, -0.005307873246021623]
	[0.17012754924570922, 0.17012754924570922] [0.0009457429808553035, -0.005307873246021623]
	[-0.14932917281015234, -0.14932917281015234] [0.0025648361478116306, -0.0047423162817918415]
	[0.31512400667705454, 0.31512400667705454] [0.00016888985336066905, -0.0053888240274758475]
	[0.7120828065801745, 0.7120828065801745] [-0.0019276452850986625, -0.005035090052472358]
	[0.7120828065801745, 0.7120828065801745] [-0.0019276452850986625, -0.005035090052472358]
	[0.7120828065801745, 0.7120828065801745] [-0.0019276452850986625, -0.005035090052472358]
	[0.47757899010943144, 0.47757899010943144] [-0.0007049295649635965, -0.005345186852684332]
	[0.18369386461556936, 0.18369386461556936] [0.0008736498789718046, -0.005320214663962513]
	[0.18369386461556936, 0.18369386461556936] [0.0008736498789718046, -0.005320214663962513]
	[0.48016750751660997, 0.48016750751660997] [-0.000718763297063507, -0.00534334422477755]
	[0.6970139348392734, 0.6970139348392734] [-0.0018515561783619546, -0.005063564742356799]
	[0.6970139348392734, 0.6970139348392734] [-0.0018515561783619546, -0.005063564742356799]
	[0.6970139348392734, 0.6970139348392734] [-0.0018515561783619546, -0.005063564742356799]
	[0.6970139348392734, 0.6970139348392734] [-0.0018515561783619546, -0.005063564742356799]
	[0.6970139348392734, 0.6970139348392734] [-0.0018515561783619546, -0.005063564742356799]
	[1.0638505612461717, 1.0638505612461717] [-0.0035444859019228194, -0.004062581429674928]
	[1.0638505612461717, 1.0638505612461717] [-0.0035444859019228194, -0.004062581429674928]
	[1.0638505612461717, 1.0638505612461717] [-0.0035444859019228194, -0.004062581429674928]
	[1.4218665706334783, 1.4218665706334783] [-0.004743340341743783, -0.0025629417831966395]
	[1.2016392553008695, 1.2016392553008695] [-0.004068899959839188, -0.0035372307386555726]
	[1.2016392553008695, 1.2016392553008695] [-0.004068899959839188, -0.0035372307386555726]
	[1.2016392553008695, 1.2016392553008695] [-0.004068899959839188, -0.0035372307386555726]
	[0.6756130605441305, 0.6756130605441305] [-0.0017427757496347657, -0.005102027133224027]
	[0.6756130605441305, 0.6756130605441305] [-0.0017427757496347657, -0.005102027133224027]
	[0.6756130605441305, 0.6756130605441305] [-0.0017427757496347657, -0.005102027133224027]
	[0.6756130605441305, 0.6756130605441305] [-0.0017427757496347657, -0.005102027133224027]
