source:
	0.6565046111914192,0.9492986385371531
target:
	0.07383153336691994,0.198881327110218
points:
	[-0.39072374349576494, -0.39072374349576494] [-0.008245613603876637, -0.004719455687538029]
	[-0.6330255494755135, -0.6330255494755135] [-0.009137120795613888, -0.002603157555245309]
	[-0.6330255494755135, -0.6330255494755135] [-0.009137120795613888, -0.002603157555245309]
	[-1.183339246865178, -1.183339246865178] [-0.009149454299129103, 0.0025594709842501583]
	[-1.183339246865178, -1.183339246865178] [-0.009149454299129103, 0.0025594709842501583]
	[-1.183339246865178, -1.183339246865178] [-0.009149454299129103, 0.0025594709842501583]
	[-1.183339246865178, -1.183339246865178] [-0.009149454299129103, 0.0025594709842501583]
	[-1.183339246865178, -1.183339246865178] [-0.009149454299129103, 0.0025594709842501583]
	[-0.8802681838577648, -0.8802681838577648] [-0.009496343695762115, -0.0002878577826455511]
	[-0.8802681838577648, -0.8802681838577648] [-0.009496343695762115, -0.0002878577826455511]
	[-0.9295051221759293, -0.9295051221759293] [-0.009499002651474327, 0.00017987306178020648]
	[-0.9295051221759293, -0.9295051221759293] [-0.009499002651474327, 0.00017987306178020648]
	[-0.9295051221759293, -0.9295051221759293] [-0.009499002651474327, 0.00017987306178020648]
	[-0.6776151667401553, -0.6776151667401553] [-0.009244074272781969, -0.0021932844162034686]
	[-0.6776151667401553, -0.6776151667401553] [-0.009244074272781969, -0.0021932844162034686]
	[-1.0857944657965783, -1.0857944657965783] [-0.009355227647313185, 0.0016562371080305822]
	[-1.2847128213859307, -1.2847128213859307] [-0.008843463346126089, 0.003472256001045261]
	[-1.2847128213859307, -1.2847128213859307] [-0.008843463346126089, 0.003472256001045261]
	[-1.2847128213859307, -1.2847128213859307] [-0.008843463346126089, 0.003472256001045261]
	[-1.2847128213859307, -1.2847128213859307] [-0.008843463346126089, 0.003472256001045261]
	[-1.2847128213859307, -1.2847128213859307] [-0.008843463346126089, 0.003472256001045261]
	[-1.2847128213859307, -1.2847128213859307] [-0.008843463346126089, 0.003472256001045261]
	[-1.2847128213859307, -1.2847128213859307] [-0.008843463346126089, 0.003472256001045261]
	[-1.2847128213859307, -1.2847128213859307] [-0.008843463346126089, 0.003472256001045261]
	[-1.2847128213859307, -1.2847128213859307] [-0.008843463346126089, 0.003472256001045261]
	[-0.6156060190967289, -0.6156060190967289] [-0.009090391057663, -0.0027619189180406907]
	[-0.6156060190967289, -0.6156060190967289] [-0.009090391057663, -0.0027619189180406907]
	[-0.6156060190967289, -0.6156060190967289] [-0.009090391057663, -0.0027619189180406907]
	[-0.8284437494118595, -0.8284437494118595] [-0.009468682652744684, -0.0007793936827319006]
	[-1.2113954906660567, -1.2113954906660567] [-0.009074053804464313, 0.002815129347784431]
	[-1.2113954906660567, -1.2113954906660567] [-0.009074053804464313, 0.002815129347784431]
	[-1.2113954906660567, -1.2113954906660567] [-0.009074053804464313, 0.002815129347784431]
	[-1.2113954906660567, -1.2113954906660567] [-0.009074053804464313, 0.002815129347784431]
	[-1.2695244324067065, -1.2695244324067065] [-0.008895179276154505, 0.0033375427092610945]
	[-1.7758550894204574, -1.7758550894204574] [-0.006160487079986494, 0.007232689999467002]
	[-1.8882566752049255, -1.8882566752049255] [-0.005310356823981398, 0.00787804011750795]
	[-1.974080040361928, -1.974080040361928] [-0.004615521501474654, 0.00830423789161267]
	[-2.2154802803774887, -2.2154802803774887] [-0.0024964588152356928, 0.009166847826537892]
	[-2.2154802803774887, -2.2154802803774887] [-0.0024964588152356928, 0.009166847826537892]
	[-1.5755100339298376, -1.5755100339298376] [-0.007476624345947938, 0.005862038389557771]
	[-1.045065040703001, -1.045065040703001] [-0.00941490802757741, 0.0012739358395652822]
	[-1.045065040703001, -1.045065040703001] [-0.00941490802757741, 0.0012739358395652822]
	[-1.045065040703001, -1.045065040703001] [-0.00941490802757741, 0.0012739358395652822]
	[-1.045065040703001, -1.045065040703001] [-0.00941490802757741, 0.0012739358395652822]
	[-0.44084382320025217, -0.44084382320025217] [-0.008471699664272402, -0.0043004314306168585]
	[-0.3157884745500321, -0.3157884745500321] [-0.00786915086468528, -0.005323520485533365]
	[-0.1427062849951977, -0.1427062849951977] [-0.006834762032952718, -0.006599199469934102]
	[-0.1427062849951977, -0.1427062849951977] [-0.006834762032952718, -0.006599199469934102]
	[-0.1427062849951977, -0.1427062849951977] [-0.006834762032952718, -0.006599199469934102]
	[0.4812106151820966, 0.4812106151820966] [-0.0016916930877566721, -0.009348881226537578]
	[0.4812106151820966, 0.4812106151820966] [-0.0016916930877566721, -0.009348881226537578]
	[0.4812106151820966, 0.4812106151820966] [-0.0016916930877566721, -0.009348881226537578]
	[1.1369643674594436, 1.1369643674594436] [0.00435972763102426, -0.008441337611679449]
	[0.46855110950389245, 0.46855110950389245] [-0.001809906585340393, -0.009326716670051255]
	[0.46855110950389245, 0.46855110950389245] [-0.001809906585340393, -0.009326716670051255]
	[1.0198208037705159, 1.0198208037705159] [0.0033432600682093156, -0.008893031980567007]
	[1.7002406494420816, 1.7002406494420816] [0.008193524187105266, -0.004809320855005566]
	[1.7002406494420816, 1.7002406494420816] [0.008193524187105266, -0.004809320855005566]
	[2.069298370755736, 2.069298370755736] [0.00937673396683978, -0.0015297927330797545]
	[2.069298370755736, 2.069298370755736] [0.00937673396683978, -0.0015297927330797545]
	[2.3189029310361065, 2.3189029310361065] [0.009464041277261654, 0.0008338635340138623]
	[2.3189029310361065, 2.3189029310361065] [0.009464041277261654, 0.0008338635340138623]
	[2.0679510848765275, 2.0679510848765275] [0.009374664389090789, -0.001542424482100677]
	[2.4522473956402737, 2.4522473956402737] [0.009269165146950305, 0.002084702177682034]
	[2.4522473956402737, 2.4522473956402737] [0.009269165146950305, 0.002084702177682034]
	[2.4522473956402737, 2.4522473956402737] [0.009269165146950305, 0.002084702177682034]
	[2.8169476965874747, 2.8169476965874747] [0.007915989298713191, 0.005253619620197938]
	[2.8169476965874747, 2.8169476965874747] [0.007915989298713191, 0.005253619620197938]
	[2.8169476965874747, 2.8169476965874747] [0.007915989298713191, 0.005253619620197938]
	[2.8169476965874747, 2.8169476965874747] [0.007915989298713191, 0.005253619620197938]
	[2.6805984677191597, 2.6805984677191597] [0.008556629199095644, 0.0041288621241516825]
	[2.3375474672595296, 2.3375474672595296] [0.009446850287759701, 0.0010101610424704316]
	[2.9498832549407377, 2.9498832549407377] [0.007149809414637862, 0.006256487115420784]
	[3.149302032197793, 3.149302032197793] [0.005768705686026543, 0.007548870140562462]
	[2.467489158920743, 2.467489158920743] [0.009236315194816495, 0.00222573298332761]
	[2.467489158920743, 2.467489158920743] [0.009236315194816495, 0.00222573298332761]
	[2.467489158920743, 2.467489158920743] [0.009236315194816495, 0.00222573298332761]
	[2.467489158920743, 2.467489158920743] [0.009236315194816495, 0.00222573298332761]
	[3.1200174406619485, 3.1200174406619485] [0.005987266261232894, 0.007376723419525282]
	[3.1200174406619485, 3.1200174406619485] [0.005987266261232894, 0.007376723419525282]
	[3.1200174406619485, 3.1200174406619485] [0.005987266261232894, 0.007376723419525282]
	[3.1200174406619485, 3.1200174406619485] [0.005987266261232894, 0.007376723419525282]
	[2.9462014286537985, 2.9462014286537985] [0.007172796200520858, 0.0062301204127098555]
	[2.842473461265942, 2.842473461265942] [0.007779322453437773, 0.005453947914722819]
	[3.3656979322957863, 3.3656979322957863] [0.004013340485361163, 0.008611417063389248]
	[2.857686933302463, 2.857686933302463] [0.007695451926327336, 0.005571662708802049]
	[2.8192885667851884, 2.8192885667851884] [0.007903669579838056, 0.005272135512656424]
	[2.640327114034436, 2.640327114034436] [0.008715921570439506, 0.00378102061208582]
	[2.640327114034436, 2.640327114034436] [0.008715921570439506, 0.00378102061208582]
	[2.640327114034436, 2.640327114034436] [0.008715921570439506, 0.00378102061208582]
	[3.0720513904382654, 3.0720513904382654] [0.0063340766264470515, 0.007081163674239398]
	[3.0720513904382654, 3.0720513904382654] [0.0063340766264470515, 0.007081163674239398]
