source:
	0.4691274961562705,0.9932695304891378
target:
	0.6461549158671439,0.3977691507341429
points:
	[0, 0] [0.0017702741971087352, -0.005955003797549949]
	[0.6371767516035686, 0.6371767516035686] [-0.0021198932689869363, -0.005839691215285888]
	[0.6371767516035686, 0.6371767516035686] [-0.0021198932689869363, -0.005839691215285888]
	[0.6371767516035686, 0.6371767516035686] [-0.0021198932689869363, -0.005839691215285888]
	[1.1850909075022833, 1.1850909075022833] [-0.004851509317529902, -0.0038805667503218956]
	[0.7133571134875016, 0.7133571134875016] [-0.0025581845171428527, -0.005661416160116997]
	[0.7133571134875016, 0.7133571134875016] [-0.0025581845171428527, -0.005661416160116997]
	[0.7227399254083554, 0.7227399254083554] [-0.0026111911339368786, -0.005637164342453814]
	[0.7227399254083554, 0.7227399254083554] [-0.0026111911339368786, -0.005637164342453814]
	[1.0318866729449367, 1.0318866729449367] [-0.004202488131026645, -0.004575481883950964]
	[1.0318866729449367, 1.0318866729449367] [-0.004202488131026645, -0.004575481883950964]
	[0.91809385411263, 0.91809385411263] [-0.003655774816616407, -0.005023071913876663]
	[0.91809385411263, 0.91809385411263] [-0.003655774816616407, -0.005023071913876663]
	[0.91809385411263, 0.91809385411263] [-0.003655774816616407, -0.005023071913876663]
	[0.5524712400242187, 0.5524712400242187] [-0.0016182299546436008, -0.005998105765629468]
	[0.4773701675506726, 0.4773701675506726] [-0.001163627706232811, -0.006102615138042925]
	[0.4773701675506726, 0.4773701675506726] [-0.001163627706232811, -0.006102615138042925]
	[0.4331744304134572, 0.4331744304134572] [-0.0008928696748547553, -0.006148066745368666]
	[-0.2558351611329866, -0.2558351611329866] [0.003219590237331292, -0.0053132080389783655]
	[-0.2558351611329866, -0.2558351611329866] [0.003219590237331292, -0.0053132080389783655]
	[-0.2558351611329866, -0.2558351611329866] [0.003219590237331292, -0.0053132080389783655]
	[-0.7172131229678057, -0.7172131229678057] [0.005248296337529679, -0.003324353548474628]
	[-0.7172131229678057, -0.7172131229678057] [0.005248296337529679, -0.003324353548474628]
	[-0.8971901154714285, -0.8971901154714285] [0.005758607214250685, -0.0023311765084959254]
	[-0.5616889586157325, -0.5616889586157325] [0.004670016313147823, -0.00409718056676985]
	[0.007248514141706908, 0.007248514141706908] [0.0017270631401082217, -0.005967679102621287]
	[0.007248514141706908, 0.007248514141706908] [0.0017270631401082217, -0.005967679102621287]
	[0.3610541854917862, 0.3610541854917862] [-0.0004475328252834361, -0.006196422785129911]
	[0.3610541854917862, 0.3610541854917862] [-0.0004475328252834361, -0.006196422785129911]
	[0.3610541854917862, 0.3610541854917862] [-0.0004475328252834361, -0.006196422785129911]
	[-0.293218147235029, -0.293218147235029] [0.003415918153689202, -0.005189166034063648]
	[-0.293218147235029, -0.293218147235029] [0.003415918153689202, -0.005189166034063648]
	[0.2967028338195596, 0.2967028338195596] [-4.813347709513686e-05, -0.006212376689332837]
	[0.03155708380813754, 0.03155708380813754] [0.0015815014418469908, -0.006007894319245236]
	[-0.15038756043912452, -0.15038756043912452] [0.002642479854794643, -0.005622565355670646]
	[0.3648248197955599, 0.3648248197955599] [-0.00047089403279689776, -0.006194691257170092]
	[0.3939797764186757, 0.3939797764186757] [-0.0006512742840963379, -0.006178331714035602]
	[0.8547454391475608, 0.8547454391475608] [-0.003330451057224074, -0.0052444291126125765]
	[0.8547454391475608, 0.8547454391475608] [-0.003330451057224074, -0.0052444291126125765]
	[0.39310164166743367, 0.39310164166743367] [-0.0006458486259053103, -0.006178901238424152]
	[0.33210790865403794, 0.33210790865403794] [-0.0002680070247317997, -0.006206779615587918]
	[0.4711168166045453, 0.4711168166045453] [-0.0011254434093942913, -0.006109772343879455]
	[1.0772602588507967, 1.0772602588507967] [-0.004405697703505503, -0.004380156242317119]
	[1.735338534161278, 1.735338534161278] [-0.0061645444353886645, -0.0007709298709363564]
	[2.147694480311792, 2.147694480311792] [-0.005956791965111044, 0.0017642478414814037]
	[2.147694480311792, 2.147694480311792] [-0.005956791965111044, 0.0017642478414814037]
	[2.003538251872945, 2.003538251872945] [-0.006148452341223493, 0.000890210519757349]
	[2.111011203803888, 2.111011203803888] [-0.006017488375447986, 0.0015445952910492946]
	[1.673342450778108, 1.673342450778108] [-0.006104937449935195, -0.0011513816457465575]
	[2.1159784787489975, 2.1159784787489975] [-0.0060097417404487265, 0.0015744666318762083]
	[1.6255525081646256, 1.6255525081646256] [-0.006042963788320059, -0.0014417106557266534]
	[1.6255525081646256, 1.6255525081646256] [-0.006042963788320059, -0.0014417106557266534]
	[1.852868475636262, 1.852868475636262] [-0.006212416000628569, -4.275975815441889e-05]
