source:
	0.6909222358583482,0.7630453019423665
target:
	0.32889865452200007,0.1820562718425046
points:
	[-0.30304482494503826, -0.30304482494503826] [-0.005189101824657503, -0.004464768180693545]
	[-0.30304482494503826, -0.30304482494503826] [-0.005189101824657503, -0.004464768180693545]
	[-0.30304482494503826, -0.30304482494503826] [-0.005189101824657503, -0.004464768180693545]
	[-0.426078152098569, -0.426078152098569] [-0.005697807590060233, -0.0037941957409508248]
	[-0.426078152098569, -0.426078152098569] [-0.005697807590060233, -0.0037941957409508248]
	[-1.1138355792097907, -1.1138355792097907] [-0.006811112104003409, 0.000685335363669218]
	[-1.2376612161607956, -1.2376612161607956] [-0.006674316726574356, 0.0015213247146375925]
	[-1.1471237788139557, -1.1471237788139557] [-0.006784529374075202, 0.0009116434754376977]
	[-1.1471237788139557, -1.1471237788139557] [-0.006784529374075202, 0.0009116434754376977]
	[-0.670165156405565, -0.670165156405565] [-0.006445860459345324, -0.0023047376407404514]
	[-0.6347284381427698, -0.6347284381427698] [-0.006360158406736712, -0.0025316630295546256]
	[-0.4199618617908169, -0.4199618617908169] [-0.005674494757781811, -0.003828974000682706]
	[-0.2872036840389377, -0.2872036840389377] [-0.005117726693298535, -0.004546405849316252]
	[0.2944997422531397, 0.2944997422531397] [-0.0017779899596201023, -0.006610573678394901]
	[0.2944997422531397, 0.2944997422531397] [-0.0017779899596201023, -0.006610573678394901]
	[0.2944997422531397, 0.2944997422531397] [-0.0017779899596201023, -0.006610573678394901]
	[-0.042276311573432424, -0.042276311573432424] [-0.0038625486691923143, -0.005651694474413675]
	[-0.042276311573432424, -0.042276311573432424] [-0.0038625486691923143, -0.005651694474413675]
	[-0.042276311573432424, -0.042276311573432424] [-0.0038625486691923143, -0.005651694474413675]
	[-0.7017608042569492, -0.7017608042569492] [-0.00651545088790092, -0.002099960090418028]
	[-0.3009600758485517, -0.3009600758485517] [-0.00517978263359102, -0.004475576445861053]
	[-0.28272421473638315, -0.28272421473638315] [-0.005097309930809011, -0.004569284859064186]
	[-0.28272421473638315, -0.28272421473638315] [-0.005097309930809011, -0.004569284859064186]
	[0.03825162874976662, 0.03825162874976662] [-0.0033954040201863724, -0.005944086489419513]
	[0.03825162874976662, 0.03825162874976662] [-0.0033954040201863724, -0.005944086489419513]
	[0.03825162874976662, 0.03825162874976662] [-0.0033954040201863724, -0.005944086489419513]
	[-0.6488942142308008, -0.6488942142308008] [-0.006395382045606239, -0.0024413154537533113]
	[-0.6488942142308008, -0.6488942142308008] [-0.006395382045606239, -0.0024413154537533113]
	[-0.6488942142308008, -0.6488942142308008] [-0.006395382045606239, -0.0024413154537533113]
	[-1.066529354269873, -1.066529354269873] [-0.006835900841071028, 0.0003624808202398949]
	[-0.9328950256847716, -0.9328950256847716] [-0.006823249242288677, -0.0005515454936851293]
	[-0.7191926912620785, -0.7191926912620785] [-0.006551065398818441, -0.0019860701886895015]
	[-0.07635006714664716, -0.07635006714664716] [-0.004052843830849419, -0.005516827850925129]
	[-0.07635006714664716, -0.07635006714664716] [-0.004052843830849419, -0.005516827850925129]
	[0.3217004741333882, 0.3217004741333882] [-0.001597541980977853, -0.006656484978801554]
	[0.3217004741333882, 0.3217004741333882] [-0.001597541980977853, -0.006656484978801554]
	[0.18367181371779134, 0.18367181371779134] [-0.00249821905823921, -0.006373369139713136]
	[0.18367181371779134, 0.18367181371779134] [-0.00249821905823921, -0.006373369139713136]
	[0.18367181371779134, 0.18367181371779134] [-0.00249821905823921, -0.006373369139713136]
	[-0.251951598184435, -0.251951598184435] [-0.004954310002170222, -0.004723954387628387]
	[0.38003397588252263, 0.38003397588252263] [-0.0012067487956334026, -0.006738300230639379]
	[-0.11321431117545638, -0.11321431117545638] [-0.004253417919154347, -0.005363708480055015]
	[-0.11321431117545638, -0.11321431117545638] [-0.004253417919154347, -0.005363708480055015]
	[0.27884442485824895, 0.27884442485824895] [-0.0018812584829602087, -0.006581929745468848]
	[0.6608967938428991, 0.6608967938428991] [0.0007082898239506892, -0.0068087633370007275]
	[0.22051678080289755, 0.22051678080289755] [-0.002261750071180202, -0.006461069514369408]
	[0.22051678080289755, 0.22051678080289755] [-0.002261750071180202, -0.006461069514369408]
	[0.22051678080289755, 0.22051678080289755] [-0.002261750071180202, -0.006461069514369408]
	[-0.30647832697430316, -0.30647832697430316] [-0.0052044009981807235, -0.004446925106647611]
	[-0.7806787604687533, -0.7806787604687533] [-0.006660724747839744, -0.0015797716567632685]
	[-0.7806787604687533, -0.7806787604687533] [-0.006660724747839744, -0.0015797716567632685]
	[-0.7806787604687533, -0.7806787604687533] [-0.006660724747839744, -0.0015797716567632685]
	[-1.2957769053974406, -1.2957769053974406] [-0.006574685793906091, 0.001906420563623568]
	[-0.8077596235130025, -0.8077596235130025] [-0.0067010588497057625, -0.0013988362830501177]
	[-0.8077596235130025, -0.8077596235130025] [-0.0067010588497057625, -0.0013988362830501177]
