source:
	0.8326454924631883,0.5182560856062048
target:
	0.18614569190328956,0.9314570549872723
points:
	[0, 0] [-0.006464998005598988, 0.004132009693810675]
	[0, 0] [-0.006464998005598988, 0.004132009693810675]
	[-0.1471641313873117, -0.1471641313873117] [-0.0070010082070653245, 0.003139360987008063]
	[-0.26157023714849725, -0.26157023714849725] [-0.007313619991981411, 0.0023196262489966137]
	[0.04135012672844485, 0.04135012672844485] [-0.006288661321124833, 0.004395729986058373]
	[-0.640858363995475, -0.640858363995475] [-0.007652692826839362, -0.0005531688893870027]
	[-0.640858363995475, -0.640858363995475] [-0.007652692826839362, -0.0005531688893870027]
	[-0.640858363995475, -0.640858363995475] [-0.007652692826839362, -0.0005531688893870027]
	[-1.1206200883922595, -1.1206200883922595] [-0.0065334165669370305, -0.004022955541019192]
	[-1.4341869398805371, -1.4341869398805371] [-0.004973948553470273, -0.005842049221769298]
	[-2.0256654517537744, -2.0256654517537744] [-0.0008714979621779859, -0.007623004304345098]
	[-1.9866234346176719, -1.9866234346176719] [-0.0011683757052380703, -0.007583178854118747]
	[-2.4127530073467875, -2.4127530073467875] [0.002070613292236058, -0.007387981044653514]
	[-1.746118143167299, -1.746118143167299] [-0.0029410104046963736, -0.007086618454637722]
	[-1.8093815630084182, -1.8093815630084182] [-0.002487102295728377, -0.007258376229758754]
	[-2.3675708386535983, -2.3675708386535983] [0.0017348087031165446, -0.007473964281807572]
	[-2.406140941837288, -2.406140941837288] [0.00202171857070146, -0.007401510477127294]
	[-2.406140941837288, -2.406140941837288] [0.00202171857070146, -0.007401510477127294]
	[-2.406140941837288, -2.406140941837288] [0.00202171857070146, -0.007401510477127294]
	[-2.4393735225233315, -2.4393735225233315] [0.002266528297314495, -0.007330249163542596]
	[-3.0258574621996748, -3.0258574621996748] [0.005944596118634831, -0.004850925716649964]
	[-3.0258574621996748, -3.0258574621996748] [0.005944596118634831, -0.004850925716649964]
	[-3.0258574621996748, -3.0258574621996748] [0.005944596118634831, -0.004850925716649964]
	[-3.0258574621996748, -3.0258574621996748] [0.005944596118634831, -0.004850925716649964]
	[-3.1725692417087803, -3.1725692417087803] [0.006589871606092661, -0.003929795864591189]
	[-3.2780976604526253, -3.2780976604526253] [0.006967148288247662, -0.0032138058515896596]
	[-3.83443617794573, -3.83443617794573] [0.0076136109961715765, 0.0009500689033536049]
	[-4.432133466937513, -4.432133466937513] [0.005759024705983891, 0.005069845930401774]
	[-4.592298418334302, -4.592298418334302] [0.004876770545169762, 0.005923412223702559]
	[-4.363285596119296, -4.363285596119296] [0.006094153536867883, 0.004661651637695049]
	[-4.676915590439057, -4.676915590439057] [0.004358697486156763, 0.006314385128127281]
	[-4.6702637894059835, -4.6702637894059835] [0.004400602781830893, 0.0062852524594232875]
	[-5.268558222777067, -5.268558222777067] [9.613904641882615e-05, 0.007672057129994403]
	[-5.231339544210363, -5.231339544210363] [0.00038155037560907767, 0.007663166619160571]
	[-5.231339544210363, -5.231339544210363] [0.00038155037560907767, 0.007663166619160571]
	[-4.798240167026769, -4.798240167026769] [0.0035624455047087943, 0.006795490074168631]
	[-4.798240167026769, -4.798240167026769] [0.0035624455047087943, 0.006795490074168631]
	[-4.309157863095438, -4.309157863095438] [0.006337429798516056, 0.004325122757913933]
	[-4.309157863095438, -4.309157863095438] [0.006337429798516056, 0.004325122757913933]
	[-4.598544718924443, -4.598544718924443] [0.004839676236105825, 0.005953758246000322]
	[-4.092879124943553, -4.092879124943553] [0.007117941726833926, 0.002864368847676697]
	[-4.092879124943553, -4.092879124943553] [0.007117941726833926, 0.002864368847676697]
	[-4.219719041195451, -4.219719041195451] [0.006698417537424398, 0.0037417784296333635]
	[-4.885936305977812, -4.885936305977812] [0.0029535809068495984, 0.007081388504300394]
	[-5.189082496533035, -5.189082496533035] [0.000704936200032838, 0.0076402073450939495]
	[-5.2749293398776365, -5.2749293398776365] [4.7257851530435775e-05, 0.007672513930753922]
	[-5.1900004803220705, -5.1900004803220705] [0.0006979223175074084, 0.007640851245827873]
	[-5.426215221166537, -5.426215221166537] [-0.001109602283675316, 0.007592001455097779]
	[-5.426215221166537, -5.426215221166537] [-0.001109602283675316, 0.007592001455097779]
	[-5.426215221166537, -5.426215221166537] [-0.001109602283675316, 0.007592001455097779]
	[-5.426215221166537, -5.426215221166537] [-0.001109602283675316, 0.007592001455097779]
	[-5.426215221166537, -5.426215221166537] [-0.001109602283675316, 0.007592001455097779]
	[-4.772502430144528, -4.772502430144528] [0.0037361468587248036, 0.006701560264012036]
	[-5.15846778596539, -5.15846778596539] [0.0009384720716986179, 0.007615049145789276]
	[-5.52648361526566, -5.52648361526566] [-0.0018639920085965925, 0.007442797667143203]
	[-5.092889076450143, -5.092889076450143] [0.0014354820467023983, 0.007537180813523008]
	[-5.092889076450143, -5.092889076450143] [0.0014354820467023983, 0.007537180813523008]
	[-5.092889076450143, -5.092889076450143] [0.0014354820467023983, 0.007537180813523008]
	[-5.092889076450143, -5.092889076450143] [0.0014354820467023983, 0.007537180813523008]
	[-5.092889076450143, -5.092889076450143] [0.0014354820467023983, 0.007537180813523008]
	[-5.3695339227357755, -5.3695339227357755] [-0.000677726197672284, 0.00764266907062794]
	[-5.3695339227357755, -5.3695339227357755] [-0.000677726197672284, 0.00764266907062794]
	[-5.3695339227357755, -5.3695339227357755] [-0.000677726197672284, 0.00764266907062794]
	[-5.877472776280388, -5.877472776280388] [-0.0043093836737203624, 0.006348142694900349]
	[-5.52138218530574, -5.52138218530574] [-0.0018259990075200454, 0.0074522098029161845]
	[-4.929438872075522, -4.929438872075522] [0.0026428251459063123, 0.007203136717452303]
	[-4.4763624078440225, -4.4763624078440225] [0.005529231908869938, 0.005319520450198379]
	[-4.348202445350942, -4.348202445350942] [0.00616377006414904, 0.004569205830168347]
	[-4.034552668676995, -4.034552668676995] [0.00727281140050902, 0.002444569012069471]
	[-4.291641914868234, -4.291641914868234] [0.006412212387355436, 0.004213458866725742]
	[-3.6113448925567657, -3.6113448925567657] [0.007635130169894881, -0.0007579515887609456]
	[-3.6120752759876744, -3.6120752759876744] [0.0076356817286095105, -0.0007523748145194346]
	[-3.6120752759876744, -3.6120752759876744] [0.0076356817286095105, -0.0007523748145194346]
	[-3.9741934799469347, -3.9741934799469347] [0.007407029778045419, 0.00200140280535746]
