source:
	0.43644937566357733,0.6498764297522666
target:
	0.8426753231989108,0.2112659564760183
points:
	[-0.41539692666194755, -0.41539692666194755] [0.00548681584518544, -0.0023737562328262313]
	[-0.41539692666194755, -0.41539692666194755] [0.00548681584518544, -0.0023737562328262313]
	[-0.5915322752711035, -0.5915322752711035] [0.005817868985162514, -0.0013755970497727494]
	[-0.5915322752711035, -0.5915322752711035] [0.005817868985162514, -0.0013755970497727494]
	[-0.5915322752711035, -0.5915322752711035] [0.005817868985162514, -0.0013755970497727494]
	[-0.5915322752711035, -0.5915322752711035] [0.005817868985162514, -0.0013755970497727494]
	[-0.5915322752711035, -0.5915322752711035] [0.005817868985162514, -0.0013755970497727494]
	[-0.5915322752711035, -0.5915322752711035] [0.005817868985162514, -0.0013755970497727494]
	[-0.06025332305862385, -0.06025332305862385] [0.004319005270994607, -0.004133528787970419]
	[-0.06025332305862385, -0.06025332305862385] [0.004319005270994607, -0.004133528787970419]
	[0.1888555301384401, 0.1888555301384401] [0.0031666065049617644, -0.005070746494806582]
	[0.1888555301384401, 0.1888555301384401] [0.0031666065049617644, -0.005070746494806582]
	[0.8720387964315475, 0.8720387964315475] [-0.0007450690294937701, -0.005931672522412933]
	[1.2830946207051988, 1.2830946207051988] [-0.0030531667966086405, -0.005139848177129936]
	[1.0113176926444587, 1.0113176926444587] [-0.0015613423941773835, -0.005770795153183297]
	[1.0113176926444587, 1.0113176926444587] [-0.0015613423941773835, -0.005770795153183297]
	[0.31520562423261667, 0.31520562423261667] [0.0025023777531391917, -0.0054293620575951145]
	[0.2037896270739979, 0.2037896270739979] [0.0030905291868966855, -0.005117469698669364]
	[-0.002781179042258164, -0.002781179042258164] [0.004074442291496601, -0.0043747899132556434]
	[-0.002781179042258164, -0.002781179042258164] [0.004074442291496601, -0.0043747899132556434]
	[-0.6269459882436428, -0.6269459882436428] [0.005862925998530257, -0.0011687452706288818]
	[-0.6269459882436428, -0.6269459882436428] [0.005862925998530257, -0.0011687452706288818]
	[-1.2586574646207254, -1.2586574646207254] [0.005421662340840013, 0.0025190165211400623]
	[-0.7542259719814409, -0.7542259719814409] [0.005963856359662836, -0.00041507119048249256]
	[-0.6175376145420632, -0.6175376145420632] [0.005851670684635082, -0.0012238533288110088]
	[-0.35397936803955293, -0.35397936803955293] [0.005330771969900976, -0.0027060556122846906]
	[-0.8847633853977961, -0.8847633853977961] [0.005967144939861358, 0.00036475750649767605]
	[-0.8847633853977961, -0.8847633853977961] [0.005967144939861358, 0.00036475750649767605]
	[-0.3096549901441811, -0.3096549901441811] [0.005205631314660043, -0.002939603610640412]
	[-0.5704628028924392, -0.5704628028924392] [0.005787596731261236, -0.0014978620925017241]
	[0.04798283147947202, 0.04798283147947202] [0.0038472070210803307, -0.004575900447869207]
	[0.003995670833377631, 0.003995670833377631] [0.004044701663507902, -0.0044023011283959]
	[0.23961090043839253, 0.23961090043839253] [0.0029052714917716374, -0.005224869790813777]
	[0.23961090043839253, 0.23961090043839253] [0.0029052714917716374, -0.005224869790813777]
	[0.23961090043839253, 0.23961090043839253] [0.0029052714917716374, -0.005224869790813777]
	[-0.1508680573245558, -0.1508680573245558] [0.0046753318973603375, -0.003725739983061671]
	[-0.1508680573245558, -0.1508680573245558] [0.0046753318973603375, -0.003725739983061671]
	[-0.2177994815792394, -0.2177994815792394] [0.004914046431257266, -0.0034047047512680327]
	[-0.13303588965052998, -0.13303588965052998] [0.0046081540724553375, -0.003808514515709857]
	[-0.15407857267897335, -0.15407857267897335] [0.004687269326975808, -0.003710710582658145]
	[0.11439922782011552, 0.11439922782011552] [0.003535033427778419, -0.004821141507604663]
	[0.5172017807562318, 0.5172017807562318] [0.001362232143344025, -0.005821012829353646]
	[0.5172017807562318, 0.5172017807562318] [0.001362232143344025, -0.005821012829353646]
	[0.8287255419948794, 0.8287255419948794] [-0.00048753053306636814, -0.005958370645670461]
	[0.8287255419948794, 0.8287255419948794] [-0.00048753053306636814, -0.005958370645670461]
	[0.8287255419948794, 0.8287255419948794] [-0.00048753053306636814, -0.005958370645670461]
	[1.336408937368641, 1.336408937368641] [-0.0033227263337582574, -0.004969844714154438]
	[1.3890071012581422, 1.3890071012581422] [-0.0035794153122507685, -0.00478828286489887]
	[1.3890071012581422, 1.3890071012581422] [-0.0035794153122507685, -0.00478828286489887]
