source:
	0.3311494471796175,0.7151361338451373
target:
	0.758844874833999,0.9936571209189473
points:
	[0, 0] [0.004276954276543815, 0.0027852098707381]
	[0, 0] [0.004276954276543815, 0.0027852098707381]
	[-0.2348865563027331, -0.2348865563027331] [0.004807721615698571, 0.0017133431570027352]
	[-0.2348865563027331, -0.2348865563027331] [0.004807721615698571, 0.0017133431570027352]
	[0.4446265660239741, 0.4446265660239741] [0.0026631351309078584, 0.004354014605192288]
	[0.4446265660239741, 0.4446265660239741] [0.0026631351309078584, 0.004354014605192288]
	[0.9271627172879431, 0.9271627172879431] [0.0003386794513392869, 0.005092644513113388]
	[1.5130429376512047, 1.5130429376512047] [-0.0025336948787649384, 0.004430589370391223]
	[1.5130429376512047, 1.5130429376512047] [-0.0025336948787649384, 0.004430589370391223]
	[1.5130429376512047, 1.5130429376512047] [-0.0025336948787649384, 0.004430589370391223]
	[1.5130429376512047, 1.5130429376512047] [-0.0025336948787649384, 0.004430589370391223]
	[1.5130429376512047, 1.5130429376512047] [-0.0025336948787649384, 0.004430589370391223]
	[2.080688791221844, 2.080688791221844] [-0.004518433171734251, 0.0023734981736405316]
	[2.080688791221844, 2.080688791221844] [-0.004518433171734251, 0.0023734981736405316]
	[2.080688791221844, 2.080688791221844] [-0.004518433171734251, 0.0023734981736405316]
	[2.080688791221844, 2.080688791221844] [-0.004518433171734251, 0.0023734981736405316]
	[2.080688791221844, 2.080688791221844] [-0.004518433171734251, 0.0023734981736405316]
	[2.080688791221844, 2.080688791221844] [-0.004518433171734251, 0.0023734981736405316]
	[2.162137882018676, 2.162137882018676] [-0.004696559509602556, 0.001998014184250247]
	[2.714202870675617, 2.714202870675617] [-0.005046706097760725, -0.0007618985959614865]
	[2.714202870675617, 2.714202870675617] [-0.005046706097760725, -0.0007618985959614865]
	[2.714202870675617, 2.714202870675617] [-0.005046706097760725, -0.0007618985959614865]
	[2.714202870675617, 2.714202870675617] [-0.005046706097760725, -0.0007618985959614865]
	[2.714202870675617, 2.714202870675617] [-0.005046706097760725, -0.0007618985959614865]
	[2.714202870675617, 2.714202870675617] [-0.005046706097760725, -0.0007618985959614865]
	[2.5537631243682877, 2.5537631243682877] [-0.00510360696787785, 5.41093811832584e-05]
	[1.8891766423488265, 1.8891766423488265] [-0.003984044828872217, 0.003190159668298739]
	[1.8891766423488265, 1.8891766423488265] [-0.003984044828872217, 0.003190159668298739]
	[1.2250841999357864, 1.2250841999357864] [-0.001171103564592179, 0.004967720639156642]
	[1.0672867684730276, 1.0672867684730276] [-0.0003759090942052313, 0.005090031852611255]
	[1.0672867684730276, 1.0672867684730276] [-0.0003759090942052313, 0.005090031852611255]
	[1.0672867684730276, 1.0672867684730276] [-0.0003759090942052313, 0.005090031852611255]
	[0.7214840881577543, 0.7214840881577543] [0.0013716195655832939, 0.0049161358479005105]
	[0.7214840881577543, 0.7214840881577543] [0.0013716195655832939, 0.0049161358479005105]
	[0.7214840881577543, 0.7214840881577543] [0.0013716195655832939, 0.0049161358479005105]
	[0.7214840881577543, 0.7214840881577543] [0.0013716195655832939, 0.0049161358479005105]
	[0.7214840881577543, 0.7214840881577543] [0.0013716195655832939, 0.0049161358479005105]
	[0.7214840881577543, 0.7214840881577543] [0.0013716195655832939, 0.0049161358479005105]
	[0.7214840881577543, 0.7214840881577543] [0.0013716195655832939, 0.0049161358479005105]
	[0.7214840881577543, 0.7214840881577543] [0.0013716195655832939, 0.0049161358479005105]
	[0.7214840881577543, 0.7214840881577543] [0.0013716195655832939, 0.0049161358479005105]
	[0.7214840881577543, 0.7214840881577543] [0.0013716195655832939, 0.0049161358479005105]
	[1.1211913349286713, 1.1211913349286713] [-0.0006496061902336843, 0.0050623851794696]
	[1.1211913349286713, 1.1211913349286713] [-0.0006496061902336843, 0.0050623851794696]
	[1.1211913349286713, 1.1211913349286713] [-0.0006496061902336843, 0.0050623851794696]
	[1.1211913349286713, 1.1211913349286713] [-0.0006496061902336843, 0.0050623851794696]
	[1.1211913349286713, 1.1211913349286713] [-0.0006496061902336843, 0.0050623851794696]
