source:
	0.333507686822627,0.4679723126517539
target:
	0.5657245089843056,0.8773092490572404
points:
	[0.3147937650653924, 0.3147937650653924] [0.0009406668977147463, 0.004611212832608523]
	[0.3147937650653924, 0.3147937650653924] [0.0009406668977147463, 0.004611212832608523]
	[0.3147937650653924, 0.3147937650653924] [0.0009406668977147463, 0.004611212832608523]
	[0.3147937650653924, 0.3147937650653924] [0.0009406668977147463, 0.004611212832608523]
	[0.3147937650653924, 0.3147937650653924] [0.0009406668977147463, 0.004611212832608523]
	[0.3147937650653924, 0.3147937650653924] [0.0009406668977147463, 0.004611212832608523]
	[0.3147937650653924, 0.3147937650653924] [0.0009406668977147463, 0.004611212832608523]
	[0.3147937650653924, 0.3147937650653924] [0.0009406668977147463, 0.004611212832608523]
	[0.3147937650653924, 0.3147937650653924] [0.0009406668977147463, 0.004611212832608523]
	[0.10937771656078762, 0.10937771656078762] [0.0018614602463132683, 0.004322395603304392]
	[0.7640261405238068, 0.7640261405238068] [-0.001155196155075153, 0.004562199014002939]
	[0.16068767404977613, 0.16068767404977613] [0.0016373258069188876, 0.004412176583282588]
	[0.16068767404977613, 0.16068767404977613] [0.0016373258069188876, 0.004412176583282588]
	[0.16068767404977613, 0.16068767404977613] [0.0016373258069188876, 0.004412176583282588]
	[0.16068767404977613, 0.16068767404977613] [0.0016373258069188876, 0.004412176583282588]
	[0.16068767404977613, 0.16068767404977613] [0.0016373258069188876, 0.004412176583282588]
	[0.16068767404977613, 0.16068767404977613] [0.0016373258069188876, 0.004412176583282588]
	[0.16068767404977613, 0.16068767404977613] [0.0016373258069188876, 0.004412176583282588]
	[0.6960512146221036, 0.6960512146221036] [-0.0008426519624207202, 0.004630126960494529]
	[0.6960512146221036, 0.6960512146221036] [-0.0008426519624207202, 0.004630126960494529]
	[0.2856153361094428, 0.2856153361094428] [0.001074795348224027, 0.004581806735285306]
	[0.2856153361094428, 0.2856153361094428] [0.001074795348224027, 0.004581806735285306]
	[0.2856153361094428, 0.2856153361094428] [0.001074795348224027, 0.004581806735285306]
	[0.2856153361094428, 0.2856153361094428] [0.001074795348224027, 0.004581806735285306]
	[0.2856153361094428, 0.2856153361094428] [0.001074795348224027, 0.004581806735285306]
	[0.2856153361094428, 0.2856153361094428] [0.001074795348224027, 0.004581806735285306]
	[0.2856153361094428, 0.2856153361094428] [0.001074795348224027, 0.004581806735285306]
	[0.2856153361094428, 0.2856153361094428] [0.001074795348224027, 0.004581806735285306]
	[0.2856153361094428, 0.2856153361094428] [0.001074795348224027, 0.004581806735285306]
	[0.2856153361094428, 0.2856153361094428] [0.001074795348224027, 0.004581806735285306]
	[0.2856153361094428, 0.2856153361094428] [0.001074795348224027, 0.004581806735285306]
	[0.4831954859930718, 0.4831954859930718] [0.00015448907666561445, 0.004703644451407952]
	[0.4831954859930718, 0.4831954859930718] [0.00015448907666561445, 0.004703644451407952]
	[0.17142211267108637, 0.17142211267108637] [0.0015898701456469298, 0.004429497818043306]
	[-0.22071808926027014, -0.22071808926027014] [0.0031619963373097095, 0.0034856731290971305]
	[-0.22071808926027014, -0.22071808926027014] [0.0031619963373097095, 0.0034856731290971305]
	[0.013939906979283212, 0.013939906979283212] [0.0022648832620837476, 0.004125341417289323]
	[0.07223935084784643, 0.07223935084784643] [0.0020206664866124807, 0.004250299395330989]
