source:
	0.754880995400172,0.5044192911453236
target:
	0.2690111418615755,0.1386259522668194
points:
	[0, 0] [-0.0048586985353859646, -0.003657933388785042]
	[0, 0] [-0.0048586985353859646, -0.003657933388785042]
	[0.3524059268297864, 0.3524059268297864] [-0.0032975463980589033, -0.0051101483234049965]
	[0.3524059268297864, 0.3524059268297864] [-0.0032975463980589033, -0.0051101483234049965]
	[0.3524059268297864, 0.3524059268297864] [-0.0032975463980589033, -0.0051101483234049965]
	[0.3524059268297864, 0.3524059268297864] [-0.0032975463980589033, -0.0051101483234049965]
	[-0.009504154032528023, -0.009504154032528023] [-0.004893244135464809, -0.003611591057316621]
	[-0.31447473102194357, -0.31447473102194357] [-0.005751884025374107, -0.001975666544029204]
	[-0.31447473102194357, -0.31447473102194357] [-0.005751884025374107, -0.001975666544029204]
	[-0.31447473102194357, -0.31447473102194357] [-0.005751884025374107, -0.001975666544029204]
	[-0.31447473102194357, -0.31447473102194357] [-0.005751884025374107, -0.001975666544029204]
	[-0.17703821462267347, -0.17703821462267347] [-0.005426971671716789, -0.0027450695089439206]
	[-0.17703821462267347, -0.17703821462267347] [-0.005426971671716789, -0.0027450695089439206]
	[-0.3066489811527092, -0.3066489811527092] [-0.0057362469824070094, -0.0020206183933084987]
	[-0.3066489811527092, -0.3066489811527092] [-0.0057362469824070094, -0.0020206183933084987]
	[-0.6964370315016717, -0.6964370315016717] [-0.006073788492871324, 0.00031067906014734285]
	[-1.2547789698238156, -1.2547789698238156] [-0.004986798933221654, 0.0034812734069833567]
	[-1.2547789698238156, -1.2547789698238156] [-0.004986798933221654, 0.0034812734069833567]
	[-1.2547789698238156, -1.2547789698238156] [-0.004986798933221654, 0.0034812734069833567]
	[-1.2547789698238156, -1.2547789698238156] [-0.004986798933221654, 0.0034812734069833567]
	[-1.2547789698238156, -1.2547789698238156] [-0.004986798933221654, 0.0034812734069833567]
	[-1.0997013596614378, -1.0997013596614378] [-0.005464661359416767, 0.002669251648205435]
	[-1.687826381609093, -1.687826381609093] [-0.0030655956905876326, 0.005252575672601079]
	[-1.1059253196265266, -1.1059253196265266] [-0.005447942307478174, 0.0027032115620016736]
	[-1.1059253196265266, -1.1059253196265266] [-0.005447942307478174, 0.0027032115620016736]
	[-1.5028607940764234, -1.5028607940764234] [-0.003979319954407066, 0.00459917827823709]
	[-1.5028607940764234, -1.5028607940764234] [-0.003979319954407066, 0.00459917827823709]
	[-1.5028607940764234, -1.5028607940764234] [-0.003979319954407066, 0.00459917827823709]
	[-1.5028607940764234, -1.5028607940764234] [-0.003979319954407066, 0.00459917827823709]
	[-1.5028607940764234, -1.5028607940764234] [-0.003979319954407066, 0.00459917827823709]
	[-1.5028607940764234, -1.5028607940764234] [-0.003979319954407066, 0.00459917827823709]
	[-1.5028607940764234, -1.5028607940764234] [-0.003979319954407066, 0.00459917827823709]
	[-1.0296996366220497, -1.0296996366220497] [-0.0056379773950516535, 0.00228049096192831]
	[-1.0296996366220497, -1.0296996366220497] [-0.0056379773950516535, 0.00228049096192831]
	[-0.3557110646872046, -0.3557110646872046] [-0.0058284405231617065, -0.0017368676410471331]
	[-0.3557110646872046, -0.3557110646872046] [-0.0058284405231617065, -0.0017368676410471331]
	[-0.3557110646872046, -0.3557110646872046] [-0.0058284405231617065, -0.0017368676410471331]
	[-0.3557110646872046, -0.3557110646872046] [-0.0058284405231617065, -0.0017368676410471331]
	[-0.3557110646872046, -0.3557110646872046] [-0.0058284405231617065, -0.0017368676410471331]
	[-0.3557110646872046, -0.3557110646872046] [-0.0058284405231617065, -0.0017368676410471331]
	[-0.3557110646872046, -0.3557110646872046] [-0.0058284405231617065, -0.0017368676410471331]
	[-0.1934818256704112, -0.1934818256704112] [-0.005471374803584085, -0.002655463404616105]
	[-0.1934818256704112, -0.1934818256704112] [-0.005471374803584085, -0.002655463404616105]
	[0.27388551407567274, 0.27388551407567274] [-0.003688224949415522, -0.004835744498736364]
	[0.27388551407567274, 0.27388551407567274] [-0.003688224949415522, -0.004835744498736364]
	[0.27388551407567274, 0.27388551407567274] [-0.003688224949415522, -0.004835744498736364]
	[0.27388551407567274, 0.27388551407567274] [-0.003688224949415522, -0.004835744498736364]
	[0.1559520041944219, 0.1559520041944219] [-0.004231581433902461, -0.00436819719138252]
	[0.1559520041944219, 0.1559520041944219] [-0.004231581433902461, -0.00436819719138252]
	[0.1559520041944219, 0.1559520041944219] [-0.004231581433902461, -0.00436819719138252]
