source:
	0.5619116947159146,0.15022113801725767
target:
	0.42960326595243337,0.6212886291263473
points:
	[0, 0] [-0.001323084287634813, 0.004710674911090896]
	[0, 0] [-0.001323084287634813, 0.004710674911090896]
	[0.43344713220625253, 0.43344713220625253] [0.0007777613334955439, 0.004830745021038326]
	[0.4462672973716898, 0.4462672973716898] [0.0008396266718485622, 0.004820377288354911]
	[-0.17595830704222148, -0.17595830704222148] [-0.0021272666403302286, 0.004406330308897131]
	[0.13408447206182028, 0.13408447206182028] [-0.0006814710423971974, 0.004845266490972547]
	[0.13408447206182028, 0.13408447206182028] [-0.0006814710423971974, 0.004845266490972547]
	[0.13408447206182028, 0.13408447206182028] [-0.0006814710423971974, 0.004845266490972547]
	[-0.1433283132772532, -0.1433283132772532] [-0.001982381254899385, 0.0044733851511345275]
	[0.077408603170562, 0.077408603170562] [-0.0009548395375553737, 0.004798884412828505]
	[-0.2100338744174476, -0.2100338744174476] [-0.002276150877788018, 0.004331298573374062]
	[-0.3887022690215908, -0.3887022690215908] [-0.003009672778761167, 0.003857833577923156]
	[-0.9501649565440778, -0.9501649565440778] [-0.004601626175784834, 0.0016631436163179626]
	[-0.9501649565440778, -0.9501649565440778] [-0.004601626175784834, 0.0016631436163179626]
	[-0.9501649565440778, -0.9501649565440778] [-0.004601626175784834, 0.0016631436163179626]
	[-1.0154272879516282, -1.0154272879516282] [-0.004700293692411487, 0.0013595033487432571]
	[-1.0154272879516282, -1.0154272879516282] [-0.004700293692411487, 0.0013595033487432571]
	[-1.0154272879516282, -1.0154272879516282] [-0.004700293692411487, 0.0013595033487432571]
	[-1.0154272879516282, -1.0154272879516282] [-0.004700293692411487, 0.0013595033487432571]
	[-1.3955188252529882, -1.3955188252529882] [-0.004869220107421489, -0.00048135817812685597]
	[-1.3955188252529882, -1.3955188252529882] [-0.004869220107421489, -0.00048135817812685597]
	[-1.3955188252529882, -1.3955188252529882] [-0.004869220107421489, -0.00048135817812685597]
	[-0.8140603654099766, -0.8140603654099766] [-0.004333407352297898, 0.0022721335500401067]
	[-1.4562366275532002, -1.4562366275532002] [-0.004831038250012105, -0.0007759378693473634]
	[-1.33140981938822, -1.33140981938822] [-0.00489005563292184, -0.00016842225831738224]
	[-1.33140981938822, -1.33140981938822] [-0.00489005563292184, -0.00016842225831738224]
	[-0.8863011877205823, -0.8863011877205823] [-0.004486102879013091, 0.001953430600015726]
	[-1.5548976537838524, -1.5548976537838524] [-0.00473111396844872, -0.001248026749599843]
	[-1.6093720685494166, -1.6093720685494166] [-0.004656144096321705, -0.001503772690420954]
	[-2.0493828667397698, -2.0493828667397698] [-0.003572101873058135, -0.003343814940851528]
	[-2.0493828667397698, -2.0493828667397698] [-0.003572101873058135, -0.003343814940851528]
	[-1.769260904199574, -1.769260904199574] [-0.004357341585515092, -0.00222588958785205]
	[-1.769260904199574, -1.769260904199574] [-0.004357341585515092, -0.00222588958785205]
	[-1.769260904199574, -1.769260904199574] [-0.004357341585515092, -0.00222588958785205]
	[-1.3576619750158465, -1.3576619750158465] [-0.004883949736503399, -0.00029672398196930924]
	[-1.3576619750158465, -1.3576619750158465] [-0.004883949736503399, -0.00029672398196930924]
	[-0.7844894570015436, -0.7844894570015436] [-0.004264333579564459, 0.0023992643189874488]
	[-1.0973039217073488, -1.0973039217073488] [-0.004795734848407817, 0.0009705346021313141]
	[-1.27723465229821, -1.27723465229821] [-0.004892001197987824, 9.661484902972182e-05]
	[-0.9452613800820784, -0.9452613800820784] [-0.004593415533494782, 0.0016856879565376823]
	[-1.2191722734601889, -1.2191722734601889] [-0.00487815092312442, 0.00038033369741282964]
	[-0.6664774346116208, -0.6664774346116208] [-0.00395218840582864, 0.002884651964275935]
	[-0.3528605597284147, -0.3528605597284147] [-0.0028694980835929276, 0.003963204624848919]
