source:
	0.015202758517039672,0.660451721716459
target:
	0.44195342118689773,0.9289214163804338
points:
	[-0.0701282972461591, -0.0701282972461591] [0.004445136117485525, 0.0023790702808531724]
	[-0.0701282972461591, -0.0701282972461591] [0.004445136117485525, 0.0023790702808531724]
	[-0.0701282972461591, -0.0701282972461591] [0.004445136117485525, 0.0023790702808531724]
	[-0.0701282972461591, -0.0701282972461591] [0.004445136117485525, 0.0023790702808531724]
	[-0.0701282972461591, -0.0701282972461591] [0.004445136117485525, 0.0023790702808531724]
	[0.17150565773793963, 0.17150565773793963] [0.0037467109072699912, 0.003373628296294237]
	[0.17150565773793963, 0.17150565773793963] [0.0037467109072699912, 0.003373628296294237]
	[0.17150565773793963, 0.17150565773793963] [0.0037467109072699912, 0.003373628296294237]
	[0.3403873729080284, 0.3403873729080284] [0.0031263680319104023, 0.003955380314617263]
	[0.3403873729080284, 0.3403873729080284] [0.0031263680319104023, 0.003955380314617263]
	[0.3403873729080284, 0.3403873729080284] [0.0031263680319104023, 0.003955380314617263]
	[0.3403873729080284, 0.3403873729080284] [0.0031263680319104023, 0.003955380314617263]
	[0.3403873729080284, 0.3403873729080284] [0.0031263680319104023, 0.003955380314617263]
	[0.3403873729080284, 0.3403873729080284] [0.0031263680319104023, 0.003955380314617263]
	[0.3403873729080284, 0.3403873729080284] [0.0031263680319104023, 0.003955380314617263]
	[0.3403873729080284, 0.3403873729080284] [0.0031263680319104023, 0.003955380314617263]
	[-0.3169549900545739, -0.3169549900545739] [0.004891689366857643, 0.0012208954264739278]
	[-0.2555189537724751, -0.2555189537724751] [0.004807500906428768, 0.0015189290763230712]
	[-0.2555189537724751, -0.2555189537724751] [0.004807500906428768, 0.0015189290763230712]
	[-0.2555189537724751, -0.2555189537724751] [0.004807500906428768, 0.0015189290763230712]
	[0.07255049348217102, 0.07255049348217102] [0.004061675119926182, 0.0029869726688380865]
	[0.07255049348217102, 0.07255049348217102] [0.004061675119926182, 0.0029869726688380865]
	[-0.34510020591463786, -0.34510020591463786] [0.004924109839910291, 0.001082752413394554]
	[-0.34510020591463786, -0.34510020591463786] [0.004924109839910291, 0.001082752413394554]
	[-0.34510020591463786, -0.34510020591463786] [0.004924109839910291, 0.001082752413394554]
	[-0.34510020591463786, -0.34510020591463786] [0.004924109839910291, 0.001082752413394554]
	[-0.34510020591463786, -0.34510020591463786] [0.004924109839910291, 0.001082752413394554]
	[-0.9036829320397268, -0.9036829320397268] [0.004749522486045153, -0.0016915219947622778]
	[-0.9036829320397268, -0.9036829320397268] [0.004749522486045153, -0.0016915219947622778]
	[-1.5711851848860348, -1.5711851848860348] [0.002683037289223456, -0.004268550270156079]
	[-1.5711851848860348, -1.5711851848860348] [0.002683037289223456, -0.004268550270156079]
	[-2.0036574287661186, -2.0036574287661186] [0.0006469956449825354, -0.0050000607135900575]
	[-2.0036574287661186, -2.0036574287661186] [0.0006469956449825354, -0.0050000607135900575]
	[-2.0036574287661186, -2.0036574287661186] [0.0006469956449825354, -0.0050000607135900575]
	[-2.5061811833882133, -2.5061811833882133] [-0.0018412158501552502, -0.0046935205014306865]
	[-2.835860530981933, -2.835860530981933] [-0.0032615381161007714, -0.003844681992237448]
	[-2.835860530981933, -2.835860530981933] [-0.0032615381161007714, -0.003844681992237448]
	[-2.835860530981933, -2.835860530981933] [-0.0032615381161007714, -0.003844681992237448]
	[-2.2025641714204163, -2.2025641714204163] [-0.00035376177934439665, -0.005029320342520266]
	[-2.70310576813418, -2.70310576813418] [-0.0027239379422390885, -0.004242566745620316]
	[-2.754025710088888, -2.754025710088888] [-0.0029363452456684274, -0.004098424953863801]
	[-3.4386455839311507, -3.4386455839311507] [-0.004866423889718387, -0.001318001908113661]
	[-3.3190383657843125, -3.3190383657843125] [-0.004674389172682544, -0.001889258152429489]
	[-3.3190383657843125, -3.3190383657843125] [-0.004674389172682544, -0.001889258152429489]
	[-3.3190383657843125, -3.3190383657843125] [-0.004674389172682544, -0.001889258152429489]
