source:
	0.8426650145203322,0.4106309562397018
target:
	0.3567042436404616,0.15390910776757605
points:
	[0.5365618865757956, 0.5365618865757956] [-0.002864372026325356, -0.004690604516106116]
	[0.5365618865757956, 0.5365618865757956] [-0.002864372026325356, -0.004690604516106116]
	[0.028219620719603156, 0.028219620719603156] [-0.00478523655323365, -0.002703314439961962]
	[0.028219620719603156, 0.028219620719603156] [-0.00478523655323365, -0.002703314439961962]
	[0.028219620719603156, 0.028219620719603156] [-0.00478523655323365, -0.002703314439961962]
	[0.028219620719603156, 0.028219620719603156] [-0.00478523655323365, -0.002703314439961962]
	[-0.42829367284493386, -0.42829367284493386] [-0.005486882394241479, -0.0003170479829193305]
	[-0.42829367284493386, -0.42829367284493386] [-0.005486882394241479, -0.0003170479829193305]
	[0.094209742260211, 0.094209742260211] [-0.004596558605336631, -0.0030129797243619288]
	[0.4342277476796449, 0.4342277476796449] [-0.0033285584782722093, -0.004373453588233504]
	[0.4342277476796449, 0.4342277476796449] [-0.0033285584782722093, -0.004373453588233504]
	[0.06284355404178132, 0.06284355404178132] [-0.004688787850261556, -0.0028673448217732597]
	[0.06284355404178132, 0.06284355404178132] [-0.004688787850261556, -0.0028673448217732597]
	[-0.06050520754301543, -0.06050520754301543] [-0.005005950531922143, -0.0022686685751027477]
	[-0.06050520754301543, -0.06050520754301543] [-0.005005950531922143, -0.0022686685751027477]
	[-0.06050520754301543, -0.06050520754301543] [-0.005005950531922143, -0.0022686685751027477]
	[-0.6750370156543776, -0.6750370156543776] [-0.005398139237842004, 0.001032710317843716]
	[-0.6750370156543776, -0.6750370156543776] [-0.005398139237842004, 0.001032710317843716]
	[-0.34683945079165673, -0.34683945079165673] [-0.0054428939498120145, -0.0007624324775415115]
	[-0.4095030392628343, -0.4095030392628343] [-0.005479956564931426, -0.00042008794100198573]
	[-0.4095030392628343, -0.4095030392628343] [-0.005479956564931426, -0.00042008794100198573]
	[-0.4095030392628343, -0.4095030392628343] [-0.005479956564931426, -0.00042008794100198573]
	[-0.5571913531961924, -0.5571913531961924] [-0.005482117937109225, 0.00039087178887149384]
	[-0.5696055811272654, -0.5696055811272654] [-0.005476843262718275, 0.00045889618360556796]
	[-0.5696055811272654, -0.5696055811272654] [-0.005476843262718275, 0.00045889618360556796]
	[-1.1624389154367665, -1.1624389154367665] [-0.004285888827493883, 0.0034405747761200346]
	[-1.1624389154367665, -1.1624389154367665] [-0.004285888827493883, 0.0034405747761200346]
	[-1.5390240091494471, -1.5390240091494471] [-0.0027202978392579374, 0.004775602317764631]
	[-1.5468394205171836, -1.5468394205171836] [-0.002682891844206138, 0.004796716500274172]
	[-0.952845319209969, -0.952845319209969] [-0.004907948789961412, 0.0024735473528571536]
	[-0.29549628983802023, -0.29549628983802023] [-0.005396592967481697, -0.0010407603831033378]
	[-0.25107049711830126, -0.25107049711830126] [-0.005345046950203872, -0.0012794025683210914]
	[-0.25107049711830126, -0.25107049711830126] [-0.005345046950203872, -0.0012794025683210914]
	[0.11115494988282809, 0.11115494988282809] [-0.004544845569390086, -0.003090433073552253]
	[0.44089960192813105, 0.44089960192813105] [-0.0032993055669954686, -0.004395563741694918]
	[0.44089960192813105, 0.44089960192813105] [-0.0032993055669954686, -0.004395563741694918]
	[1.0983563343455, 1.0983563343455] [7.459209343383545e-05, -0.005495528532480518]
	[1.0983563343455, 1.0983563343455] [7.459209343383545e-05, -0.005495528532480518]
	[0.8538505309172373, 0.8538505309172373] [-0.0012579667662205654, -0.005350132470023044]
	[0.8538505309172373, 0.8538505309172373] [-0.0012579667662205654, -0.005350132470023044]
	[0.8538505309172373, 0.8538505309172373] [-0.0012579667662205654, -0.005350132470023044]
	[0.27166979354609466, 0.27166979354609466] [-0.003992489206969598, -0.00377709250137478]
	[0.9386250890171465, 0.9386250890171465] [-0.0008004370933240962, -0.0054374348999635105]
	[0.2568884461809142, 0.2568884461809142] [-0.004047881542224531, -0.0037176676629075214]
	[0.2568884461809142, 0.2568884461809142] [-0.004047881542224531, -0.0037176676629075214]
