source:
	0.5693311098609503,0.014681785975829253
target:
	0.9013225891229937,0.971650840939732
points:
	[-0.392883345012781, -0.392883345012781] [0.006730758252762239, 0.007569524739967728]
	[-0.8980508852142101, -0.8980508852142101] [0.009553344390803778, 0.0033666633922636953]
	[-0.8980508852142101, -0.8980508852142101] [0.009553344390803778, 0.0033666633922636953]
	[-0.8980508852142101, -0.8980508852142101] [0.009553344390803778, 0.0033666633922636953]
	[-0.8980508852142101, -0.8980508852142101] [0.009553344390803778, 0.0033666633922636953]
	[-0.8980508852142101, -0.8980508852142101] [0.009553344390803778, 0.0033666633922636953]
	[-0.21974536681376244, -0.21974536681376244] [0.0053260926211012175, 0.00861588932366019]
	[-0.21974536681376244, -0.21974536681376244] [0.0053260926211012175, 0.00861588932366019]
	[0.0343174910070827, 0.0343174910070827] [0.002989616756191395, 0.009677964822069262]
	[0.5360744237201392, 0.5360744237201392] [-0.0020336650578970657, 0.009922954090309952]
	[0.17818929499389574, 0.17818929499389574] [0.0015711412044428943, 0.01000661415074111]
	[0.17818929499389574, 0.17818929499389574] [0.0015711412044428943, 0.01000661415074111]
	[-0.16979165316629302, -0.16979165316629302] [0.004889232016882353, 0.008871089094987324]
	[-0.2365045588382239, -0.2365045588382239] [0.005469733251745614, 0.008525422546763231]
	[-0.2365045588382239, -0.2365045588382239] [0.005469733251745614, 0.008525422546763231]
	[-0.2365045588382239, -0.2365045588382239] [0.005469733251745614, 0.008525422546763231]
	[-0.8961662742944183, -0.8961662742944183] [0.009546982578387165, 0.0033846617399797096]
	[-1.4199634959810392, -1.4199634959810392] [0.009959894521346619, -0.0018442647775631594]
	[-1.4199634959810392, -1.4199634959810392] [0.009959894521346619, -0.0018442647775631594]
	[-1.4199634959810392, -1.4199634959810392] [0.009959894521346619, -0.0018442647775631594]
	[-1.9586875490425744, -1.9586875490425744] [0.007603031050941907, -0.00669288654352692]
	[-1.6477588410465531, -1.6477588410465531] [0.009286105979503708, -0.004045867914741653]
	[-1.6477588410465531, -1.6477588410465531] [0.009286105979503708, -0.004045867914741653]
	[-1.6477588410465531, -1.6477588410465531] [0.009286105979503708, -0.004045867914741653]
	[-1.6477588410465531, -1.6477588410465531] [0.009286105979503708, -0.004045867914741653]
	[-1.2382866743985688, -1.2382866743985688] [0.010129195674540238, -1.436777595240235e-05]
	[-1.2382866743985688, -1.2382866743985688] [0.010129195674540238, -1.436777595240235e-05]
	[-1.249885196560191, -1.249885196560191] [0.010128347722294628, -0.00013184787597734536]
	[-1.249885196560191, -1.249885196560191] [0.010128347722294628, -0.00013184787597734536]
	[-1.249885196560191, -1.249885196560191] [0.010128347722294628, -0.00013184787597734536]
	[-1.921024471080543, -1.921024471080543] [0.007849654327220573, -0.006401854293035561]
	[-1.921024471080543, -1.921024471080543] [0.007849654327220573, -0.006401854293035561]
	[-1.4017466595282368, -1.4017466595282368] [0.009991836767626727, -0.0016625310388721126]
	[-1.4017466595282368, -1.4017466595282368] [0.009991836767626727, -0.0016625310388721126]
	[-1.4017466595282368, -1.4017466595282368] [0.009991836767626727, -0.0016625310388721126]
	[-1.4017466595282368, -1.4017466595282368] [0.009991836767626727, -0.0016625310388721126]
	[-1.4017466595282368, -1.4017466595282368] [0.009991836767626727, -0.0016625310388721126]
	[-1.4017466595282368, -1.4017466595282368] [0.009991836767626727, -0.0016625310388721126]
	[-1.4017466595282368, -1.4017466595282368] [0.009991836767626727, -0.0016625310388721126]
	[-1.9853422863430417, -1.9853422863430417] [0.0074219543201272265, -0.006893141919042093]
	[-2.188131897237425, -2.188131897237425] [0.005881571332053582, -0.008246692070889756]
	[-2.188131897237425, -2.188131897237425] [0.005881571332053582, -0.008246692070889756]
	[-2.1695774794833276, -2.1695774794833276] [0.006033562737759261, -0.008136149711972702]
	[-1.9682168836753544, -1.9682168836753544] [0.007538908054437228, -0.0067650333918504784]
	[-1.9682168836753544, -1.9682168836753544] [0.007538908054437228, -0.0067650333918504784]
	[-1.55549962081548, -1.55549962081548] [0.009619352749293222, -0.003173147354091113]
	[-1.5970463843214082, -1.5970463843214082] [0.009479255720868973, -0.0035699471178833094]
	[-1.6668019507538991, -1.6668019507538991] [0.009207381023531804, -0.004221959987211739]
	[-1.5403167025145248, -1.5403167025145248] [0.009666419825207686, -0.003026737386847811]
	[-1.5403167025145248, -1.5403167025145248] [0.009666419825207686, -0.003026737386847811]
	[-1.5403167025145248, -1.5403167025145248] [0.009666419825207686, -0.003026737386847811]
	[-1.5403167025145248, -1.5403167025145248] [0.009666419825207686, -0.003026737386847811]
	[-1.5403167025145248, -1.5403167025145248] [0.009666419825207686, -0.003026737386847811]
	[-1.5403167025145248, -1.5403167025145248] [0.009666419825207686, -0.003026737386847811]
	[-1.4459842833916394, -1.4459842833916394] [0.009908539075587166, -0.0021027755071982243]
	[-1.4459842833916394, -1.4459842833916394] [0.009908539075587166, -0.0021027755071982243]
	[-1.4459842833916394, -1.4459842833916394] [0.009908539075587166, -0.0021027755071982243]
	[-1.836595330312628, -1.836595330312628] [0.008361554819463187, -0.005717098254116546]
	[-1.4052084292166052, -1.4052084292166052] [0.009986021609291875, -0.0016971104456888523]
	[-1.4052084292166052, -1.4052084292166052] [0.009986021609291875, -0.0016971104456888523]
	[-1.4052084292166052, -1.4052084292166052] [0.009986021609291875, -0.0016971104456888523]
	[-1.351953962986273, -1.351953962986273] [0.010062200583742617, -0.0011631555608086989]
	[-1.351953962986273, -1.351953962986273] [0.010062200583742617, -0.0011631555608086989]
	[-1.351953962986273, -1.351953962986273] [0.010062200583742617, -0.0011631555608086989]
	[-1.56515280499743, -1.56515280499743] [0.009588274067930848, -0.0032658554536836677]
	[-1.56515280499743, -1.56515280499743] [0.009588274067930848, -0.0032658554536836677]
	[-1.5902801737137655, -1.5902801737137655] [0.009503193563670522, -0.003505727248021679]
	[-1.5902801737137655, -1.5902801737137655] [0.009503193563670522, -0.003505727248021679]
	[-1.7672380403179173, -1.7672380403179173] [0.00873765613826625, -0.005123882966611223]
	[-1.7672380403179173, -1.7672380403179173] [0.00873765613826625, -0.005123882966611223]
	[-2.333671830539771, -2.333671830539771] [0.004623399524785044, -0.00901249068128938]
	[-2.5510224515109376, -2.5510224515109376] [0.0025711375159248946, -0.009797451878948631]
	[-2.5510224515109376, -2.5510224515109376] [0.0025711375159248946, -0.009797451878948631]
	[-2.3386333320347674, -2.3386333320347674] [0.004578627316418672, -0.00903531866308296]
	[-2.3386333320347674, -2.3386333320347674] [0.004578627316418672, -0.00903531866308296]
	[-2.5107309804735154, -2.5107309804735154] [0.0029636977524432717, -0.009685933464476887]
	[-2.5107309804735154, -2.5107309804735154] [0.0029636977524432717, -0.009685933464476887]
	[-2.5107309804735154, -2.5107309804735154] [0.0029636977524432717, -0.009685933464476887]
	[-2.5107309804735154, -2.5107309804735154] [0.0029636977524432717, -0.009685933464476887]
	[-3.0286520010401077, -3.0286520010401077] [-0.0022202527142317677, -0.009882878595381863]
	[-3.0286520010401077, -3.0286520010401077] [-0.0022202527142317677, -0.009882878595381863]
	[-3.0286520010401077, -3.0286520010401077] [-0.0022202527142317677, -0.009882878595381863]
	[-3.0286520010401077, -3.0286520010401077] [-0.0022202527142317677, -0.009882878595381863]
	[-3.0286520010401077, -3.0286520010401077] [-0.0022202527142317677, -0.009882878595381863]
	[-3.1196712406277083, -3.1196712406277083] [-0.003109352797583814, -0.009640162686711683]
	[-3.1196712406277083, -3.1196712406277083] [-0.003109352797583814, -0.009640162686711683]
	[-3.6592768625462107, -3.6592768625462107] [-0.007620642466542653, -0.006672826975370874]
	[-3.6592768625462107, -3.6592768625462107] [-0.007620642466542653, -0.006672826975370874]
	[-3.6592768625462107, -3.6592768625462107] [-0.007620642466542653, -0.006672826975370874]
	[-3.448907316340714, -3.448907316340714] [-0.00605920786106339, -0.008117069147330094]
	[-3.3231086280469846, -3.3231086280469846] [-0.004992901100484123, -0.00881315777953027]
	[-3.3231086280469846, -3.3231086280469846] [-0.004992901100484123, -0.00881315777953027]
	[-2.9285080410635462, -2.9285080410635462] [-0.0012210716087741958, -0.010055336671258505]
	[-2.9285080410635462, -2.9285080410635462] [-0.0012210716087741958, -0.010055336671258505]
	[-3.3462032156180843, -3.3462032156180843] [-0.0051950878044462745, -0.008695508849412097]
	[-3.9684135159876326, -3.9684135159876326] [-0.009289514381392179, -0.004038035909203682]
	[-4.2636351408232995, -4.2636351408232995] [-0.010062502667729971, -0.0011605393177474327]
	[-4.2636351408232995, -4.2636351408232995] [-0.010062502667729971, -0.0011605393177474327]
	[-4.2636351408232995, -4.2636351408232995] [-0.010062502667729971, -0.0011605393177474327]
	[-4.2636351408232995, -4.2636351408232995] [-0.010062502667729971, -0.0011605393177474327]
	[-4.421558013476799, -4.421558013476799] [-0.010119800513518214, 0.0004364046433151284]
