source:
	0.06109434346497056,0.309356117665627
target:
	0.4225554935757708,0.08441820395957145
points:
	[0, 0] [0.0036146115011080025, -0.0022493791370605553]
	[-0.3695531549243876, -0.3695531549243876] [0.004183057903189097, -0.000791927638583709]
	[-0.3695531549243876, -0.3695531549243876] [0.004183057903189097, -0.000791927638583709]
	[0.19691187254143422, 0.19691187254143422] [0.003104688028238866, -0.0029130799943523347]
	[-0.0865837654719534, -0.0865837654719534] [0.003795587509582419, -0.001928377106088813]
	[-0.0865837654719534, -0.0865837654719534] [0.003795587509582419, -0.001928377106088813]
	[-0.0865837654719534, -0.0865837654719534] [0.003795587509582419, -0.001928377106088813]
	[-0.26587986716380707, -0.26587986716380707] [0.004078643215429876, -0.0012205704926031005]
	[-0.1260121557348165, -0.1260121557348165] [0.0038686506920471526, -0.0017772632413653939]
	[-0.1260121557348165, -0.1260121557348165] [0.0038686506920471526, -0.0017772632413653939]
	[0.3351874381870279, 0.3351874381870279] [0.0026735288800734448, -0.0033132108495534606]
	[-0.025269464877906544, -0.025269464877906544] [0.003670292072991765, -0.0021573314314493612]
	[-0.029906800135546783, -0.029906800135546783] [0.003680256841723075, -0.0021402879210835235]
	[-0.40454302337655645, -0.40454302337655645] [0.004208201314748979, -0.0006451081310373521]
	[0.10957378437134069, 0.10957378437134069] [0.0033469538707399217, -0.0026311637336594224]
	[0.7130583086095329, 0.7130583086095329] [0.001262533574977657, -0.004065849453464759]
	[0.8429445954624659, 0.8429445954624659] [0.0007252843202754655, -0.004195126393918077]
	[0.8454012811147695, 0.8454012811147695] [0.0007149760351659514, -0.004196895528283247]
	[0.34415693240927236, 0.34415693240927236] [0.0026437039085553293, -0.0033370574538168817]
	[0.266084025555516, 0.266084025555516] [0.0028959199930690084, -0.003120700273965561]
	[-0.12885783745652285, -0.12885783745652285] [0.0038736925467705973, -0.0017662471116124887]
	[0.20521610860776596, 0.20521610860776596] [0.0030803903527695576, -0.0029387613174175578]
	[-0.19729287096233655, -0.19729287096233655] [0.003985404003751463, -0.001497223341077523]
	[0.13964427041686284, 0.13964427041686284] [0.00326633232081372, -0.0027306035919175808]
	[0.13964427041686284, 0.13964427041686284] [0.00326633232081372, -0.0027306035919175808]
	[-0.02517191724612436, -0.02517191724612436] [0.0036700816129575852, -0.002157689449484375]
	[-0.02517191724612436, -0.02517191724612436] [0.0036700816129575852, -0.002157689449484375]
	[-0.02517191724612436, -0.02517191724612436] [0.0036700816129575852, -0.002157689449484375]
	[-0.12281966329165793, -0.12281966329165793] [0.003862957087575, -0.0017896048015524568]
	[0.5159633544090818, 0.5159633544090818] [0.0020342705631965293, -0.0037399018813195632]
	[0.49395750711591924, 0.49395750711591924] [0.00211607109535243, -0.00369423414601721]
	[0.8587868516103068, 0.8587868516103068] [0.0006587358203693355, -0.0042060896240032584]
	[1.3261753418349158, 1.3261753418349158] [-0.0013069955553567311, -0.004051775589104521]
	[1.2562474209389538, 1.2562474209389538] [-0.0010206999216855618, -0.004133194221913195]
	[1.9477267876403341, 1.9477267876403341] [-0.003421893435934482, -0.0025329366591555426]
