source:
	0.7130087713218574,0.7540153343500602
target:
	0.2742072127805181,0.3223345744528938
points:
	[0, 0] [-0.0043880155854133926, -0.0043168075989716646]
	[0.4875049458787601, 0.4875049458787601] [-0.001854739067356904, -0.005869365520768867]
	[0.016958685636734028, 0.016958685636734028] [-0.004314180736397848, -0.004390598273363673]
	[0.016958685636734028, 0.016958685636734028] [-0.004314180736397848, -0.004390598273363673]
	[-0.09377680728002032, -0.09377680728002032] [-0.0047729587829557765, -0.0038869490710035878]
	[-0.612079392819717, -0.612079392819717] [-0.006071704119978017, -0.0010118881874062596]
	[-0.612079392819717, -0.612079392819717] [-0.006071704119978017, -0.0010118881874062596]
	[-0.5201444673428255, -0.5201444673428255] [-0.0059531661985059645, -0.0015650306186577889]
	[-1.1850892600529634, -1.1850892600529634] [-0.005650497644946101, 0.002441594763434118]
	[-1.3212388319293107, -1.3212388319293107] [-0.0052668116554672895, 0.00318593841908538]
	[-1.3212388319293107, -1.3212388319293107] [-0.0052668116554672895, 0.00318593841908538]
	[-1.3212388319293107, -1.3212388319293107] [-0.0052668116554672895, 0.00318593841908538]
	[-0.6931221045434052, -0.6931221045434052] [-0.0061336922178031085, -0.0005170381046227944]
	[-1.188017532754869, -1.188017532754869] [-0.005643323773996346, 0.0024581304697306005]
	[-1.3249096310950192, -1.3249096310950192] [-0.005255081257152103, 0.003205250318633322]
	[-1.3249096310950192, -1.3249096310950192] [-0.005255081257152103, 0.003205250318633322]
	[-0.8047505708794952, -0.8047505708794952] [-0.0061531125570131245, 0.0001694534894823856]
	[-0.35618272570574583, -0.35618272570574583] [-0.005617867524913713, -0.0025157649128824057]
	[-0.35618272570574583, -0.35618272570574583] [-0.005617867524913713, -0.0025157649128824057]
	[-0.35618272570574583, -0.35618272570574583] [-0.005617867524913713, -0.0025157649128824057]
	[0.03034589761603146, 0.03034589761603146] [-0.00425501803980066, -0.004447957970275944]
	[0.03034589761603146, 0.03034589761603146] [-0.00425501803980066, -0.004447957970275944]
	[0.03034589761603146, 0.03034589761603146] [-0.00425501803980066, -0.004447957970275944]
	[0.03034589761603146, 0.03034589761603146] [-0.00425501803980066, -0.004447957970275944]
	[0.5035358607068717, 0.5035358607068717] [-0.001760413478831296, -0.005898343242633429]
	[0.26254206315194417, 0.26254206315194417] [-0.0031172844958845904, -0.005307734544613916]
	[0.07000911297515933, 0.07000911297515933] [-0.004075297481821222, -0.004613183180736697]
	[0.07000911297515933, 0.07000911297515933] [-0.004075297481821222, -0.004613183180736697]
	[-0.4622337395123042, -0.4622337395123042] [-0.005852605150319315, -0.001906966590904563]
	[-0.8828438045869391, -0.8828438045869391] [-0.0061211398239272765, 0.0006489652381305934]
	[-1.327699183372426, -1.327699183372426] [-0.005246119608960346, 0.0032198971525270945]
	[-1.61555284858072, -1.61555284858072] [-0.004116157967572584, 0.004576762197269929]
	[-2.033484130514841, -2.033484130514841] [-0.001904308935891919, 0.005853470432235267]
	[-2.3320041472669044, -2.3320041472669044] [-9.85459144053409e-05, 0.006154656556390807]
	[-2.3042177285390126, -2.3042177285390126] [-0.00026950173252455, 0.006149542864354766]
	[-2.898486263731485, -2.898486263731485] [0.003219848644481089, 0.005246149381308507]
	[-2.732042997918148, -2.732042997918148] [0.002306191082086865, 0.005707100079486373]
	[-2.164075301825155, -2.164075301825155] [-0.0011258532135848699, 0.006051608312327474]
	[-1.7033195002863808, -1.7033195002863808] [-0.0036991431956127393, 0.004919943926786393]
	[-1.5776536276366249, -1.5776536276366249] [-0.004286616398515028, 0.0044175138343136395]
	[-2.2054473215694057, -2.2054473215694057] [-0.0008745939796287912, 0.0060929954862257545]
	[-2.1606302957187866, -2.1606302957187866] [-0.0011466943190928576, 0.0060476938383924915]
	[-2.1606302957187866, -2.1606302957187866] [-0.0011466943190928576, 0.0060476938383924915]
	[-2.1606302957187866, -2.1606302957187866] [-0.0011466943190928576, 0.0060476938383924915]
	[-2.1606302957187866, -2.1606302957187866] [-0.0011466943190928576, 0.0060476938383924915]
	[-2.2694900649053094, -2.2694900649053094] [-0.00048285557077462697, 0.006136477745591704]
	[-2.4279469953529302, -2.4279469953529302] [0.0004914970715723495, 0.006135791656584026]
	[-2.4279469953529302, -2.4279469953529302] [0.0004914970715723495, 0.006135791656584026]
	[-2.323566108149555, -2.323566108149555] [-0.0001504750226669071, 0.006153605925952988]
	[-2.538449186244822, -2.538449186244822] [0.0011651387664090751, 0.006044167459574651]
	[-2.538449186244822, -2.538449186244822] [0.0011651387664090751, 0.006044167459574651]
	[-2.1359210391763113, -2.1359210391763113] [-0.0012957630942254628, 0.0060175166495834145]
	[-2.1359210391763113, -2.1359210391763113] [-0.0012957630942254628, 0.0060175166495834145]
	[-1.6933016459291417, -1.6933016459291417] [-0.0037482440362752996, 0.004882640194494879]
	[-2.0509608619718636, -2.0509608619718636] [-0.0018017237976534872, 0.005885855925975375]
	[-2.704282510944298, -2.704282510944298] [0.002146890983172334, 0.005768913912578664]
	[-2.1031992677425815, -2.1031992677425815] [-0.0014919381283986129, 0.0059719033184907466]
