source:
	0.42445719595099085,0.5982867329969132
target:
	0.8032171245232688,0.2451523943197298
points:
	[0, 0] [0.0037875992857227796, -0.0035313433867718335]
	[-0.4485307209347691, -0.4485307209347691] [0.0049442887305366015, -0.0015395789728343359]
	[-0.4485307209347691, -0.4485307209347691] [0.0049442887305366015, -0.0015395789728343359]
	[-0.4485307209347691, -0.4485307209347691] [0.0049442887305366015, -0.0015395789728343359]
	[-0.7444993615864923, -0.7444993615864923] [0.005178355035343545, -3.055474491836398e-05]
	[-0.3411826562122426, -0.3411826562122426] [0.004750874470254901, -0.0020604577725314064]
	[-0.3411826562122426, -0.3411826562122426] [0.004750874470254901, -0.0020604577725314064]
	[-0.3411826562122426, -0.3411826562122426] [0.004750874470254901, -0.0020604577725314064]
	[0.0005476735747827477, 0.0005476735747827477] [0.0037856646943247793, -0.003533417225102033]
	[0.0005476735747827477, 0.0005476735747827477] [0.0037856646943247793, -0.003533417225102033]
	[0.09648243153370242, 0.09648243153370242] [0.003429799607186045, -0.0038797898292370586]
	[0.09648243153370242, 0.09648243153370242] [0.003429799607186045, -0.0038797898292370586]
	[-0.5446429849063894, -0.5446429849063894] [0.00506921441307356, -0.001057997967291128]
	[-1.1428768761346835, -1.1428768761346835] [0.004784699275325199, 0.0019806431554440563]
	[-0.6239233381219627, -0.6239233381219627] [0.005137082412640254, -0.0006532065142411422]
	[-0.6239233381219627, -0.6239233381219627] [0.005137082412640254, -0.0006532065142411422]
	[-0.6239233381219627, -0.6239233381219627] [0.005137082412640254, -0.0006532065142411422]
	[-0.6239233381219627, -0.6239233381219627] [0.005137082412640254, -0.0006532065142411422]
	[-0.6239233381219627, -0.6239233381219627] [0.005137082412640254, -0.0006532065142411422]
	[-0.9703872076877393, -0.9703872076877393] [0.005053645632924561, 0.0011300266728389166]
	[-0.9703872076877393, -0.9703872076877393] [0.005053645632924561, 0.0011300266728389166]
	[-0.9703872076877393, -0.9703872076877393] [0.005053645632924561, 0.0011300266728389166]
	[-1.3709165548705933, -1.3709165548705933] [0.004213069463009087, 0.0030110363937297735]
	[-1.1875902619505632, -1.1875902619505632] [0.004691385324303528, 0.0021925323722614357]
	[-1.8806383990197948, -1.8806383990197948] [0.0022083167379723287, 0.0046839760513153915]
	[-1.8806383990197948, -1.8806383990197948] [0.0022083167379723287, 0.0046839760513153915]
	[-2.270931575687628, -2.270931575687628] [0.00026018245594016493, 0.005171904828409531]
	[-2.049845293425373, -2.049845293425373] [0.0013879944778194897, 0.004988964400960131]
	[-2.4095164202526105, -2.4095164202526105] [-0.0004567675971412965, 0.0051582611243234525]
	[-1.8832559242088225, -1.8832559242088225] [0.002196048761605046, 0.004689740323424936]
	[-1.8832559242088225, -1.8832559242088225] [0.002196048761605046, 0.004689740323424936]
	[-1.441953416696228, -1.441953416696228] [0.003988729133670606, 0.0033024739760840224]
	[-1.0040292949982732, -1.0040292949982732] [0.0050127767844599345, 0.0012993703758684015]
	[-1.0040292949982732, -1.0040292949982732] [0.0050127767844599345, 0.0012993703758684015]
	[-0.3634433481334802, -0.3634433481334802] [0.004795560826108651, -0.0019541982569834075]
	[-0.3634433481334802, -0.3634433481334802] [0.004795560826108651, -0.0019541982569834075]
	[-0.588063550671656, -0.588063550671656] [0.0051103609900050515, -0.0008369617771078056]
	[-0.588063550671656, -0.588063550671656] [0.0051103609900050515, -0.0008369617771078056]
	[-0.588063550671656, -0.588063550671656] [0.0051103609900050515, -0.0008369617771078056]
	[-0.588063550671656, -0.588063550671656] [0.0051103609900050515, -0.0008369617771078056]
	[-0.0584991503616471, -0.0584991503616471] [0.00398758304909011, -0.0033038577286430017]
	[-0.0584991503616471, -0.0584991503616471] [0.00398758304909011, -0.0033038577286430017]
	[-0.0584991503616471, -0.0584991503616471] [0.00398758304909011, -0.0033038577286430017]
	[-0.6770107409506824, -0.6770107409506824] [0.0051645060153585965, -0.00037969998924117015]
