source:
	0.9545470067944117,0.6465342347134423
target:
	0.3445567023766417,0.3274155104993909
points:
	[0, 0] [-0.0060999030441777, -0.003191187242140514]
	[-0.15359083903797405, -0.15359083903797405] [-0.006516307902078709, -0.0022204108827141252]
	[-0.15359083903797405, -0.15359083903797405] [-0.006516307902078709, -0.0022204108827141252]
	[-0.15359083903797405, -0.15359083903797405] [-0.006516307902078709, -0.0022204108827141252]
	[-0.15359083903797405, -0.15359083903797405] [-0.006516307902078709, -0.0022204108827141252]
	[-0.7033156894236143, -0.7033156894236143] [-0.006716308748284411, 0.0015111882611001984]
	[-0.3847025117742264, -0.3847025117742264] [-0.00685166146419962, -0.0006687513310421746]
	[-0.3847025117742264, -0.3847025117742264] [-0.00685166146419962, -0.0006687513310421746]
	[-0.3847025117742264, -0.3847025117742264] [-0.00685166146419962, -0.0006687513310421746]
	[-0.3847025117742264, -0.3847025117742264] [-0.00685166146419962, -0.0006687513310421746]
	[-0.3847025117742264, -0.3847025117742264] [-0.00685166146419962, -0.0006687513310421746]
	[-0.3847025117742264, -0.3847025117742264] [-0.00685166146419962, -0.0006687513310421746]
	[-0.4066047418906165, -0.4066047418906165] [-0.006864664107081085, -0.0005185362665440135]
	[-0.4066047418906165, -0.4066047418906165] [-0.006864664107081085, -0.0005185362665440135]
	[-0.4066047418906165, -0.4066047418906165] [-0.006864664107081085, -0.0005185362665440135]
	[-0.48287324965356376, -0.48287324965356376] [-0.006884217958897773, 6.02139171119665e-06]
	[-0.48287324965356376, -0.48287324965356376] [-0.006884217958897773, 6.02139171119665e-06]
	[-0.48287324965356376, -0.48287324965356376] [-0.006884217958897773, 6.02139171119665e-06]
	[-0.48287324965356376, -0.48287324965356376] [-0.006884217958897773, 6.02139171119665e-06]
	[-0.48287324965356376, -0.48287324965356376] [-0.006884217958897773, 6.02139171119665e-06]
	[-0.48287324965356376, -0.48287324965356376] [-0.006884217958897773, 6.02139171119665e-06]
	[-0.48287324965356376, -0.48287324965356376] [-0.006884217958897773, 6.02139171119665e-06]
	[-0.48287324965356376, -0.48287324965356376] [-0.006884217958897773, 6.02139171119665e-06]
	[-0.07777075403791944, -0.07777075403791944] [-0.006329396283436535, -0.002707625500321]
	[-0.07777075403791944, -0.07777075403791944] [-0.006329396283436535, -0.002707625500321]
	[-0.07777075403791944, -0.07777075403791944] [-0.006329396283436535, -0.002707625500321]
	[0.2505782103857754, 0.2505782103857754] [-0.005118098200430219, -0.004604081230117655]
	[0.2505782103857754, 0.2505782103857754] [-0.005118098200430219, -0.004604081230117655]
	[0.2505782103857754, 0.2505782103857754] [-0.005118098200430219, -0.004604081230117655]
	[-0.0875969678625278, -0.0875969678625278] [-0.006355695999092824, -0.0026453017842741917]
	[0.21102913887962593, 0.21102913887962593] [-0.005296135712611512, -0.004398117742440476]
	[0.15791514016805488, 0.15791514016805488] [-0.005522158812905127, -0.004110748740536569]
	[0.15791514016805488, 0.15791514016805488] [-0.005522158812905127, -0.004110748740536569]
	[0.7025473670560637, 0.7025473670560637] [-0.0025934076741217305, -0.0063770471065043325]
	[0.6008080746620078, 0.6008080746620078] [-0.003227674787325686, -0.006080675014340994]
	[0.9805109592900523, 0.9805109592900523] [-0.0007440140594960074, -0.006843897737549929]
	[0.9805109592900523, 0.9805109592900523] [-0.0007440140594960074, -0.006843897737549929]
	[0.9805109592900523, 0.9805109592900523] [-0.0007440140594960074, -0.006843897737549929]
	[1.656953480034332, 1.656953480034332] [0.0037042507121916707, -0.005802673506582656]
	[1.1424816526843875, 1.1424816526843875] [0.0003693943869754024, -0.006874302942818262]
	[0.5996499167396154, 0.5996499167396154] [-0.0032347150030047744, -0.006076932779956067]
	[0.5996499167396154, 0.5996499167396154] [-0.0032347150030047744, -0.006076932779956067]
	[0.5996499167396154, 0.5996499167396154] [-0.0032347150030047744, -0.006076932779956067]
	[0.5996499167396154, 0.5996499167396154] [-0.0032347150030047744, -0.006076932779956067]
	[0.023066892397209382, 0.023066892397209382] [-0.006024676048190528, -0.003331031623555701]
	[-0.5878875688310512, -0.5878875688310512] [-0.006845662057490499, 0.0007276016474718145]
	[-0.5878875688310512, -0.5878875688310512] [-0.006845662057490499, 0.0007276016474718145]
	[-0.5878875688310512, -0.5878875688310512] [-0.006845662057490499, 0.0007276016474718145]
	[-0.6248262718711114, -0.6248262718711114] [-0.006814121696299761, 0.0009799176857193835]
	[-0.12692418147163415, -0.12692418147163415] [-0.006454787212150942, -0.0023933690080347883]
	[-0.4908408818372923, -0.4908408818372923] [-0.006883951468362919, 6.08715368030618e-05]
	[-0.4908408818372923, -0.4908408818372923] [-0.006883951468362919, 6.08715368030618e-05]
	[-0.7771363384551551, -0.7771363384551551] [-0.006586561230117971, 0.002002424611483686]
	[-0.7771363384551551, -0.7771363384551551] [-0.006586561230117971, 0.002002424611483686]
	[-0.7771363384551551, -0.7771363384551551] [-0.006586561230117971, 0.002002424611483686]
