source:
	0.4850769456598969,0.014044346375323924
target:
	0.9476791564089155,0.5198244779268585
points:
	[-0.1991049508626409, -0.1991049508626409] [0.005535023291772202, 0.00404288904692621]
	[0.44341346614845756, 0.44341346614845756] [0.002008726101654764, 0.0065533544185209115]
	[0.5680625497147277, 0.5680625497147277] [0.0011783851842901603, 0.006752247258777047]
	[-0.018152631087637983, -0.018152631087637983] [0.004717067308778703, 0.004972998159125735]
	[-0.018152631087637983, -0.018152631087637983] [0.004717067308778703, 0.004972998159125735]
	[-0.018152631087637983, -0.018152631087637983] [0.004717067308778703, 0.004972998159125735]
	[-0.5708204348085658, -0.5708204348085658] [0.0066254474367574145, 0.0017563829163884808]
	[-0.5708204348085658, -0.5708204348085658] [0.0066254474367574145, 0.0017563829163884808]
	[-0.3659508650752741, -0.3659508650752741] [0.006129575359219106, 0.003067530049057493]
	[-0.25407411341612846, -0.25407411341612846] [0.005748785384202088, 0.0037326801755040795]
	[-0.25407411341612846, -0.25407411341612846] [0.005748785384202088, 0.0037326801755040795]
	[-0.7118787735784302, -0.7118787735784302] [0.006806573554286207, 0.0008074596809180813]
	[-0.7118787735784302, -0.7118787735784302] [0.006806573554286207, 0.0008074596809180813]
	[-0.7118787735784302, -0.7118787735784302] [0.006806573554286207, 0.0008074596809180813]
	[-0.7118787735784302, -0.7118787735784302] [0.006806573554286207, 0.0008074596809180813]
	[-0.46321531941227245, -0.46321531941227245] [0.00639849559537559, 0.0024577812763091613]
	[-0.12577276052944214, -0.12577276052944214] [0.005223939100951255, 0.004437555065097141]
	[-0.12577276052944214, -0.12577276052944214] [0.005223939100951255, 0.004437555065097141]
	[-0.12577276052944214, -0.12577276052944214] [0.005223939100951255, 0.004437555065097141]
	[-0.12577276052944214, -0.12577276052944214] [0.005223939100951255, 0.004437555065097141]
	[-0.12577276052944214, -0.12577276052944214] [0.005223939100951255, 0.004437555065097141]
	[-0.12577276052944214, -0.12577276052944214] [0.005223939100951255, 0.004437555065097141]
	[-0.12577276052944214, -0.12577276052944214] [0.005223939100951255, 0.004437555065097141]
	[-0.7439675637651313, -0.7439675637651313] [0.006828975480959857, 0.0005886667704786691]
	[-0.20744775978733465, -0.20744775978733465] [0.005568559326821531, 0.003996571244189905]
	[-0.6027816741303014, -0.6027816741303014] [0.006678190326412913, 0.0015437644413645788]
	[-0.7319869278515061, -0.7319869278515061] [0.006821432952613433, 0.0006704380353293508]
	[-0.7319869278515061, -0.7319869278515061] [0.006821432952613433, 0.0006704380353293508]
	[-0.7515963820886716, -0.7515963820886716] [0.006833267550883861, 0.0005365531327411971]
	[-1.1225325727260584, -1.1225325727260584] [0.0065630201956264015, -0.0019769169426196655]
	[-1.1225325727260584, -1.1225325727260584] [0.0065630201956264015, -0.0019769169426196655]
	[-1.1225325727260584, -1.1225325727260584] [0.0065630201956264015, -0.0019769169426196655]
	[-1.2975421451431168, -1.2975421451431168] [0.0061185532616610866, -0.0030894563713432157]
	[-1.2168823379040392, -1.2168823379040392] [0.006347585215583339, -0.0025864254516851084]
	[-1.8421435984612828, -1.8421435984612828] [0.0036328286025087246, -0.005812399765244233]
	[-1.8421435984612828, -1.8421435984612828] [0.0036328286025087246, -0.005812399765244233]
	[-1.3312724662204865, -1.3312724662204865] [0.006010884350658505, -0.0032940406811734096]
	[-1.0464345779735287, -1.0464345779735287] [0.006694320712039225, -0.001472244847360434]
	[-0.6960814609523853, -0.6960814609523853] [0.006792969101945763, 0.0009148800283244091]
	[-0.6960814609523853, -0.6960814609523853] [0.006792969101945763, 0.0009148800283244091]
	[-0.016082040387821683, -0.016082040387821683] [0.0047067601605521895, 0.004982754607368842]
	[0.3730909553129181, 0.3730909553129181] [0.0024642299117894344, 0.0063960148239399]
	[0.35766945174139814, 0.35766945174139814] [0.002562569148444975, 0.006357253655915792]
	[0.7351377812767972, 0.7351377812767972] [3.908448876190507e-05, 0.006854189017597554]
	[1.0544088135667473, 1.0544088135667473] [-0.0021142459209090433, 0.006520076600173972]
	[1.553732005183263, 1.553732005183263] [-0.004978128842110666, 0.0047116523553380535]
	[1.553732005183263, 1.553732005183263] [-0.004978128842110666, 0.0047116523553380535]
	[1.553732005183263, 1.553732005183263] [-0.004978128842110666, 0.0047116523553380535]
	[1.553732005183263, 1.553732005183263] [-0.004978128842110666, 0.0047116523553380535]
	[1.553732005183263, 1.553732005183263] [-0.004978128842110666, 0.0047116523553380535]
	[1.553732005183263, 1.553732005183263] [-0.004978128842110666, 0.0047116523553380535]
	[2.011060219448134, 2.011060219448134] [-0.00654699529449284, 0.0020293563758259185]
	[2.011060219448134, 2.011060219448134] [-0.00654699529449284, 0.0020293563758259185]
	[2.011060219448134, 2.011060219448134] [-0.00654699529449284, 0.0020293563758259185]
	[2.288352219296977, 2.288352219296977] [-0.006852442508061915, 0.0001595818282976938]
	[2.288352219296977, 2.288352219296977] [-0.006852442508061915, 0.0001595818282976938]
	[2.3573168119986003, 2.3573168119986003] [-0.006847150237150973, -0.0003129989075061922]
	[2.3573168119986003, 2.3573168119986003] [-0.006847150237150973, -0.0003129989075061922]
	[2.2661086979728715, 2.2661086979728715] [-0.00684719800284163, 0.00031195223368057136]
