source:
	0.045991423757272054,0.18128080737874652
target:
	0.7411723637494986,0.383672966314069
points:
	[-0.07435994619645249, -0.07435994619645249] [0.007082958625598211, 0.0015018687162204156]
	[-0.7690386957706608, -0.7690386957706608] [0.006402953687428146, -0.0033802509683968675]
	[-1.3472633837715327, -1.3472633837715327] [0.003514616771214238, -0.006330196006775561]
	[-1.3472633837715327, -1.3472633837715327] [0.003514616771214238, -0.006330196006775561]
	[-1.3472633837715327, -1.3472633837715327] [0.003514616771214238, -0.006330196006775561]
	[-1.3472633837715327, -1.3472633837715327] [0.003514616771214238, -0.006330196006775561]
	[-1.5473160943502249, -1.5473160943502249] [0.0021865788017576427, -0.006902375364785789]
	[-1.8677972964364802, -1.8677972964364802] [-9.916223297655586e-05, -0.007239756859470404]
	[-1.8677972964364802, -1.8677972964364802] [-9.916223297655586e-05, -0.007239756859470404]
	[-1.2745579092378048, -1.2745579092378048] [0.003965166112952008, -0.006058165582863736]
	[-1.2745579092378048, -1.2745579092378048] [0.003965166112952008, -0.006058165582863736]
	[-1.2745579092378048, -1.2745579092378048] [0.003965166112952008, -0.006058165582863736]
	[-0.6105877663076108, -0.6105877663076108] [0.006856108719475063, -0.0023275922665784167]
	[-0.6105877663076108, -0.6105877663076108] [0.006856108719475063, -0.0023275922665784167]
	[-1.0418367790781722, -1.0418367790781722] [0.0052554462873894885, -0.004980381195557393]
	[-1.5328270626062854, -1.5328270626062854] [0.002286354525930353, -0.006869970561396564]
	[-2.0642412086220503, -2.0642412086220503] [-0.0015103316206567237, -0.007081158869022929]
	[-1.5676754050535595, -1.5676754050535595] [0.002045607750586134, -0.006945459053470806]
	[-1.5676754050535595, -1.5676754050535595] [0.002045607750586134, -0.006945459053470806]
	[-1.8940008067423741, -1.8940008067423741] [-0.000288813526000213, -0.007234673405199227]
	[-1.8940008067423741, -1.8940008067423741] [-0.000288813526000213, -0.007234673405199227]
	[-2.293802868899452, -2.293802868899452] [-0.0030820326257147163, -0.006551716372579608]
	[-2.137839593825272, -2.137839593825272] [-0.0020269344306329297, -0.006950931545239992]
	[-2.7264785396136393, -2.7264785396136393] [-0.005545158194803346, -0.004655656036188987]
	[-2.5674935904833305, -2.5674935904833305] [-0.004738160359821406, -0.005474828667393595]
	[-2.5674935904833305, -2.5674935904833305] [-0.004738160359821406, -0.005474828667393595]
	[-2.1021619670335157, -2.1021619670335157] [-0.0017777043985871118, -0.007018808987566315]
	[-2.1319433211226952, -2.1319433211226952] [-0.001985914846052079, -0.006962762006339697]
	[-1.5482706915094653, -1.5482706915094653] [0.0021799888185769535, -0.006904459521467057]
	[-1.7351521403222332, -1.7351521403222332] [0.0008592139181455526, -0.007189274231489755]
	[-1.7351521403222332, -1.7351521403222332] [0.0008592139181455526, -0.007189274231489755]
	[-2.1881790401221504, -2.1881790401221504] [-0.002374125069813215, -0.006840134697912173]
	[-2.359044277331727, -2.359044277331727] [-0.003502615743546601, -0.0063368442844808125]
	[-2.127085711476888, -2.127085711476888] [-0.0019520691690365713, -0.006972326619715582]
	[-2.127085711476888, -2.127085711476888] [-0.0019520691690365713, -0.006972326619715582]
	[-2.3752678495933486, -2.3752678495933486] [-0.003604956543277884, -0.006279187913558219]
	[-2.438622911753202, -2.438622911753202] [-0.003995276323016035, -0.006038350738028152]
	[-2.438622911753202, -2.438622911753202] [-0.003995276323016035, -0.006038350738028152]
	[-2.5606059638547545, -2.5606059638547545] [-0.0047003396949502904, -0.005507333228048967]
	[-2.0605525233529276, -2.0605525233529276] [-0.0014842012384060819, -0.007086681819907784]
	[-2.0605525233529276, -2.0605525233529276] [-0.0014842012384060819, -0.007086681819907784]
	[-1.6127870545888918, -1.6127870545888918] [0.0017303117811201926, -0.00703064247937657]
	[-1.6127870545888918, -1.6127870545888918] [0.0017303117811201926, -0.00703064247937657]
	[-0.9496720668277139, -0.9496720668277139] [0.0056915071617495, -0.004475562395995815]
	[-1.4852804118982288, -1.4852804118982288] [0.0026102916816125987, -0.006753539062565769]
	[-0.8364804889440476, -0.8364804889440476] [0.0061606002135941845, -0.0038040659222680333]
	[-0.8364804889440476, -0.8364804889440476] [0.0061606002135941845, -0.0038040659222680333]
	[-0.8364804889440476, -0.8364804889440476] [0.0061606002135941845, -0.0038040659222680333]
	[-1.349363847914519, -1.349363847914519] [0.0035013126781078597, -0.006337564363603641]
	[-1.349363847914519, -1.349363847914519] [0.0035013126781078597, -0.006337564363603641]
	[-1.349363847914519, -1.349363847914519] [0.0035013126781078597, -0.006337564363603641]
	[-1.7644054436703236, -1.7644054436703236] [0.0006485662801724114, -0.007211329580106637]
	[-1.5873023098004493, -1.5873023098004493] [0.001908904651962227, -0.0069842677184093266]
	[-1.5873023098004493, -1.5873023098004493] [0.001908904651962227, -0.0069842677184093266]
	[-1.5873023098004493, -1.5873023098004493] [0.001908904651962227, -0.0069842677184093266]
	[-1.5873023098004493, -1.5873023098004493] [0.001908904651962227, -0.0069842677184093266]
	[-1.6797514184521727, -1.6797514184521727] [0.0012559829601475863, -0.007130667523908021]
	[-1.91748004242486, -1.91748004242486] [-0.0004585829172825453, -0.007225898853476588]
	[-1.916450929949265, -1.916450929949265] [-0.00045114641310138094, -0.007226366960419558]
	[-1.5339632995117687, -1.5339632995117687] [0.0022785471376376228, -0.006872563966545604]
	[-0.9119244128131687, -0.9119244128131687] [0.005856354633730933, -0.004257584166716599]
	[-0.7167144213920111, -0.7167144213920111] [0.006570979072577103, -0.003040747697598635]
	[-0.4561838188855439, -0.4561838188855439] [0.007132507284156209, -0.0012454928238076158]
	[-0.4561838188855439, -0.4561838188855439] [0.007132507284156209, -0.0012454928238076158]
	[-0.4561838188855439, -0.4561838188855439] [0.007132507284156209, -0.0012454928238076158]
	[-0.4561838188855439, -0.4561838188855439] [0.007132507284156209, -0.0012454928238076158]
	[-0.4561838188855439, -0.4561838188855439] [0.007132507284156209, -0.0012454928238076158]
	[-0.4561838188855439, -0.4561838188855439] [0.007132507284156209, -0.0012454928238076158]
	[-0.46270924906040806, -0.46270924906040806] [0.007124228110420293, -0.0012920086545356202]
	[-0.007789221722589168, -0.007789221722589168] [0.006967363125581074, 0.0019697115547690665]
	[0.40593917500988164, 0.40593917500988164] [0.00558763956279404, 0.004604584307947512]
