source:
	0.9845251773267059,0.24045506602054711
target:
	0.6281368573695322,0.7110352259591998
points:
	[0.07608026399695125, 0.07608026399695125] [-0.0031959005806400276, 0.004963068771601216]
	[0.3051433833226481, 0.3051433833226481] [-0.001985481961918623, 0.005559109059181539]
	[0.4096298814544602, 0.4096298814544602] [-0.001394858126551829, 0.005735869852059999]
	[0.9510644793784503, 0.9510644793784503] [0.0017607200200385632, 0.005634332006903203]
	[0.8623463684385564, 0.8623463684385564] [0.001254583519797867, 0.0057681758247153025]
	[0.25379329150129626, 0.25379329150129626] [-0.0022682001711167203, 0.005449871570663345]
	[0.7904803462532891, 0.7904803462532891] [0.0008371660077851969, 0.005843371050035028]
	[0.7904803462532891, 0.7904803462532891] [0.0008371660077851969, 0.005843371050035028]
	[0.3774470892819335, 0.3774470892819335] [-0.0015787002828601658, 0.005688017015610599]
	[0.3774470892819335, 0.3774470892819335] [-0.0015787002828601658, 0.005688017015610599]
	[0.3774470892819335, 0.3774470892819335] [-0.0015787002828601658, 0.005688017015610599]
	[0.3596046948244757, 0.3596046948244757] [-0.0016799314576537731, 0.005658945347903949]
	[0.5939738194150128, 0.5939738194150128] [-0.0003198303788028719, 0.0058943651635925375]
	[0.5939738194150128, 0.5939738194150128] [-0.0003198303788028719, 0.0058943651635925375]
	[0.21372798040159657, 0.21372798040159657] [-0.0024846723115509325, 0.005354646174789761]
	[0.21372798040159657, 0.21372798040159657] [-0.0024846723115509325, 0.005354646174789761]
	[0.8306793895852441, 0.8306793895852441] [0.0010713243509468048, 0.005805006140224735]
	[0.8306793895852441, 0.8306793895852441] [0.0010713243509468048, 0.005805006140224735]
	[0.7527273852708699, 0.7527273852708699] [0.0006160173192291692, 0.005870805295305591]
	[0.7527273852708699, 0.7527273852708699] [0.0006160173192291692, 0.005870805295305591]
	[1.0490702042552766, 1.0490702042552766] [0.002303584051563718, 0.00543500990526786]
	[1.0490702042552766, 1.0490702042552766] [0.002303584051563718, 0.00543500990526786]
	[1.1726671630981618, 1.1726671630981618] [0.0029560531249487286, 0.005109557913896203]
	[1.1726671630981618, 1.1726671630981618] [0.0029560531249487286, 0.005109557913896203]
	[1.1726671630981618, 1.1726671630981618] [0.0029560531249487286, 0.005109557913896203]
	[1.4357645464967648, 1.4357645464967648] [0.004183188559915765, 0.004164944852596291]
	[1.4357645464967648, 1.4357645464967648] [0.004183188559915765, 0.004164944852596291]
	[1.4357645464967648, 1.4357645464967648] [0.004183188559915765, 0.004164944852596291]
	[1.4357645464967648, 1.4357645464967648] [0.004183188559915765, 0.004164944852596291]
	[1.0934395859482018, 1.0934395859482018] [0.002542385871753067, 0.005327485920402687]
	[1.007607968449229, 1.007607968449229] [0.0020763211686107845, 0.005525823247060769]
	[1.1945443697841853, 1.1945443697841853] [0.003067119689656042, 0.005043670187700886]
	[1.1945443697841853, 1.1945443697841853] [0.003067119689656042, 0.005043670187700886]
	[0.8022615084197088, 0.8022615084197088] [0.0009059480203622486, 0.0058331029767508995]
	[0.5496384332718092, 0.5496384332718092] [-0.0005807594482517965, 0.005874397893933023]
	[1.0990641372698344, 1.0990641372698344] [0.0025723102169193258, 0.00531310194715958]
	[0.4065181513171766, 0.4065181513171766] [-0.0014126998237243352, 0.005731501667192264]
	[0.3841927354225121, 0.3841927354225121] [-0.0015402953055732365, 0.005698536875778512]
	[0.4296885671735401, 0.4296885671735401] [-0.0012795312292717808, 0.005762693119219235]
	[-0.2419364986950816, -0.2419364986950816] [-0.004587518990586909, 0.0037149026452900414]
	[-0.8077630563824434, -0.8077630563824434] [-0.0058641450338705586, 0.0006764873795642722]
	[-0.8077630563824434, -0.8077630563824434] [-0.0058641450338705586, 0.0006764873795642722]
	[-0.1719513590942886, -0.1719513590942886] [-0.004316513126579628, 0.004026604845405647]
	[-0.3846975102463265, -0.3846975102463265] [-0.005069393527588348, 0.0030244142268253914]
	[-1.0642579614791599, -1.0642579614791599] [-0.005843919528351814, -0.0008333286861297784]
	[-1.0642579614791599, -1.0642579614791599] [-0.005843919528351814, -0.0008333286861297784]
	[-1.0642579614791599, -1.0642579614791599] [-0.005843919528351814, -0.0008333286861297784]
	[-0.8267001069273724, -0.8267001069273724] [-0.00587590349928223, 0.0005653231112393307]
	[-0.8765769368723274, -0.8765769368723274] [-0.005896781112536956, 0.00027167013786189454]
