source:
	0.17926572929655282,0.4893937274215505
target:
	0.47550409573138797,0.10528261062418254
points:
	[0, 0] [0.0029623836643483514, -0.00384111116797368]
	[0, 0] [0.0029623836643483514, -0.00384111116797368]
	[-0.6508722533973552, -0.6508722533973552] [0.004683995566424995, -0.0012609668961717781]
	[-0.0008500637613526596, -0.0008500637613526596] [0.0029656477830407382, -0.0038385915654671637]
	[-0.0008500637613526596, -0.0008500637613526596] [0.0029656477830407382, -0.0038385915654671637]
	[-0.0008500637613526596, -0.0008500637613526596] [0.0029656477830407382, -0.0038385915654671637]
	[-0.0008500637613526596, -0.0008500637613526596] [0.0029656477830407382, -0.0038385915654671637]
	[-0.41879794755110983, -0.41879794755110983] [0.00426840598674728, -0.002304465732405253]
	[-0.9099962943281081, -0.9099962943281081] [0.00485072194487496, -1.8670646442503005e-05]
	[-0.9099962943281081, -0.9099962943281081] [0.00485072194487496, -1.8670646442503005e-05]
	[-0.9099962943281081, -0.9099962943281081] [0.00485072194487496, -1.8670646442503005e-05]
	[-0.7033001745895361, -0.7033001745895361] [0.004743639213482568, -0.0010137746257628374]
	[-0.7033001745895361, -0.7033001745895361] [0.004743639213482568, -0.0010137746257628374]
	[-0.09161361890504671, -0.09161361890504671] [0.0033013666833926446, -0.0035539879011210972]
	[-0.09161361890504671, -0.09161361890504671] [0.0033013666833926446, -0.0035539879011210972]
	[-0.2003446202573731, -0.2003446202573731] [0.0036675385050288552, -0.003174746177832302]
	[-0.2003446202573731, -0.2003446202573731] [0.0036675385050288552, -0.003174746177832302]
	[-0.5141711341397217, -0.5141711341397217] [0.0044684590886383295, -0.001887518305261066]
	[-0.6384250897629498, -0.6384250897629498] [0.0046679376649748, -0.0013191701692502414]
	[-0.6384250897629498, -0.6384250897629498] [0.0046679376649748, -0.0013191701692502414]
	[-0.6384250897629498, -0.6384250897629498] [0.0046679376649748, -0.0013191701692502414]
	[-0.6384250897629498, -0.6384250897629498] [0.0046679376649748, -0.0013191701692502414]
	[-0.11597837443953829, -0.11597837443953829] [0.0033869702972446907, -0.003472504022332056]
	[-0.11597837443953829, -0.11597837443953829] [0.0033869702972446907, -0.003472504022332056]
	[-0.11597837443953829, -0.11597837443953829] [0.0033869702972446907, -0.003472504022332056]
	[-0.11597837443953829, -0.11597837443953829] [0.0033869702972446907, -0.003472504022332056]
	[-0.11597837443953829, -0.11597837443953829] [0.0033869702972446907, -0.003472504022332056]
	[0.4823832331825054, 0.4823832331825054] [0.0008424917372664559, -0.004777034608642462]
	[0.13614916693559231, 0.13614916693559231] [0.0024136198760805762, -0.004207646738180248]
	[0.13614916693559231, 0.13614916693559231] [0.0024136198760805762, -0.004207646738180248]
	[0.13614916693559231, 0.13614916693559231] [0.0024136198760805762, -0.004207646738180248]
	[-0.3850674681156714, -0.3850674681156714] [0.004188262042449911, -0.0024471029899257196]
	[-0.3850674681156714, -0.3850674681156714] [0.004188262042449911, -0.0024471029899257196]
	[-0.8455210144593499, -0.8455210144593499] [0.0048394401006179, -0.0003311668643773274]
	[-0.2433346005302336, -0.2433346005302336] [0.003800590207323329, -0.00301419409718885]
	[-0.2433346005302336, -0.2433346005302336] [0.003800590207323329, -0.00301419409718885]
	[-0.2433346005302336, -0.2433346005302336] [0.003800590207323329, -0.00301419409718885]
	[-0.2433346005302336, -0.2433346005302336] [0.003800590207323329, -0.00301419409718885]
	[-0.2433346005302336, -0.2433346005302336] [0.003800590207323329, -0.00301419409718885]
