source:
	0.9690355152169368,0.03853264426796066
target:
	0.28531745838696054,0.4475702155211244
points:
	[0, 0] [-0.006837180568299762, 0.004090375712531637]
	[0, 0] [-0.006837180568299762, 0.004090375712531637]
	[0, 0] [-0.006837180568299762, 0.004090375712531637]
	[0.5317465465608991, 0.5317465465608991] [-0.00381913987431312, 0.006992308789923121]
	[0.5317465465608991, 0.5317465465608991] [-0.00381913987431312, 0.006992308789923121]
	[1.19368739367922, 1.19368739367922] [0.001285274753345805, 0.007862968930475082]
	[1.2273346351611547, 1.2273346351611547] [0.0015490645646679805, 0.007815280581507907]
	[1.8618178822310982, 1.8618178822310982] [0.00588017945220107, 0.005376030245740522]
	[1.8618178822310982, 1.8618178822310982] [0.00588017945220107, 0.005376030245740522]
	[1.8618178822310982, 1.8618178822310982] [0.00588017945220107, 0.005376030245740522]
	[1.8618178822310982, 1.8618178822310982] [0.00588017945220107, 0.005376030245740522]
	[1.9918224307785963, 1.9918224307785963] [0.006527499724104199, 0.004568365018803136]
	[1.5881028313550591, 1.5881028313550591] [0.0042080849531257805, 0.006765370102254641]
	[1.5881028313550591, 1.5881028313550591] [0.0042080849531257805, 0.006765370102254641]
	[1.5881028313550591, 1.5881028313550591] [0.0042080849531257805, 0.006765370102254641]
	[1.5881028313550591, 1.5881028313550591] [0.0042080849531257805, 0.006765370102254641]
	[1.5881028313550591, 1.5881028313550591] [0.0042080849531257805, 0.006765370102254641]
	[1.618224821864255, 1.618224821864255] [0.004409931625876799, 0.006635564380540375]
	[1.3628398835602922, 1.3628398835602922] [0.002590638244682849, 0.007534374896326246]
	[1.1867598079439923, 1.1867598079439923] [0.0012307729566665082, 0.007871684033441824]
	[1.8536559283734517, 1.8536559283734517] [0.005836105168267333, 0.0054238443984067145]
	[1.3867913033781134, 1.3867913033781134] [0.002770336916525673, 0.007470170343582506]
	[1.3867913033781134, 1.3867913033781134] [0.002770336916525673, 0.007470170343582506]
	[2.0193579046909544, 2.0193579046909544] [0.006650801498147563, 0.004386918169449106]
	[2.643449751588392, 2.643449751588392] [0.00796062838932498, -0.00032650764198982363]
	[2.8554780196097624, 2.8554780196097624] [0.0077136474933657715, -0.0019944558007878995]
	[2.8554780196097624, 2.8554780196097624] [0.0077136474933657715, -0.0019944558007878995]
	[3.469808512047812, 3.469808512047812] [0.0051536532785972635, -0.006076024150479345]
	[3.469808512047812, 3.469808512047812] [0.0051536532785972635, -0.006076024150479345]
	[2.8815731209186444, 2.8815731209186444] [0.007658981702026088, -0.002195042341558392]
	[2.8815731209186444, 2.8815731209186444] [0.007658981702026088, -0.002195042341558392]
	[2.787667191876841, 2.787667191876841] [0.007831061495638492, -0.001467203954715498]
	[2.787667191876841, 2.787667191876841] [0.007831061495638492, -0.001467203954715498]
	[3.2358605853881195, 3.2358605853881195] [0.006421803527633947, -0.004715787425835983]
	[3.242036815057335, 3.242036815057335] [0.006392555444522903, -0.0047553597636672195]
	[3.242036815057335, 3.242036815057335] [0.006392555444522903, -0.0047553597636672195]
	[2.837014156496955, 2.837014156496955] [0.00774915595112345, -0.0018517002020771573]
	[2.837014156496955, 2.837014156496955] [0.00774915595112345, -0.0018517002020771573]
	[3.424190212803939, 3.424190212803939] [0.0054253735189690525, -0.0058346836909016694]
	[3.7413101505672888, 3.7413101505672888] [0.0033354129679003647, -0.007235553325542328]
	[3.0664462612430547, 3.0664462612430547] [0.007124972706958558, -0.0035655259805953176]
	[2.8162085066883376, 2.8162085066883376] [0.007786001849972285, -0.001690084845631346]
	[2.1243964347651465, 2.1243964347651465] [0.0070740943341144604, 0.003665433254780974]
	[2.1243964347651465, 2.1243964347651465] [0.0070740943341144604, 0.003665433254780974]
	[2.1243964347651465, 2.1243964347651465] [0.0070740943341144604, 0.003665433254780974]
	[2.1243964347651465, 2.1243964347651465] [0.0070740943341144604, 0.003665433254780974]
	[1.458040457622187, 1.458040457622187] [0.0032951012796616705, 0.007254000217119971]
	[1.458040457622187, 1.458040457622187] [0.0032951012796616705, 0.007254000217119971]
	[1.7769879687959742, 1.7769879687959742] [0.0054035335005014375, 0.005854915652864971]
	[1.7769879687959742, 1.7769879687959742] [0.0054035335005014375, 0.005854915652864971]
	[1.7769879687959742, 1.7769879687959742] [0.0054035335005014375, 0.005854915652864971]
	[2.1014879840649328, 2.1014879840649328] [0.006988276130426356, 0.0038265138596531687]
	[1.9071883136390329, 1.9071883136390329] [0.006117957524708228, 0.005103803221037283]
	[1.9071883136390329, 1.9071883136390329] [0.006117957524708228, 0.005103803221037283]
	[1.9071883136390329, 1.9071883136390329] [0.006117957524708228, 0.005103803221037283]
	[2.2927490155361467, 2.2927490155361467] [0.00758825611510487, 0.0024282876116263744]
	[2.2927490155361467, 2.2927490155361467] [0.00758825611510487, 0.0024282876116263744]
	[2.7186694415922363, 2.7186694415922363] [0.007913581730801256, -0.0009238158816199024]
	[2.7186694415922363, 2.7186694415922363] [0.007913581730801256, -0.0009238158816199024]
	[3.2373763124761537, 3.2373763124761537] [0.006414648306811992, -0.004725515706578343]
	[3.2373763124761537, 3.2373763124761537] [0.006414648306811992, -0.004725515706578343]
	[3.7553997535973442, 3.7553997535973442] [0.0032331392043434717, -0.007281828237368815]
	[3.0774014147829263, 3.0774014147829263] [0.007085485054794174, -0.0036433656324191465]
	[2.7322930976731916, 2.7322930976731916] [0.007900261985399148, -0.001031538731828171]
	[2.699120621681537, 2.699120621681537] [0.007930128026224881, -0.0007689480352320395]
	[2.957753876476294, 2.957753876476294] [0.007469709682083744, -0.00277157876644142]
	[2.957753876476294, 2.957753876476294] [0.007469709682083744, -0.00277157876644142]
	[2.957753876476294, 2.957753876476294] [0.007469709682083744, -0.00277157876644142]
	[2.3659787751492662, 2.3659787751492662] [0.0077455828521181816, 0.0018665899051953894]
	[2.0081030574998397, 2.0081030574998397] [0.006601007217548222, 0.004461492497705318]
	[1.980762466821406, 1.980762466821406] [0.006476575574765022, 0.004640278053906003]
	[1.980762466821406, 1.980762466821406] [0.006476575574765022, 0.004640278053906003]
	[1.980762466821406, 1.980762466821406] [0.006476575574765022, 0.004640278053906003]
	[1.980762466821406, 1.980762466821406] [0.006476575574765022, 0.004640278053906003]
	[1.9565135486528558, 1.9565135486528558] [0.00636216082654561, 0.004795948416150141]
	[2.0332887462223925, 2.0332887462223925] [0.006711267638713091, 0.004293844230379925]
	[1.8060384691410294, 1.8060384691410294] [0.005571317860994194, 0.005695491979185963]
	[1.8060384691410294, 1.8060384691410294] [0.005571317860994194, 0.005695491979185963]
	[2.414494064916549, 2.414494064916549] [0.007826991750984754, 0.0014887618087596158]
	[2.1124759690659034, 2.1124759690659034] [0.007029899097897162, 0.0037494973351889773]
	[1.8676452426093462, 1.8676452426093462] [0.0059114075008769845, 0.005341673235211969]
	[1.8676452426093462, 1.8676452426093462] [0.0059114075008769845, 0.005341673235211969]
	[1.8676452426093462, 1.8676452426093462] [0.0059114075008769845, 0.005341673235211969]
	[1.8676452426093462, 1.8676452426093462] [0.0059114075008769845, 0.005341673235211969]
	[1.9917839840223097, 1.9917839840223097] [0.006527324080463414, 0.004568615976617756]
	[1.6710545517091488, 1.6710545517091488] [0.004754171071745895, 0.0063934395292189194]
