source:
	0.4371883015093916,0.8983383200308833
target:
	0.9199001704509626,0.23409857325143912
points:
	[0, 0] [0.004827118689415711, -0.0066423974677944425]
	[0, 0] [0.004827118689415711, -0.0066423974677944425]
	[0, 0] [0.004827118689415711, -0.0066423974677944425]
	[0, 0] [0.004827118689415711, -0.0066423974677944425]
	[0, 0] [0.004827118689415711, -0.0066423974677944425]
	[0, 0] [0.004827118689415711, -0.0066423974677944425]
	[0, 0] [0.004827118689415711, -0.0066423974677944425]
	[0.2487990430652662, 0.2487990430652662] [0.00304286111800623, -0.007626500847596775]
	[0.2487990430652662, 0.2487990430652662] [0.00304286111800623, -0.007626500847596775]
	[0.2487990430652662, 0.2487990430652662] [0.00304286111800623, -0.007626500847596775]
	[0.2487990430652662, 0.2487990430652662] [0.00304286111800623, -0.007626500847596775]
	[0.2487990430652662, 0.2487990430652662] [0.00304286111800623, -0.007626500847596775]
	[0.0414224216486182, 0.0414224216486182] [0.004547912542751184, -0.006836593483991492]
	[0.0414224216486182, 0.0414224216486182] [0.004547912542751184, -0.006836593483991492]
	[0.38910868915736385, 0.38910868915736385] [0.001946394087776781, -0.007977096527994134]
	[0.38910868915736385, 0.38910868915736385] [0.001946394087776781, -0.007977096527994134]
	[0.38910868915736385, 0.38910868915736385] [0.001946394087776781, -0.007977096527994134]
	[0.38910868915736385, 0.38910868915736385] [0.001946394087776781, -0.007977096527994134]
	[0.04040808780763827, 0.04040808780763827] [0.0045548447900775535, -0.006831976866191207]
	[0.04040808780763827, 0.04040808780763827] [0.0045548447900775535, -0.006831976866191207]
	[0.04040808780763827, 0.04040808780763827] [0.0045548447900775535, -0.006831976866191207]
	[0.04040808780763827, 0.04040808780763827] [0.0045548447900775535, -0.006831976866191207]
	[0.04040808780763827, 0.04040808780763827] [0.0045548447900775535, -0.006831976866191207]
	[0.04040808780763827, 0.04040808780763827] [0.0045548447900775535, -0.006831976866191207]
	[0.04040808780763827, 0.04040808780763827] [0.0045548447900775535, -0.006831976866191207]
	[0.04040808780763827, 0.04040808780763827] [0.0045548447900775535, -0.006831976866191207]
	[0.04040808780763827, 0.04040808780763827] [0.0045548447900775535, -0.006831976866191207]
	[0.04040808780763827, 0.04040808780763827] [0.0045548447900775535, -0.006831976866191207]
	[0.04040808780763827, 0.04040808780763827] [0.0045548447900775535, -0.006831976866191207]
	[0.04040808780763827, 0.04040808780763827] [0.0045548447900775535, -0.006831976866191207]
	[0.04040808780763827, 0.04040808780763827] [0.0045548447900775535, -0.006831976866191207]
	[0.04040808780763827, 0.04040808780763827] [0.0045548447900775535, -0.006831976866191207]
	[0.04040808780763827, 0.04040808780763827] [0.0045548447900775535, -0.006831976866191207]
	[0.30874474196061785, 0.30874474196061785] [0.0025804933510076918, -0.007795099295536495]
	[0.30874474196061785, 0.30874474196061785] [0.0025804933510076918, -0.007795099295536495]
	[0.30874474196061785, 0.30874474196061785] [0.0025804933510076918, -0.007795099295536495]
	[0.30874474196061785, 0.30874474196061785] [0.0025804933510076918, -0.007795099295536495]
	[0.30874474196061785, 0.30874474196061785] [0.0025804933510076918, -0.007795099295536495]
	[0.5261009201333725, 0.5261009201333725] [0.0008387733868027079, -0.0081681685932319]
	[0.43679476750452395, 0.43679476750452395] [0.0015639291953835632, -0.008060809167428254]
	[0.43679476750452395, 0.43679476750452395] [0.0015639291953835632, -0.008060809167428254]
	[0.43679476750452395, 0.43679476750452395] [0.0015639291953835632, -0.008060809167428254]
	[0.9938417179977471, 0.9938417179977471] [-0.0029341094672306963, -0.007668997365769248]
	[0.9938417179977471, 0.9938417179977471] [-0.0029341094672306963, -0.007668997365769248]
	[1.6534691011572775, 1.6534691011572775] [-0.007018327560786708, -0.004262111825300948]
	[1.1261208089060593, 1.1261208089060593] [-0.0039199688670839075, -0.007215009566380447]
	[0.6565197485658254, 0.6565197485658254] [-0.00023061551923669193, -0.008207882518905571]
	[0.6565197485658254, 0.6565197485658254] [-0.00023061551923669193, -0.008207882518905571]
	[0.6565197485658254, 0.6565197485658254] [-0.00023061551923669193, -0.008207882518905571]
	[0.6565197485658254, 0.6565197485658254] [-0.00023061551923669193, -0.008207882518905571]
	[0.6565197485658254, 0.6565197485658254] [-0.00023061551923669193, -0.008207882518905571]
	[0.6565197485658254, 0.6565197485658254] [-0.00023061551923669193, -0.008207882518905571]
	[0.8246769990734109, 0.8246769990734109] [-0.0016010821099096328, -0.00805351196927128]
	[0.8246769990734109, 0.8246769990734109] [-0.0016010821099096328, -0.00805351196927128]
	[0.8246769990734109, 0.8246769990734109] [-0.0016010821099096328, -0.00805351196927128]
	[0.8246769990734109, 0.8246769990734109] [-0.0016010821099096328, -0.00805351196927128]
	[0.40690241581010844, 0.40690241581010844] [0.0018041511804578973, -0.00801046549708073]
	[0.023781812567458538, 0.023781812567458538] [0.004667800344341493, -0.006755305981762328]
	[0.023781812567458538, 0.023781812567458538] [0.004667800344341493, -0.006755305981762328]
	[0.023781812567458538, 0.023781812567458538] [0.004667800344341493, -0.006755305981762328]
	[0.023781812567458538, 0.023781812567458538] [0.004667800344341493, -0.006755305981762328]
	[0.07293822408988898, 0.07293822408988898] [0.004330229068359817, -0.006976505943335828]
	[0.07293822408988898, 0.07293822408988898] [0.004330229068359817, -0.006976505943335828]
