source:
	0.5856368937367953,0.5666540315804581
target:
	0.2953506713258851,0.04456306391867959
points:
	[-0.19605670545661166, -0.19605670545661166] [-0.003864299673001091, -0.004555402834086633]
	[0.17982798221111454, 0.17982798221111454] [-0.001922238406357038, -0.005655926666134104]
	[0.505630560789428, 0.505630560789428] [-1.0829232975387677e-05, -0.005973641240589699]
	[0.505630560789428, 0.505630560789428] [-1.0829232975387677e-05, -0.005973641240589699]
	[1.0839530451275103, 1.0839530451275103] [0.0032562435066024915, -0.005008131904140504]
	[0.440230227383548, 0.440230227383548] [-0.0004012057684974127, -0.005960162822850167]
	[-0.015201552665474849, -0.015201552665474849] [-0.0029818897001155833, -0.00517618013209601]
	[0.47850219223362256, 0.47850219223362256] [-0.00017286051289804906, -0.005971149486207952]
	[0.4516203428288769, 0.4516203428288769] [-0.0003332942688653968, -0.005964345888184416]
	[-0.11876517078338661, -0.11876517078338661] [-0.0035010191775284305, -0.004840183019487902]
	[-0.08807743432905595, -0.08807743432905595] [-0.003350859838335075, -0.0049453255997349566]
	[0.12065441418821364, 0.12065441418821364] [-0.0022533600990400377, -0.005532348073613512]
	[0.7846911939080741, 0.7846911939080741] [0.0016350455662069248, -0.005745531562874574]
	[0.7846911939080741, 0.7846911939080741] [0.0016350455662069248, -0.005745531562874574]
	[0.157716231485728, 0.157716231485728] [-0.002046820755644294, -0.005612043454734166]
	[-0.30336920354248037, -0.30336920354248037] [-0.004329984365004362, -0.00411530586255489]
	[-0.04820118335167212, -0.04820118335167212] [-0.003151047277570639, -0.00507497862045502]
	[0.6455479737658864, 0.6455479737658864] [0.00082236857879563, -0.00591677419411714]
	[0.6455479737658864, 0.6455479737658864] [0.00082236857879563, -0.00591677419411714]
	[0.6065132050947419, 0.6065132050947419] [0.0005908408677917635, -0.005944359848840576]
	[0.6065132050947419, 0.6065132050947419] [0.0005908408677917635, -0.005944359848840576]
	[0.6065132050947419, 0.6065132050947419] [0.0005908408677917635, -0.005944359848840576]
	[0.8734859165433755, 0.8734859165433755] [0.002138106775427217, -0.005577903401855674]
	[1.1277354865207383, 1.1277354865207383] [0.0034723212506562713, -0.004860811874142193]
	[1.092712787175142, 1.092712787175142] [0.003299987959180348, -0.004979416272297948]
	[1.4156705598944013, 1.4156705598944013] [0.004709712690111816, -0.003674658258962402]
	[0.8410479981370845, 0.8410479981370845] [0.0019560781497837197, -0.005644312643316241]
	[1.030007365035087, 1.030007365035087] [0.0029814705356940967, -0.0051764215813966345]
	[0.9658641776701394, 0.9658641776701394] [0.002643534690401195, -0.005356886342289364]
	[1.117670695499422, 1.117670695499422] [0.0034232231493108558, -0.004895513273762328]
	[1.117670695499422, 1.117670695499422] [0.0034232231493108558, -0.004895513273762328]
	[1.117670695499422, 1.117670695499422] [0.0034232231493108558, -0.004895513273762328]
	[0.9906305242922043, 0.9906305242922043] [0.002775380938516606, -0.005289779540744543]
	[1.157179300226425, 1.157179300226425] [0.0036139163761751197, -0.004756481406415268]
	[1.2312808702876366, 1.2312808702876366] [0.003956139095091231, -0.004475876495598556]
	[1.2312808702876366, 1.2312808702876366] [0.003956139095091231, -0.004475876495598556]
	[1.2353727290697296, 1.2353727290697296] [0.003974420579147318, -0.0044596511078346885]
	[1.2353727290697296, 1.2353727290697296] [0.003974420579147318, -0.0044596511078346885]
	[1.1913311414645147, 1.1913311414645147] [0.003774220060717784, -0.004630309911532522]
	[1.1913311414645147, 1.1913311414645147] [0.003774220060717784, -0.004630309911532522]
	[1.237244856117007, 1.237244856117007] [0.0039827626428394994, -0.0044522026766941995]
	[1.237244856117007, 1.237244856117007] [0.0039827626428394994, -0.0044522026766941995]
	[0.7007189608444786, 0.7007189608444786] [0.001147386013589308, -0.0058624237546752375]
	[0.09466627202453592, 0.09466627202453592] [-0.002396358465567951, -0.005471925899357711]
	[0.12351075779463808, 0.12351075779463808] [-0.0022375486412422145, -0.005538761867207869]
	[0.4992146506568941, 0.4992146506568941] [-4.91550925099099e-05, -0.005973448812908772]
	[0.7062306444029146, 0.7062306444029146] [0.001179680246634305, -0.005856010712017329]
	[0.08152154776082465, 0.08152154776082465] [-0.0024680763284712364, -0.005439954611979847]
	[0.5922211661159333, 0.5922211661159333] [0.0005058263950992058, -0.005952196787874357]
	[0.18657914982051205, 0.18657914982051205] [-0.0018840107815292642, -0.005668775028049919]
