source:
	0.037223153833178646,0.07855945562349032
target:
	0.31910166788857697,0.9285391192062994
points:
	[0.011784960959838088, 0.011784960959838088] [0.0027184219460517035, 0.008532424898132239]
	[0.011784960959838088, 0.011784960959838088] [0.0027184219460517035, 0.008532424898132239]
	[0.011784960959838088, 0.011784960959838088] [0.0027184219460517035, 0.008532424898132239]
	[0.6007209274801723, 0.6007209274801723] [-0.002479106657294585, 0.008605005676976637]
	[0.6007209274801723, 0.6007209274801723] [-0.002479106657294585, 0.008605005676976637]
	[0.6007209274801723, 0.6007209274801723] [-0.002479106657294585, 0.008605005676976637]
	[0.6007209274801723, 0.6007209274801723] [-0.002479106657294585, 0.008605005676976637]
	[0.855730294771184, 0.855730294771184] [-0.00456958583275152, 0.00770136207668222]
	[0.6889371741065016, 0.6889371741065016] [-0.003227583694029122, 0.008353130911046457]
	[0.6889371741065016, 0.6889371741065016] [-0.003227583694029122, 0.008353130911046457]
	[0.6889371741065016, 0.6889371741065016] [-0.003227583694029122, 0.008353130911046457]
	[0.6889371741065016, 0.6889371741065016] [-0.003227583694029122, 0.008353130911046457]
	[0.6889371741065016, 0.6889371741065016] [-0.003227583694029122, 0.008353130911046457]
	[1.226768790915199, 1.226768790915199] [-0.007051017959002021, 0.0055204382308720245]
	[1.226768790915199, 1.226768790915199] [-0.007051017959002021, 0.0055204382308720245]
	[1.226768790915199, 1.226768790915199] [-0.007051017959002021, 0.0055204382308720245]
	[1.226768790915199, 1.226768790915199] [-0.007051017959002021, 0.0055204382308720245]
	[1.226768790915199, 1.226768790915199] [-0.007051017959002021, 0.0055204382308720245]
	[1.226768790915199, 1.226768790915199] [-0.007051017959002021, 0.0055204382308720245]
	[1.226768790915199, 1.226768790915199] [-0.007051017959002021, 0.0055204382308720245]
	[1.3328512928565317, 1.3328512928565317] [-0.0075959049805862724, 0.0047428177326297415]
	[1.3328512928565317, 1.3328512928565317] [-0.0075959049805862724, 0.0047428177326297415]
	[1.3328512928565317, 1.3328512928565317] [-0.0075959049805862724, 0.0047428177326297415]
	[0.6557750516889583, 0.6557750516889583] [-0.0029488523466779317, 0.008455552161540637]
	[0.9632462755680274, 0.9632462755680274] [-0.005369624921035964, 0.007166534778149898]
	[0.9261897807389218, 0.9261897807389218] [-0.005100432717414089, 0.007360548798437139]
	[0.9261897807389218, 0.9261897807389218] [-0.005100432717414089, 0.007360548798437139]
	[0.9261897807389218, 0.9261897807389218] [-0.005100432717414089, 0.007360548798437139]
	[0.9261897807389218, 0.9261897807389218] [-0.005100432717414089, 0.007360548798437139]
	[1.2245923980531161, 1.2245923980531161] [-0.007038986626903663, 0.005535770929627946]
	[1.2100768323199116, 1.2100768323199116] [-0.006957893051854806, 0.005637359026884228]
	[0.5976919953684903, 0.5976919953684903] [-0.00245303134694583, 0.008612475238277531]
	[0.771331925506766, 0.771331925506766] [-0.003904109688916746, 0.008059157527679234]
	[0.771331925506766, 0.771331925506766] [-0.003904109688916746, 0.008059157527679234]
	[0.771331925506766, 0.771331925506766] [-0.003904109688916746, 0.008059157527679234]
	[0.771331925506766, 0.771331925506766] [-0.003904109688916746, 0.008059157527679234]
	[1.4621345892514552, 1.4621345892514552] [-0.008143974163397079, 0.0037239464745030012]
	[2.0746297916028342, 2.0746297916028342] [-0.008804467629858157, -0.0016350664432439258]
	[2.0746297916028342, 2.0746297916028342] [-0.008804467629858157, -0.0016350664432439258]
	[2.0746297916028342, 2.0746297916028342] [-0.008804467629858157, -0.0016350664432439258]
	[1.6254856330481715, 1.6254856330481715] [-0.008641169266754707, 0.002349954514950531]
	[1.6254856330481715, 1.6254856330481715] [-0.008641169266754707, 0.002349954514950531]
	[1.6254856330481715, 1.6254856330481715] [-0.008641169266754707, 0.002349954514950531]
	[1.6254856330481715, 1.6254856330481715] [-0.008641169266754707, 0.002349954514950531]
	[1.6254856330481715, 1.6254856330481715] [-0.008641169266754707, 0.002349954514950531]
	[1.750791046750641, 1.750791046750641] [-0.008867110603181398, 0.0012515758346942065]
	[2.383670584400736, 2.383670584400736] [-0.007890065244125982, -0.004235441294892151]
	[2.0318762960683427, 2.0318762960683427] [-0.008866305694066089, -0.0012572652299390596]
	[2.0318762960683427, 2.0318762960683427] [-0.008866305694066089, -0.0012572652299390596]
	[2.0318762960683427, 2.0318762960683427] [-0.008866305694066089, -0.0012572652299390596]
	[1.973400068406193, 1.973400068406193] [-0.008924629218612297, -0.0007369435726934158]
	[1.973400068406193, 1.973400068406193] [-0.008924629218612297, -0.0007369435726934158]
	[2.582942475325877, 2.582942475325877] [-0.006895498840462637, -0.005713509277162408]
	[2.582942475325877, 2.582942475325877] [-0.006895498840462637, -0.005713509277162408]
	[3.083968193296128, 3.083968193296128] [-0.0033036316078440143, -0.008323347326568586]
	[3.083968193296128, 3.083968193296128] [-0.0033036316078440143, -0.008323347326568586]
	[3.218376272137027, 3.218376272137027] [-0.0021584758035084442, -0.008690976626634721]
	[2.809946401388268, 2.809946401388268] [-0.005432716682104575, -0.007118825884303193]
	[3.504024975873416, 3.504024975873416] [0.0003779304286278954, -0.008947025265984197]
	[3.504024975873416, 3.504024975873416] [0.0003779304286278954, -0.008947025265984197]
	[3.504024975873416, 3.504024975873416] [0.0003779304286278954, -0.008947025265984197]
	[3.504024975873416, 3.504024975873416] [0.0003779304286278954, -0.008947025265984197]
	[3.504024975873416, 3.504024975873416] [0.0003779304286278954, -0.008947025265984197]
	[3.504024975873416, 3.504024975873416] [0.0003779304286278954, -0.008947025265984197]
	[3.504024975873416, 3.504024975873416] [0.0003779304286278954, -0.008947025265984197]
	[3.504024975873416, 3.504024975873416] [0.0003779304286278954, -0.008947025265984197]
	[3.504024975873416, 3.504024975873416] [0.0003779304286278954, -0.008947025265984197]
	[3.504024975873416, 3.504024975873416] [0.0003779304286278954, -0.008947025265984197]
	[3.504024975873416, 3.504024975873416] [0.0003779304286278954, -0.008947025265984197]
	[3.3451662210407065, 3.3451662210407065] [-0.0010421710603828146, -0.008894153810225177]
	[3.3451662210407065, 3.3451662210407065] [-0.0010421710603828146, -0.008894153810225177]
	[3.3451662210407065, 3.3451662210407065] [-0.0010421710603828146, -0.008894153810225177]
	[3.3451662210407065, 3.3451662210407065] [-0.0010421710603828146, -0.008894153810225177]
	[3.3451662210407065, 3.3451662210407065] [-0.0010421710603828146, -0.008894153810225177]
	[2.929557546862008, 2.929557546862008] [-0.004544438511824473, -0.007716227778603288]
	[2.929557546862008, 2.929557546862008] [-0.004544438511824473, -0.007716227778603288]
	[2.929557546862008, 2.929557546862008] [-0.004544438511824473, -0.007716227778603288]
	[2.929557546862008, 2.929557546862008] [-0.004544438511824473, -0.007716227778603288]
	[2.929557546862008, 2.929557546862008] [-0.004544438511824473, -0.007716227778603288]
	[2.929557546862008, 2.929557546862008] [-0.004544438511824473, -0.007716227778603288]
	[2.929557546862008, 2.929557546862008] [-0.004544438511824473, -0.007716227778603288]
	[2.929557546862008, 2.929557546862008] [-0.004544438511824473, -0.007716227778603288]
	[2.929557546862008, 2.929557546862008] [-0.004544438511824473, -0.007716227778603288]
	[2.929557546862008, 2.929557546862008] [-0.004544438511824473, -0.007716227778603288]
	[3.5870279553925375, 3.5870279553925375] [0.0011184066257236447, -0.008884889371206595]
	[4.13050506697097, 4.13050506697097] [0.005551773471348649, -0.0070263720255813265]
	[4.13050506697097, 4.13050506697097] [0.005551773471348649, -0.0070263720255813265]
	[4.27745789267093, 4.27745789267093] [0.006520768537378331, -0.0061377251649922665]
	[4.27745789267093, 4.27745789267093] [0.006520768537378331, -0.0061377251649922665]
