source:
	0.5100065620711759,0.5780717045356373
target:
	0.36828431793766636,0.0635163591794955
points:
	[0, 0] [-0.001417222441335095, -0.0051455534535614165]
	[0, 0] [-0.001417222441335095, -0.0051455534535614165]
	[0, 0] [-0.001417222441335095, -0.0051455534535614165]
	[0.6179214021941571, 0.6179214021941571] [0.0018258802038057258, -0.0050151172741055615]
	[0.47255996807434647, 0.47255996807434647] [0.001080183726014855, -0.005226704785018406]
	[0.6190891799513958, 0.6190891799513958] [0.0018317354998965297, -0.005012981632731207]
	[0.6190891799513958, 0.6190891799513958] [0.0018317354998965297, -0.005012981632731207]
	[0.2780417206239852, 0.2780417206239852] [4.952233535283634e-05, -0.005336926768279928]
	[0.9189344978306229, 0.9189344978306229] [0.0032307040369346824, -0.004248269202559506]
	[0.2616966616215458, 0.2616966616215458] [-3.771277850707479e-05, -0.005337023284380433]
	[0.2616966616215458, 0.2616966616215458] [-3.771277850707479e-05, -0.005337023284380433]
	[0.5965109258436014, 0.5965109258436014] [0.0017180938739937307, -0.00505305781006183]
	[0.012265493206296663, 0.012265493206296663] [-0.0013540046690853058, -0.005162548900279475]
	[0.21301962577847255, 0.21301962577847255] [-0.0002973560002596305, -0.005328866596265216]
	[0.21301962577847255, 0.21301962577847255] [-0.0002973560002596305, -0.005328866596265216]
	[0.41359046604815775, 0.41359046604815775] [0.000770268576050958, -0.005281280726531215]
	[0.38290160906276044, 0.38290160906276044] [0.0006078548534058857, -0.005302428902764519]
	[-0.24757800932910273, -0.24757800932910273] [-0.002634961134254348, -0.00464135967283841]
	[-0.24757800932910273, -0.24757800932910273] [-0.002634961134254348, -0.00464135967283841]
	[-0.0258173549011729, -0.0258173549011729] [-0.0015495799753659175, -0.005107253830741782]
	[0.23788395535349008, 0.23788395535349008] [-0.00016477904388851624, -0.0053346122313038665]
	[0.8614397856160044, 0.8614397856160044] [0.00298124726373659, -0.004426895587671425]
	[0.6899541366738107, 0.6899541366738107] [0.0021820855517377512, -0.004870702458227046]
	[0.853218280238333, 0.853218280238333] [0.0029447511724917464, -0.004451256038893979]
	[0.853218280238333, 0.853218280238333] [0.0029447511724917464, -0.004451256038893979]
	[0.40135777851771715, 0.40135777851771715] [0.0007056083001122233, -0.005290307809427951]
	[0.40135777851771715, 0.40135777851771715] [0.0007056083001122233, -0.005290307809427951]
	[0.5638754248537986, 0.5638754248537986] [0.001552299203714134, -0.005106428005350717]
	[1.1426314940317692, 1.1426314940317692] [0.004092626876740907, -0.0034257327740878462]
	[1.1426314940317692, 1.1426314940317692] [0.004092626876740907, -0.0034257327740878462]
	[1.207367351675164, 1.207367351675164] [0.004305667208238012, -0.0031538024167004374]
	[1.207367351675164, 1.207367351675164] [0.004305667208238012, -0.0031538024167004374]
	[1.2515542273732958, 1.2515542273732958] [0.004440775858858311, -0.0029605319729843933]
	[1.2515542273732958, 1.2515542273732958] [0.004440775858858311, -0.0029605319729843933]
	[1.1069054342521352, 1.1069054342521352] [0.003967653439077487, -0.003569729118442775]
	[1.0817979750211548, 1.0817979750211548] [0.003876785519095635, -0.0036682112576311653]
	[1.0817979750211548, 1.0817979750211548] [0.003876785519095635, -0.0036682112576311653]
	[0.9331953290195834, 0.9331953290195834] [0.0032909573227133, -0.004201766258582377]
	[0.5768725311053946, 0.5768725311053946] [0.0016185350134781751, -0.0050858218806626365]
	[0.5768725311053946, 0.5768725311053946] [0.0016185350134781751, -0.0050858218806626365]
	[0.8110857399546054, 0.8110857399546054] [0.0027546506269991904, -0.004571338941147834]
	[1.4936880745150551, 1.4936880745150551] [0.0050210928300522045, -0.0018093829289788214]
	[1.219507406753312, 1.219507406753312] [0.004343636320081115, -0.003101300261270074]
	[1.219507406753312, 1.219507406753312] [0.004343636320081115, -0.003101300261270074]
	[1.2501489011327926, 1.2501489011327926] [0.004436610961823983, -0.0029667697863341043]
