source:
	0.9670184610283801,0.884327031982828
target:
	0.7220650118364695,0.5109374466072979
points:
	[0, 0] [-0.0024495344919191054, -0.0037338958537553014]
	[0, 0] [-0.0024495344919191054, -0.0037338958537553014]
	[0, 0] [-0.0024495344919191054, -0.0037338958537553014]
	[0, 0] [-0.0024495344919191054, -0.0037338958537553014]
	[0, 0] [-0.0024495344919191054, -0.0037338958537553014]
	[0, 0] [-0.0024495344919191054, -0.0037338958537553014]
	[0, 0] [-0.0024495344919191054, -0.0037338958537553014]
	[0, 0] [-0.0024495344919191054, -0.0037338958537553014]
	[0, 0] [-0.0024495344919191054, -0.0037338958537553014]
	[0, 0] [-0.0024495344919191054, -0.0037338958537553014]
	[0, 0] [-0.0024495344919191054, -0.0037338958537553014]
	[0, 0] [-0.0024495344919191054, -0.0037338958537553014]
	[0, 0] [-0.0024495344919191054, -0.0037338958537553014]
	[0, 0] [-0.0024495344919191054, -0.0037338958537553014]
	[0, 0] [-0.0024495344919191054, -0.0037338958537553014]
	[0, 0] [-0.0024495344919191054, -0.0037338958537553014]
	[0, 0] [-0.0024495344919191054, -0.0037338958537553014]
	[0, 0] [-0.0024495344919191054, -0.0037338958537553014]
	[0, 0] [-0.0024495344919191054, -0.0037338958537553014]
	[0, 0] [-0.0024495344919191054, -0.0037338958537553014]
	[-0.6218050014202067, -0.6218050014202067] [-0.004166057634992022, -0.0016081546118819243]
	[-0.6218050014202067, -0.6218050014202067] [-0.004166057634992022, -0.0016081546118819243]
	[-0.6218050014202067, -0.6218050014202067] [-0.004166057634992022, -0.0016081546118819243]
	[-0.6218050014202067, -0.6218050014202067] [-0.004166057634992022, -0.0016081546118819243]
	[-0.6218050014202067, -0.6218050014202067] [-0.004166057634992022, -0.0016081546118819243]
	[-0.6218050014202067, -0.6218050014202067] [-0.004166057634992022, -0.0016081546118819243]
	[-0.6218050014202067, -0.6218050014202067] [-0.004166057634992022, -0.0016081546118819243]
	[-0.6218050014202067, -0.6218050014202067] [-0.004166057634992022, -0.0016081546118819243]
	[-1.0505397333521127, -1.0505397333521127] [-0.004457540722871146, 0.0002693105600191055]
	[-1.0505397333521127, -1.0505397333521127] [-0.004457540722871146, 0.0002693105600191055]
	[-1.0505397333521127, -1.0505397333521127] [-0.004457540722871146, 0.0002693105600191055]
	[-1.0505397333521127, -1.0505397333521127] [-0.004457540722871146, 0.0002693105600191055]
	[-1.0505397333521127, -1.0505397333521127] [-0.004457540722871146, 0.0002693105600191055]
	[-1.5304650313623798, -1.5304650313623798] [-0.0038296255813447346, 0.0022969905050962713]
	[-1.812618975004352, -1.812618975004352] [-0.003038654622818183, 0.0032724265548699657]
	[-1.812618975004352, -1.812618975004352] [-0.003038654622818183, 0.0032724265548699657]
	[-1.812618975004352, -1.812618975004352] [-0.003038654622818183, 0.0032724265548699657]
	[-1.812618975004352, -1.812618975004352] [-0.003038654622818183, 0.0032724265548699657]
