source:
	0.5393623634199517,0.266317562665046
target:
	0.0007773339826159242,0.4400255773581251
points:
	[-0.5695828428783022, -0.5695828428783022] [-0.0054723386021321065, -0.001441645259374683]
	[-0.5695828428783022, -0.5695828428783022] [-0.0054723386021321065, -0.001441645259374683]
	[-0.5321792005504388, -0.5321792005504388] [-0.005522421269972231, -0.001235999250493692]
	[-0.5321792005504388, -0.5321792005504388] [-0.005522421269972231, -0.001235999250493692]
	[-0.5321792005504388, -0.5321792005504388] [-0.005522421269972231, -0.001235999250493692]
	[-1.0777224322148806, -1.0777224322148806] [-0.004079478773743452, -0.003922076460860916]
	[-0.5515664838856512, -0.5515664838856512] [-0.005497422288626655, -0.0013428250112257933]
	[-0.5515664838856512, -0.5515664838856512] [-0.005497422288626655, -0.0013428250112257933]
	[-0.5515664838856512, -0.5515664838856512] [-0.005497422288626655, -0.0013428250112257933]
	[-0.9680791468367805, -0.9680791468367805] [-0.004484150552151543, -0.003452133348510987]
	[-0.9680791468367805, -0.9680791468367805] [-0.004484150552151543, -0.003452133348510987]
	[-0.9680791468367805, -0.9680791468367805] [-0.004484150552151543, -0.003452133348510987]
	[-0.8895851096797541, -0.8895851096797541] [-0.004741037225867136, -0.0030898862201066126]
	[-0.8895851096797541, -0.8895851096797541] [-0.004741037225867136, -0.0030898862201066126]
	[-0.8895851096797541, -0.8895851096797541] [-0.004741037225867136, -0.0030898862201066126]
	[-0.8895851096797541, -0.8895851096797541] [-0.004741037225867136, -0.0030898862201066126]
	[-0.8895851096797541, -0.8895851096797541] [-0.004741037225867136, -0.0030898862201066126]
	[-0.8895851096797541, -0.8895851096797541] [-0.004741037225867136, -0.0030898862201066126]
	[-0.8652450433982707, -0.8652450433982707] [-0.00481483351752768, -0.002973585214644891]
	[-0.8652450433982707, -0.8652450433982707] [-0.00481483351752768, -0.002973585214644891]
	[-0.8652450433982707, -0.8652450433982707] [-0.00481483351752768, -0.002973585214644891]
	[-0.8652450433982707, -0.8652450433982707] [-0.00481483351752768, -0.002973585214644891]
	[-0.8652450433982707, -0.8652450433982707] [-0.00481483351752768, -0.002973585214644891]
	[-0.8652450433982707, -0.8652450433982707] [-0.00481483351752768, -0.002973585214644891]
	[-0.9986081392601545, -0.9986081392601545] [-0.0043766872741815835, -0.0035874000800412073]
	[-0.9986081392601545, -0.9986081392601545] [-0.0043766872741815835, -0.0035874000800412073]
	[-0.9986081392601545, -0.9986081392601545] [-0.0043766872741815835, -0.0035874000800412073]
	[-0.9986081392601545, -0.9986081392601545] [-0.0043766872741815835, -0.0035874000800412073]
	[-0.9986081392601545, -0.9986081392601545] [-0.0043766872741815835, -0.0035874000800412073]
	[-0.6568714340035031, -0.6568714340035031] [-0.005325824702748453, -0.0019132229524697402]
	[-0.6568714340035031, -0.6568714340035031] [-0.005325824702748453, -0.0019132229524697402]
	[-0.6568714340035031, -0.6568714340035031] [-0.005325824702748453, -0.0019132229524697402]
	[-0.6568714340035031, -0.6568714340035031] [-0.005325824702748453, -0.0019132229524697402]
	[-0.6568714340035031, -0.6568714340035031] [-0.005325824702748453, -0.0019132229524697402]
	[-0.8367168644974545, -0.8367168644974545] [-0.004897693822181078, -0.0028350354591136907]
	[-0.19510410478266893, -0.19510410478266893] [-0.0056204326179512655, 0.000659975770261428]
	[-0.19510410478266893, -0.19510410478266893] [-0.0056204326179512655, 0.000659975770261428]
	[-0.19510410478266893, -0.19510410478266893] [-0.0056204326179512655, 0.000659975770261428]
	[-0.19510410478266893, -0.19510410478266893] [-0.0056204326179512655, 0.000659975770261428]
	[-0.19510410478266893, -0.19510410478266893] [-0.0056204326179512655, 0.000659975770261428]
	[-0.19510410478266893, -0.19510410478266893] [-0.0056204326179512655, 0.000659975770261428]
	[-0.19510410478266893, -0.19510410478266893] [-0.0056204326179512655, 0.000659975770261428]
	[-0.19510410478266893, -0.19510410478266893] [-0.0056204326179512655, 0.000659975770261428]
	[-0.19510410478266893, -0.19510410478266893] [-0.0056204326179512655, 0.000659975770261428]
	[-0.19510410478266893, -0.19510410478266893] [-0.0056204326179512655, 0.000659975770261428]
	[-0.19510410478266893, -0.19510410478266893] [-0.0056204326179512655, 0.000659975770261428]
	[-0.19510410478266893, -0.19510410478266893] [-0.0056204326179512655, 0.000659975770261428]
