source:
	0.4615266095187993,0.8696802857710697
target:
	0.605228694951891,0.36094141496798493
points:
	[0, 0] [0.0014370208543309172, -0.005087388708030847]
	[0.13935553936681094, 0.13935553936681094] [0.000716426597865001, -0.005237679422440181]
	[0.03357834407992963, 0.03357834407992963] [0.0012654168171104608, -0.00513276466257277]
	[0.19950168976654037, 0.19950168976654037] [0.00040029477963996157, -0.0052712727961826]
	[0.22520163242711633, 0.22520163242711633] [0.00026470609590553527, -0.005279818508734196]
	[0.22520163242711633, 0.22520163242711633] [0.00026470609590553527, -0.005279818508734196]
	[0.22520163242711633, 0.22520163242711633] [0.00026470609590553527, -0.005279818508734196]
	[0.22520163242711633, 0.22520163242711633] [0.00026470609590553527, -0.005279818508734196]
	[0.22520163242711633, 0.22520163242711633] [0.00026470609590553527, -0.005279818508734196]
	[0.22520163242711633, 0.22520163242711633] [0.00026470609590553527, -0.005279818508734196]
	[-0.026018588829046563, -0.026018588829046563] [0.0015688862148164427, -0.005048281771785393]
	[0.3607792149242999, 0.3607792149242999] [-0.0004513570789421989, -0.005267146247226339]
	[0.4339749318632795, 0.4339749318632795] [-0.0008353369026979358, -0.00522003496744732]
	[0.4339749318632795, 0.4339749318632795] [-0.0008353369026979358, -0.00522003496744732]
	[0.3353276630888926, 0.3353276630888926] [-0.000317168323527003, -0.00527692685726577]
	[0.3843949712435635, 0.3843949712435635] [-0.000575607303661106, -0.005255019413318443]
	[0.3843949712435635, 0.3843949712435635] [-0.000575607303661106, -0.005255019413318443]
	[0.12390493180913953, 0.12390493180913953] [0.0007972631959722506, -0.00522598547632213]
	[0.12390493180913953, 0.12390493180913953] [0.0007972631959722506, -0.00522598547632213]
	[0.12390493180913953, 0.12390493180913953] [0.0007972631959722506, -0.00522598547632213]
	[0.12390493180913953, 0.12390493180913953] [0.0007972631959722506, -0.00522598547632213]
	[-0.22450794193633533, -0.22450794193633533] [0.002533545506073424, -0.00463979525098219]
	[-0.22450794193633533, -0.22450794193633533] [0.002533545506073424, -0.00463979525098219]
	[0.10622988233643849, 0.10622988233643849] [0.0008895034061882518, -0.005211078246655026]
	[0.10622988233643849, 0.10622988233643849] [0.0008895034061882518, -0.005211078246655026]
	[0.10622988233643849, 0.10622988233643849] [0.0008895034061882518, -0.005211078246655026]
	[-0.551879967139553, -0.551879967139553] [0.0038909433385969716, -0.003578702661329883]
	[-0.5632035426197404, -0.5632035426197404] [0.003931216730042901, -0.0035344147781227577]
	[-0.5632035426197404, -0.5632035426197404] [0.003931216730042901, -0.0035344147781227577]
	[-0.5632035426197404, -0.5632035426197404] [0.003931216730042901, -0.0035344147781227577]
	[-0.5632035426197404, -0.5632035426197404] [0.003931216730042901, -0.0035344147781227577]
	[-0.39283294188181356, -0.39283294188181356] [0.003275049046235145, -0.004149771866878467]
	[-0.5370120303489971, -0.5370120303489971] [0.003837307324555428, -0.003636155290866301]
	[-0.7271330573814618, -0.7271330573814618] [0.004455316725905726, -0.002845471081252877]
	[-0.7271330573814618, -0.7271330573814618] [0.004455316725905726, -0.002845471081252877]
	[-0.5879459561801654, -0.5879459561801654] [0.004017454501271404, -0.0034360751057850676]
	[-0.5879459561801654, -0.5879459561801654] [0.004017454501271404, -0.0034360751057850676]
	[-0.5879459561801654, -0.5879459561801654] [0.004017454501271404, -0.0034360751057850676]
	[-0.9120412899148037, -0.9120412899148037] [0.004902525380097457, -0.0019778265090452237]
	[-0.9120412899148037, -0.9120412899148037] [0.004902525380097457, -0.0019778265090452237]
	[-0.9120412899148037, -0.9120412899148037] [0.004902525380097457, -0.0019778265090452237]
	[-0.9120412899148037, -0.9120412899148037] [0.004902525380097457, -0.0019778265090452237]
	[-1.4420344165475758, -1.4420344165475758] [0.005229796110246376, 0.0007718713931955241]
