source:
	0.5330906151253232,0.8539155334809795
target:
	0.6582864079599506,0.1038460081723418
points:
	[-0.3015953318421945, -0.3015953318421945] [0.00342348516672317, -0.006790256051670514]
	[-0.3015953318421945, -0.3015953318421945] [0.00342348516672317, -0.006790256051670514]
	[-0.8836825239648591, -0.8836825239648591] [0.006592764914277915, -0.0037898916500459113]
	[-0.8305015897757867, -0.8305015897757867] [0.006381989256167727, -0.004134977759091494]
	[-1.1029979227371176, -1.1029979227371176] [0.007259380320775444, -0.0022647793032346047]
	[-1.1029979227371176, -1.1029979227371176] [0.007259380320775444, -0.0022647793032346047]
	[-0.9130388014699957, -0.9130388014699957] [0.00670116545707497, -0.00359474748082905]
	[-0.9130388014699957, -0.9130388014699957] [0.00670116545707497, -0.00359474748082905]
	[-0.9289460509048182, -0.9289460509048182] [0.006757497774819688, -0.0034877000669966715]
	[-0.9289460509048182, -0.9289460509048182] [0.006757497774819688, -0.0034877000669966715]
	[-1.5825637752204251, -1.5825637752204251] [0.007485443927432965, 0.0013401332557915846]
	[-1.6071470850532599, -1.6071470850532599] [0.0074502405752072684, 0.001523726781794183]
	[-1.6071470850532599, -1.6071470850532599] [0.0074502405752072684, 0.001523726781794183]
	[-2.110339300087798, -2.110339300087798] [0.005791987428777381, 0.004927545997644911]
	[-2.806457798065275, -2.806457798065275] [0.0012846461532877486, 0.0074951659217701505]
	[-3.4009629220599944, -3.4009629220599944] [-0.0031337998600203753, 0.006928717512740571]
	[-3.4009629220599944, -3.4009629220599944] [-0.0031337998600203753, 0.006928717512740571]
	[-2.7084999021862477, -2.7084999021862477] [0.0020115245383879646, 0.007333593727872079]
	[-2.7084999021862477, -2.7084999021862477] [0.0020115245383879646, 0.007333593727872079]
	[-2.4666102719178364, -2.4666102719178364] [0.0037096351256744905, 0.006638255431089075]
	[-2.605598526080998, -2.605598526080998] [0.002754190045731503, 0.007088177842437018]
	[-2.605598526080998, -2.605598526080998] [0.002754190045731503, 0.007088177842437018]
	[-2.0063524535806088, -2.0063524535806088] [0.006272177507314714, 0.0042997229272078675]
	[-1.5170662418569953, -1.5170662418569953] [0.0075571063407267915, 0.0008473321007541938]
	[-0.8318121238920365, -0.8318121238920365] [0.006387402803508318, -0.0041266103959249276]
	[-0.8609645785176873, -0.8609645785176873] [0.0065049725618643505, -0.003938674891814955]
	[-0.8609645785176873, -0.8609645785176873] [0.0065049725618643505, -0.003938674891814955]
	[-0.25921788851068284, -0.25921788851068284] [0.003132744025947485, -0.006929194960593326]
	[0.0690471315125663, 0.0690471315125663] [0.0007314846819046392, -0.007569197982227738]
	[0.61444133151456, 0.61444133151456] [-0.0033011973903485587, -0.006850541856231335]
	[0.61444133151456, 0.61444133151456] [-0.0033011973903485587, -0.006850541856231335]
	[0.10075296578869886, 0.10075296578869886] [0.0004911695160783695, -0.007588582241795693]
	[0.10075296578869886, 0.10075296578869886] [0.0004911695160783695, -0.007588582241795693]
	[0.2593402373417535, 0.2593402373417535] [-0.0007134084235296442, -0.007570923084753837]
	[0.2593402373417535, 0.2593402373417535] [-0.0007134084235296442, -0.007570923084753837]
	[0.2593402373417535, 0.2593402373417535] [-0.0007134084235296442, -0.007570923084753837]
	[0.2817370388265342, 0.2817370388265342] [-0.0008827797878933544, -0.00755304758227489]
	[0.3954177499665325, 0.3954177499665325] [-0.0017338693256488057, -0.007404155934041081]
	[0.6616917230127966, 0.6616917230127966] [-0.0036210833029116296, -0.006686971186374008]
	[0.9523522784961909, 0.9523522784961909] [-0.005385582710427672, -0.00536873605266306]
	[0.9523522784961909, 0.9523522784961909] [-0.005385582710427672, -0.00536873605266306]
	[1.5585943094849881, 1.5585943094849881] [-0.0074848608404239425, -0.0013433860701636737]
	[1.333900494364191, 1.333900494364191] [-0.006997392193428432, -0.00297730254179323]
	[1.333900494364191, 1.333900494364191] [-0.006997392193428432, -0.00297730254179323]
	[0.9395514276993984, 0.9395514276993984] [-0.00531641895855585, -0.00543723435131589]
	[0.9395514276993984, 0.9395514276993984] [-0.00531641895855585, -0.00543723435131589]
	[1.2916178195068118, 1.2916178195068118] [-0.00686528726271716, -0.003270421797627201]
	[0.896810435383373, 0.896810435383373] [-0.005079241658286471, -0.005659428602849311]
	[0.896810435383373, 0.896810435383373] [-0.005079241658286471, -0.005659428602849311]
	[0.256951657262664, 0.256951657262664] [-0.0006953226495558154, -0.007572605519042722]
	[0.07214342072308766, 0.07214342072308766] [0.0007080447869359437, -0.007571426583789507]
	[0.07214342072308766, 0.07214342072308766] [0.0007080447869359437, -0.007571426583789507]
	[0.07214342072308766, 0.07214342072308766] [0.0007080447869359437, -0.007571426583789507]
	[-0.6258843265334798, -0.6258843265334798] [0.005408657316924137, -0.0053454891228122995]
	[-0.47813162057245406, -0.47813162057245406] [0.004562786906181872, -0.006083486137306212]
	[-0.47813162057245406, -0.47813162057245406] [0.004562786906181872, -0.006083486137306212]
	[-0.47813162057245406, -0.47813162057245406] [0.004562786906181872, -0.006083486137306212]
	[-0.8972553265435185, -0.8972553265435185] [0.006643595532631388, -0.0037000630174122548]
	[-1.1651582450115487, -1.1651582450115487] [0.007386048824844439, -0.001809450383689944]
	[-1.385577311310524, -1.385577311310524] [0.0076029657456516166, -0.00015079722964883756]
	[-1.691566005304129, -1.691566005304129] [0.007295230425059084, 0.002146495045257238]
	[-1.0408064842061893, -1.0408064842061893] [0.007104586915716386, -0.002711581216016428]
	[-0.8300736771781918, -0.8300736771781918] [0.0063802192628474, -0.00413770831403237]
	[-0.6706538521000306, -0.6706538521000306] [0.00564247298445388, -0.005098070865899151]
	[-0.6706538521000306, -0.6706538521000306] [0.00564247298445388, -0.005098070865899151]
	[-1.1762097919583794, -1.1762097919583794] [0.007405594594457719, -0.0017277142809388993]
	[-1.7105129729719222, -1.7105129729719222] [0.007253253876706469, 0.00228432399936265]
