source:
	0.9996068284537395,0.10203199494046744
target:
	0.187392638585533,0.7477884474353743
points:
	[0, 0] [-0.008122141898682064, 0.00645756452494907]
	[0.5290330674793357, 0.5290330674793357] [-0.003752683166685462, 0.009674021793787886]
	[0.8637784362781962, 0.8637784362781962] [-0.0003661930738278183, 0.010369919539171357]
	[0.8637784362781962, 0.8637784362781962] [-0.0003661930738278183, 0.010369919539171357]
	[0.8637784362781962, 0.8637784362781962] [-0.0003661930738278183, 0.010369919539171357]
	[0.28279214731436986, 0.28279214731436986] [-0.005997625233706912, 0.008467456535005627]
	[0.8489067913691878, 0.8489067913691878] [-0.0005203646564460827, 0.010363327131791658]
	[0.42552329805834255, 0.42552329805834255] [-0.0047321660650171, 0.009234496897465933]
	[0.10058235308419194, 0.10058235308419194] [-0.007432669026733638, 0.007240494441351489]
	[0.6109715958226937, 0.6109715958226937] [-0.002948304188094813, 0.00994871001842299]
	[-0.03593082719462881, -0.03593082719462881] [-0.008348875234410644, 0.006161624050236431]
	[-0.03593082719462881, -0.03593082719462881] [-0.008348875234410644, 0.006161624050236431]
	[-0.03593082719462881, -0.03593082719462881] [-0.008348875234410644, 0.006161624050236431]
	[0.12925553548373697, 0.12925553548373697] [-0.007222034275066331, 0.007450607327324028]
	[0.3758014072164324, 0.3758014072164324] [-0.005185285159587407, 0.008987888875034558]
	[-0.28825088015117595, -0.28825088015117595] [-0.009622771940335884, 0.0038822144196955094]
	[-0.28825088015117595, -0.28825088015117595] [-0.009622771940335884, 0.0038822144196955094]
	[-0.28825088015117595, -0.28825088015117595] [-0.009622771940335884, 0.0038822144196955094]
	[-0.5515738411436304, -0.5515738411436304] [-0.010301581760987255, 0.0012436807620535499]
	[-0.3696858318109232, -0.3696858318109232] [-0.009906680764371362, 0.003086584657682632]
	[-0.7707605095136041, -0.7707605095136041] [-0.010325533248172883, -0.0010260076788619764]
	[-0.7707605095136041, -0.7707605095136041] [-0.010325533248172883, -0.0010260076788619764]
	[-0.7707605095136041, -0.7707605095136041] [-0.010325533248172883, -0.0010260076788619764]
	[-0.4707198123308532, -0.4707198123308532] [-0.010167480381667083, 0.0020716349351713485]
	[-0.4707198123308532, -0.4707198123308532] [-0.010167480381667083, 0.0020716349351713485]
	[-0.3463775957120603, -0.3463775957120603] [-0.009832053535794057, 0.003316632612377645]
	[-0.27116368964110593, -0.27116368964110593] [-0.00955503427476099, 0.004046065820565712]
	[-0.9320682600227999, -0.9320682600227999] [-0.0100267019256232, -0.0026710629178121935]
	[-0.9320682600227999, -0.9320682600227999] [-0.0100267019256232, -0.0026710629178121935]
	[-1.260391669591657, -1.260391669591657] [-0.008629817173041966, -0.005761560914897747]
	[-0.8105777871874327, -0.8105777871874327] [-0.010276507160052554, -0.001436220458563372]
	[-1.1228028366915437, -1.1228028366915437] [-0.009338489435240406, -0.004523487999775248]
	[-1.7771504435908816, -1.7771504435908816] [-0.004656395759795766, -0.009272934117331115]
	[-2.0074851304583246, -2.0074851304583246] [-0.0024163782915247, -0.010091107202307166]
	[-1.337187963023231, -1.337187963023231] [-0.008162350037083795, -0.006406666097770787]
	[-1.29740573075192, -1.29740573075192] [-0.00841069617157147, -0.006076966227133438]
	[-1.5612954474094154, -1.5612954474094154] [-0.006534439405186013, -0.00806042370326521]
	[-1.5612954474094154, -1.5612954474094154] [-0.006534439405186013, -0.00806042370326521]
	[-1.206558423641615, -1.206558423641615] [-0.008927329245865532, -0.005288867662564581]
	[-1.206558423641615, -1.206558423641615] [-0.008927329245865532, -0.005288867662564581]
	[-1.6708236302466337, -1.6708236302466337] [-0.005614204164917781, -0.008726399040315955]
	[-1.6708236302466337, -1.6708236302466337] [-0.005614204164917781, -0.008726399040315955]
	[-0.9764557955724805, -0.9764557955724805] [-0.009898303004728007, -0.003113346470086468]
	[-0.9764557955724805, -0.9764557955724805] [-0.009898303004728007, -0.003113346470086468]
	[-1.5871150949570167, -1.5871150949570167] [-0.006324167244290072, -0.008226435271881492]
	[-1.5871150949570167, -1.5871150949570167] [-0.006324167244290072, -0.008226435271881492]
	[-1.5871150949570167, -1.5871150949570167] [-0.006324167244290072, -0.008226435271881492]
	[-2.258720605947746, -2.258720605947746] [0.00016813914193997807, -0.010375020859986504]
	[-2.258720605947746, -2.258720605947746] [0.00016813914193997807, -0.010375020859986504]
	[-2.258720605947746, -2.258720605947746] [0.00016813914193997807, -0.010375020859986504]
	[-2.258720605947746, -2.258720605947746] [0.00016813914193997807, -0.010375020859986504]
	[-2.3327037676668962, -2.3327037676668962] [0.0009345560110064349, -0.010334211807317438]
	[-2.483560630407704, -2.483560630407704] [0.002477022261186545, -0.010076392674652655]
	[-2.483560630407704, -2.483560630407704] [0.002477022261186545, -0.010076392674652655]
	[-2.483560630407704, -2.483560630407704] [0.002477022261186545, -0.010076392674652655]
	[-2.0629034606250505, -2.0629034606250505] [-0.0018537225580012406, -0.010209458423156672]
	[-1.6752173454038843, -1.6752173454038843] [-0.005575808786278772, -0.008750981944619918]
	[-1.6752173454038843, -1.6752173454038843] [-0.005575808786278772, -0.008750981944619918]
	[-2.218806707641665, -2.218806707641665] [-0.0002459923556404871, -0.01037346694105562]
	[-2.420104893058181, -2.420104893058181] [0.001833061002081108, -0.010213188335620604]
	[-2.420104893058181, -2.420104893058181] [0.001833061002081108, -0.010213188335620604]
	[-2.4076989653519623, -2.4076989653519623] [0.001706219117333284, -0.01023514264384497]
	[-2.982540447737656, -2.982540447737656] [0.006996858059744907, -0.007662460825869854]
	[-2.982540447737656, -2.982540447737656] [0.006996858059744907, -0.007662460825869854]
	[-2.8645714280160997, -2.8645714280160997] [0.006046390120691755, -0.008432703903529909]
	[-2.8645714280160997, -2.8645714280160997] [0.006046390120691755, -0.008432703903529909]
	[-2.8645714280160997, -2.8645714280160997] [0.006046390120691755, -0.008432703903529909]
	[-2.8645714280160997, -2.8645714280160997] [0.006046390120691755, -0.008432703903529909]
	[-2.8645714280160997, -2.8645714280160997] [0.006046390120691755, -0.008432703903529909]
	[-2.8645714280160997, -2.8645714280160997] [0.006046390120691755, -0.008432703903529909]
	[-3.1656925802727227, -3.1656925802727227] [0.00827539508376929, -0.006259965241415838]
	[-3.1656925802727227, -3.1656925802727227] [0.00827539508376929, -0.006259965241415838]
	[-2.627723855526172, -2.627723855526172] [0.003898945551197315, -0.009616005002338864]
	[-2.323152127579371, -2.323152127579371] [0.0008358062089189421, -0.010342666802973978]
	[-2.274599526842754, -2.274599526842754] [0.00033285515757871934, -0.01037104315198238]
	[-2.274599526842754, -2.274599526842754] [0.00033285515757871934, -0.01037104315198238]
	[-2.241790471522978, -2.241790471522978] [-7.5270611381050005e-06, -0.01037638048452147]
	[-1.7197542856179222, -1.7197542856179222] [-0.005180666655344709, -0.008990551797437511]
	[-1.8812487999083247, -1.8812487999083247] [-0.0036676343511827607, -0.00970658471771774]
	[-1.8812487999083247, -1.8812487999083247] [-0.0036676343511827607, -0.00970658471771774]
	[-1.8812487999083247, -1.8812487999083247] [-0.0036676343511827607, -0.00970658471771774]
	[-1.8812487999083247, -1.8812487999083247] [-0.0036676343511827607, -0.00970658471771774]
	[-1.6386721617655855, -1.6386721617655855] [-0.0058918208744057985, -0.008541415304276186]
	[-1.6386721617655855, -1.6386721617655855] [-0.0058918208744057985, -0.008541415304276186]
	[-1.842499239346927, -1.842499239346927] [-0.004040912939200013, -0.009557214616927535]
	[-1.7944948810481833, -1.7944948810481833] [-0.004494869624686559, -0.00935229788197946]
	[-1.7944948810481833, -1.7944948810481833] [-0.004494869624686559, -0.00935229788197946]
	[-1.7944948810481833, -1.7944948810481833] [-0.004494869624686559, -0.00935229788197946]
	[-1.7944948810481833, -1.7944948810481833] [-0.004494869624686559, -0.00935229788197946]
	[-1.7944948810481833, -1.7944948810481833] [-0.004494869624686559, -0.00935229788197946]
	[-1.8894400060850067, -1.8894400060850067] [-0.003588003562752228, -0.009736301096919954]
	[-1.8894400060850067, -1.8894400060850067] [-0.003588003562752228, -0.009736301096919954]
	[-2.3063297522517665, -2.3063297522517665] [0.0006617079315997694, -0.010355262972492072]
	[-2.3063297522517665, -2.3063297522517665] [0.0006617079315997694, -0.010355262972492072]
	[-2.3063297522517665, -2.3063297522517665] [0.0006617079315997694, -0.010355262972492072]
	[-2.5853699866429576, -2.5853699866429576] [0.003488295750878008, -0.009772467516989444]
	[-2.5537537557919188, -2.5537537557919188] [0.003177635352082246, -0.009877852103843452]
	[-2.0763432481705553, -2.0763432481705553] [-0.0017163463220732287, -0.010233449267911239]
	[-2.0763432481705553, -2.0763432481705553] [-0.0017163463220732287, -0.010233449267911239]
	[-2.082111293580474, -2.082111293580474] [-0.0016572910976629868, -0.010243178941803877]
	[-1.7911079296511454, -1.7911079296511454] [-0.004526519561213916, -0.00933702036402166]
