source:
	0.27048002351250067,0.4273956011833484
target:
	0.93666473829464,0.6280546676572331
points:
	[0.0326570992621841, 0.0326570992621841] [0.006592777296291892, 0.002223038694726498]
	[-0.13368249632936868, -0.13368249632936868] [0.006869856569193859, 0.0011007652953545968]
	[-0.49084840663900586, -0.49084840663900586] [0.006821159827381544, -0.0013705444633682357]
	[-0.7234608583822757, -0.7234608583822757] [0.006321510434578035, -0.0029060487508426546]
	[-0.275945962256181, -0.275945962256181] [0.006956525580473681, 0.00011560867168359024]
	[-0.7069779681022033, -0.7069779681022033] [0.0063685496358918845, -0.0028014619490427627]
	[-1.0349209435999063, -1.0349209435999063] [0.005126809359677746, -0.004703449724008303]
	[-1.6757668947084903, -1.6757668947084903] [0.0012975313351912742, -0.006835424343151628]
	[-1.8396527990605906, -1.8396527990605906] [0.0001649235717426049, -0.006955531161042756]
	[-1.5739478386924652, -1.5739478386924652] [0.001985585844198, -0.006668137848910567]
	[-1.5739478386924652, -1.5739478386924652] [0.001985585844198, -0.006668137848910567]
	[-2.119040554669937, -2.119040554669937] [-0.0017595787545771871, -0.006731307163040008]
	[-1.7154150932298557, -1.7154150932298557] [0.0010255703597353478, -0.006881483775610129]
	[-1.2366568153504969, -1.2366568153504969] [0.004080407246005508, -0.0056353252100920384]
	[-1.0787565009325006, -1.0787565009325006] [0.004915772106676175, -0.00492359605491531]
	[-1.3031251771463959, -1.3031251771463959] [0.0036971017723766313, -0.005893899558139983]
	[-1.3633478798937735, -1.3633478798937735] [0.003335667474023793, -0.006105729769609269]
	[-1.0131418256215121, -1.0131418256215121] [0.005228022396529213, -0.00459068571546148]
	[-0.6173175898315943, -0.6173175898315943] [0.006593812181987756, -0.002219967212690989]
	[-0.6173175898315943, -0.6173175898315943] [0.006593812181987756, -0.002219967212690989]
	[-1.1495952748285014, -1.1495952748285014] [0.004554953391632268, -0.0052591836930089095]
	[-0.5818458846127849, -0.5818458846127849] [0.006668393821657332, -0.0019847260153571427]
	[-0.5818458846127849, -0.5818458846127849] [0.006668393821657332, -0.0019847260153571427]
	[-0.7438533360271637, -0.7438533360271637] [0.006260938643208742, -0.0030343468527392506]
	[-0.738881890220801, -0.738881890220801] [0.00627594630176041, -0.003003183566512869]
	[-0.9574322114615844, -0.9574322114615844] [0.005475524814603806, -0.004292463339553534]
	[-1.3140996409376011, -1.3140996409376011] [0.00363219804833922, -0.005934117529539999]
	[-1.3140996409376011, -1.3140996409376011] [0.00363219804833922, -0.005934117529539999]
	[-1.3648778665923293, -1.3648778665923293] [0.00332632188817256, -0.006110826148158468]
	[-1.6575211563517502, -1.6575211563517502] [0.0014220258069291706, -0.00681061349080834]
	[-1.5477833774827066, -1.5477833774827066] [0.002159354566308439, -0.0066139096889597775]
	[-1.5477833774827066, -1.5477833774827066] [0.002159354566308439, -0.0066139096889597775]
	[-1.6569068629072903, -1.6569068629072903] [0.0014262092535809127, -0.006809738664717854]
	[-1.8697529252202343, -1.8697529252202343] [-4.448188700132593e-05, -0.00695734395286606]
	[-1.8446614498688394, -1.8446614498688394] [0.00013008382195110017, -0.006956269957097677]
	[-1.8446614498688394, -1.8446614498688394] [0.00013008382195110017, -0.006956269957097677]
	[-1.6683898114824445, -1.6683898114824445] [0.0013479210655388144, -0.006825666437633019]
	[-1.6683898114824445, -1.6683898114824445] [0.0013479210655388144, -0.006825666437633019]
	[-1.470992313706997, -1.470992313706997] [0.0026603811291830586, -0.006428762382001671]
	[-1.470992313706997, -1.470992313706997] [0.0026603811291830586, -0.006428762382001671]
	[-0.9951139791568464, -0.9951139791568464] [0.005309928551839005, -0.0044956948618782005]
	[-0.6420795256200129, -0.6420795256200129] [0.006536825707719237, -0.002382545526040166]
	[-0.7138989891844406, -0.7138989891844406] [0.006349008285619914, -0.0028454713679604664]
	[-0.7401519720313638, -0.7401519720313638] [0.006272126952075974, -0.0030111521073826995]
	[-0.7401519720313638, -0.7401519720313638] [0.006272126952075974, -0.0030111521073826995]
	[-0.5206631492278946, -0.5206631492278946] [0.006777271946339404, -0.0015732763527473571]
	[-0.5206631492278946, -0.5206631492278946] [0.006777271946339404, -0.0015732763527473571]
	[-0.2445624517576569, -0.2445624517576569] [0.006949472424196641, 0.00033383610062961755]
	[-0.2445624517576569, -0.2445624517576569] [0.006949472424196641, 0.00033383610062961755]
	[0.3671762853755035, 0.3671762853755035] [0.0054974712410299775, 0.004264319813381899]
	[-0.18127878592105273, -0.18127878592105273] [0.006914449092620915, 0.0007726624504315845]
	[-0.2090788932763166, -0.2090788932763166] [0.006933254695019752, 0.000580166226817535]
	[-0.3908610115389958, -0.3908610115389958] [0.006923899970577102, -0.0006828050338094534]
	[-0.3908610115389958, -0.3908610115389958] [0.006923899970577102, -0.0006828050338094534]
	[-0.5709494411931229, -0.5709494411931229] [0.0066896239748808995, -0.0019119478527020023]
	[-0.5709494411931229, -0.5709494411931229] [0.0066896239748808995, -0.0019119478527020023]
	[-1.0815184407797451, -1.0815184407797451] [0.004902154698320451, -0.004937154325164229]
	[-0.8905877578154259, -0.8905877578154259] [0.005750010291430484, -0.003917141198016309]
	[-0.5938813817016615, -0.5938813817016615] [0.006644024270932493, -0.002064837766996014]
	[-0.5938813817016615, -0.5938813817016615] [0.006644024270932493, -0.002064837766996014]
	[-0.5938813817016615, -0.5938813817016615] [0.006644024270932493, -0.002064837766996014]
