source:
	0.828230290537412,0.42856809186618416
target:
	0.35930429976848044,0.32042329755706456
points:
	[0, 0] [-0.0046892599076893155, -0.001081447943091196]
	[-0.04687029248155024, -0.04687029248155024] [-0.004734779335204702, -0.000860553764965973]
	[0.5655874645200448, 0.5655874645200448] [-0.0033794590191541895, -0.00342606842799965]
	[0.6793009376361854, 0.6793009376361854] [-0.002968882009581966, -0.0037874038269848044]
	[0.05843693419312346, 0.05843693419312346] [-0.004618095026636213, -0.0013534720020881353]
	[0.05843693419312346, 0.05843693419312346] [-0.004618095026636213, -0.0013534720020881353]
	[0.05843693419312346, 0.05843693419312346] [-0.004618095026636213, -0.0013534720020881353]
	[0.5475306563047787, 0.5475306563047787] [-0.0034407685994740566, -0.003364490983841676]
	[0.5475306563047787, 0.5475306563047787] [-0.0034407685994740566, -0.003364490983841676]
	[0.18868253461719114, 0.18868253461719114] [-0.0044031940944129514, -0.0019417955356848212]
	[0.25520516842133406, 0.25520516842133406] [-0.004264376942107545, -0.002230196724753244]
	[0.25520516842133406, 0.25520516842133406] [-0.004264376942107545, -0.002230196724753244]
	[0.25520516842133406, 0.25520516842133406] [-0.004264376942107545, -0.002230196724753244]
	[0.11427433264418099, 0.11427433264418099] [-0.004535362623343515, -0.001609091050953059]
	[-0.415411328704653, -0.415411328704653] [-0.0047268761815832715, 0.0009029560894414192]
	[-0.415411328704653, -0.415411328704653] [-0.0047268761815832715, 0.0009029560894414192]
	[-0.14107620523828562, -0.14107620523828562] [-0.004794734262396682, -0.00041135324050983724]
	[-0.3148608762427284, -0.3148608762427284] [-0.0047936407473861365, 0.0004239062637870249]
	[-0.33387177211910457, -0.33387177211910457] [-0.004784716176227092, 0.0005149555790836644]
	[-0.33387177211910457, -0.33387177211910457] [-0.004784716176227092, 0.0005149555790836644]
	[-0.33387177211910457, -0.33387177211910457] [-0.004784716176227092, 0.0005149555790836644]
	[0.05731309239161153, 0.05731309239161153] [-0.004619613198355347, -0.0013482811402150802]
	[-0.17683928870373214, -0.17683928870373214] [-0.004806376485620807, -0.00023965227716416787]
	[-0.17683928870373214, -0.17683928870373214] [-0.004806376485620807, -0.00023965227716416787]
	[-0.5426006554192383, -0.5426006554192383] [-0.0045741570832262225, 0.0014952508530176362]
	[-0.4611220678686327, -0.4611220678686327] [-0.004680678286421796, 0.0011180066701492054]
	[-0.4611220678686327, -0.4611220678686327] [-0.004680678286421796, 0.0011180066701492054]
	[-0.4611220678686327, -0.4611220678686327] [-0.004680678286421796, 0.0011180066701492054]
	[-0.1748690450346611, -0.1748690450346611] [-0.004805894983706859, -0.0002491215387312812]
	[-0.1748690450346611, -0.1748690450346611] [-0.004805894983706859, -0.0002491215387312812]
	[-0.1748690450346611, -0.1748690450346611] [-0.004805894983706859, -0.0002491215387312812]
	[-0.1748690450346611, -0.1748690450346611] [-0.004805894983706859, -0.0002491215387312812]
	[-0.1748690450346611, -0.1748690450346611] [-0.004805894983706859, -0.0002491215387312812]
	[0.15731259952199494, 0.15731259952199494] [-0.004461931750022571, -0.0018027349205080347]
	[0.15731259952199494, 0.15731259952199494] [-0.004461931750022571, -0.0018027349205080347]
	[-0.0773953358538707, -0.0773953358538707] [-0.004758837986022514, -0.0007156459727181966]
	[0.42164237572931246, 0.42164237572931246] [-0.0038359723235559017, -0.0029058569249692462]
	[-0.06523268667338061, -0.06523268667338061] [-0.004749782066522198, -0.0007734716905114965]
	[-0.582294474479709, -0.582294474479709] [-0.00451121740490639, 0.0016755911378221852]
