source:
	0.021021093386843437,0.10742323353021654
target:
	0.630785380552223,0.31081459326276295
points:
	[0, 0] [0.0060976428716537955, 0.002033913597325464]
	[-0.37962024129339433, -0.37962024129339433] [0.006417226637266444, -0.0003704799556976983]
	[-0.37962024129339433, -0.37962024129339433] [0.006417226637266444, -0.0003704799556976983]
	[-0.37962024129339433, -0.37962024129339433] [0.006417226637266444, -0.0003704799556976983]
	[-0.37962024129339433, -0.37962024129339433] [0.006417226637266444, -0.0003704799556976983]
	[-0.37962024129339433, -0.37962024129339433] [0.006417226637266444, -0.0003704799556976983]
	[0.251741296941996, 0.251741296941996] [0.005398817019945346, 0.0034886713655436527]
	[0.251741296941996, 0.251741296941996] [0.005398817019945346, 0.0034886713655436527]
	[0.9202883456238458, 0.9202883456238458] [0.002074135775389862, 0.006084078722112631]
	[0.9202883456238458, 0.9202883456238458] [0.002074135775389862, 0.006084078722112631]
	[0.7900481121014508, 0.7900481121014508] [0.0028467229167446757, 0.005763178094324037]
	[1.1024564998231297, 1.1024564998231297] [0.0009376099532153582, 0.006359161948499759]
	[1.1024564998231297, 1.1024564998231297] [0.0009376099532153582, 0.006359161948499759]
	[1.1024564998231297, 1.1024564998231297] [0.0009376099532153582, 0.006359161948499759]
	[1.1550970393673452, 1.1550970393673452] [0.0006017160448129474, 0.006399686782416029]
	[1.1550970393673452, 1.1550970393673452] [0.0006017160448129474, 0.006399686782416029]
	[1.1550970393673452, 1.1550970393673452] [0.0006017160448129474, 0.006399686782416029]
	[1.1550970393673452, 1.1550970393673452] [0.0006017160448129474, 0.006399686782416029]
	[1.1550970393673452, 1.1550970393673452] [0.0006017160448129474, 0.006399686782416029]
	[1.2942681292829397, 1.2942681292829397] [-0.0002918808093401659, 0.006421281702647432]
	[1.2942681292829397, 1.2942681292829397] [-0.0002918808093401659, 0.006421281702647432]
	[1.2942681292829397, 1.2942681292829397] [-0.0002918808093401659, 0.006421281702647432]
	[1.2942681292829397, 1.2942681292829397] [-0.0002918808093401659, 0.006421281702647432]
	[1.2942681292829397, 1.2942681292829397] [-0.0002918808093401659, 0.006421281702647432]
	[1.2942681292829397, 1.2942681292829397] [-0.0002918808093401659, 0.006421281702647432]
	[1.2942681292829397, 1.2942681292829397] [-0.0002918808093401659, 0.006421281702647432]
	[1.2942681292829397, 1.2942681292829397] [-0.0002918808093401659, 0.006421281702647432]
	[1.054019732531049, 1.054019732531049] [0.0012444071159772787, 0.006306306687857868]
	[1.2707228441990999, 1.2707228441990999] [-0.00014062296743827104, 0.00642637365025133]
	[1.2707228441990999, 1.2707228441990999] [-0.00014062296743827104, 0.00642637365025133]
	[0.6240616667766459, 0.6240616667766459] [0.0037598199505977643, 0.0052136174630195865]
	[0.6240616667766459, 0.6240616667766459] [0.0037598199505977643, 0.0052136174630195865]
	[0.6240616667766459, 0.6240616667766459] [0.0037598199505977643, 0.0052136174630195865]
	[0.6240616667766459, 0.6240616667766459] [0.0037598199505977643, 0.0052136174630195865]
	[0.6240616667766459, 0.6240616667766459] [0.0037598199505977643, 0.0052136174630195865]
	[0.6240616667766459, 0.6240616667766459] [0.0037598199505977643, 0.0052136174630195865]
	[0.6240616667766459, 0.6240616667766459] [0.0037598199505977643, 0.0052136174630195865]
	[0.6240616667766459, 0.6240616667766459] [0.0037598199505977643, 0.0052136174630195865]
	[0.3838650639679409, 0.3838650639679409] [0.004892166291471892, 0.0041695038179862505]
	[-0.08665457735659454, -0.08665457735659454] [0.0062507909767535695, 0.0014985543955932691]
	[-0.08665457735659454, -0.08665457735659454] [0.0062507909767535695, 0.0014985543955932691]
	[-0.14782558960428582, -0.14782558960428582] [0.006330710659655182, 0.0011136227616854839]
	[-0.14782558960428582, -0.14782558960428582] [0.006330710659655182, 0.0011136227616854839]
	[-0.14782558960428582, -0.14782558960428582] [0.006330710659655182, 0.0011136227616854839]
	[-0.14782558960428582, -0.14782558960428582] [0.006330710659655182, 0.0011136227616854839]
	[-0.34734305842064866, -0.34734305842064866] [0.006425840114103324, -0.00016319295204247878]
	[-0.39158746549200546, -0.39158746549200546] [0.006412333612077427, -0.0004472479838275715]
	[-0.39158746549200546, -0.39158746549200546] [0.006412333612077427, -0.0004472479838275715]
	[0.0546988573717736, 0.0546988573717736] [0.005977325898113869, 0.0023642394589704708]
	[-0.34588858758011976, -0.34588858758011976] [0.006426070676525404, -0.0001538465856497794]
	[-0.34588858758011976, -0.34588858758011976] [0.006426070676525404, -0.0001538465856497794]
	[-0.34588858758011976, -0.34588858758011976] [0.006426070676525404, -0.0001538465856497794]
	[-0.34588858758011976, -0.34588858758011976] [0.006426070676525404, -0.0001538465856497794]
