source:
	0.20435167779908747,0.24620968755536443
target:
	0.06317120049894676,0.7054714544886318
points:
	[0.579924722589381, 0.579924722589381] [0.0013355950254374197, 0.004615356508631056]
	[0.39642690023837057, 0.39642690023837057] [0.00047100924295430353, 0.004781577152654535]
	[0.4645928806592944, 0.4645928806592944] [0.0007956039043009347, 0.004738390465252662]
	[0.5853932722407054, 0.5853932722407054] [0.0013608142354081477, 0.004607983766295925]
	[0.6979057587077938, 0.6979057587077938] [0.001869572546690883, 0.004426062388443706]
	[1.001034504058788, 1.001034504058788] [0.003105547482027061, 0.0036661839302756785]
	[0.517092192638877, 0.517092192638877] [0.0010431557261153435, 0.004690112568458139]
	[0.517092192638877, 0.517092192638877] [0.0010431557261153435, 0.004690112568458139]
	[0.517092192638877, 0.517092192638877] [0.0010431557261153435, 0.004690112568458139]
	[-0.1418424897061611, -0.1418424897061611] [-0.0020468724539012394, 0.004346911884452749]
	[-0.19058331123784283, -0.19058331123784283] [-0.0022562297675700247, 0.004242022749781894]
	[0.3358913231911473, 0.3358913231911473] [0.00018086770972710662, 0.004801314054018369]
	[0.3754069215042491, 0.3754069215042491] [0.000370403942760792, 0.004790420721911959]
	[0.9459103037751755, 0.9459103037751755] [0.002898837175832655, 0.003831719301011856]
	[0.6351773268283383, 0.6351773268283383] [0.0015884375931494376, 0.004534555743003482]
	[1.2634035186436512, 1.2634035186436512] [0.0039501654468338705, 0.0027352372321932158]
	[0.6557403116484318, 0.6557403116484318] [0.0016813392102990835, 0.004500936372983636]
	[1.0425498900117123, 1.0425498900117123] [0.0032550309420912144, 0.003534134029683228]
	[1.0425498900117123, 1.0425498900117123] [0.0032550309420912144, 0.003534134029683228]
	[1.445611588654959, 1.445611588654959] [0.00438040352235253, 0.001974182047101478]
	[0.8973792303694701, 0.8973792303694701] [0.002709539618063738, 0.0039678362909625255]
	[1.0083812753954857, 1.0083812753954857] [0.003132398044080301, 0.0036432694475125142]
	[1.492221892808017, 1.492221892808017] [0.004467630036688836, 0.0017679399393112718]
	[1.1720012380452935, 1.1720012380452935] [0.0036840173881253937, 0.003084371193246038]
	[1.1771562650002652, 1.1771562650002652] [0.00369986838435524, 0.0030653390860041537]
	[0.5853414086826831, 0.5853414086826831] [0.0013605752471446476, 0.004608054336766605]
	[0.05981493370143098, 0.05981493370143098] [-0.0011347365881560752, 0.00466880098625291]
	[-0.18831013988813755, -0.18831013988813755] [-0.0022465811019804745, 0.004247140582316581]
	[-0.4700913322948281, -0.4700913322948281] [-0.003338969482714215, 0.0034549403131225584]
	[-0.4700913322948281, -0.4700913322948281] [-0.003338969482714215, 0.0034549403131225584]
	[-1.1486825185090717, -1.1486825185090717] [-0.004767902315197438, 0.0005936642876838294]
	[-1.7323767469812725, -1.7323767469812725] [-0.004305666761184179, -0.0021322672241935285]
	[-1.7323767469812725, -1.7323767469812725] [-0.004305666761184179, -0.0021322672241935285]
	[-2.2439003901760706, -2.2439003901760706] [-0.0027107815491632416, -0.003966987921137696]
	[-2.2439003901760706, -2.2439003901760706] [-0.0027107815491632416, -0.003966987921137696]
	[-2.2439003901760706, -2.2439003901760706] [-0.0027107815491632416, -0.003966987921137696]
	[-1.8985578669147622, -1.8985578669147622] [-0.0038936365807962425, -0.0028151241447619286]
	[-2.4427847001289695, -2.4427847001289695] [-0.0018735649555383512, -0.0044243738688219845]
	[-2.709886351911361, -2.709886351911361] [-0.0006393723446581507, -0.004761988321974611]
	[-2.4303360514873598, -2.4303360514873598] [-0.0019284958385212454, -0.004400708303732761]
	[-2.607727971495363, -2.607727971495363] [-0.0011216701765126202, -0.004671957383031055]
	[-2.607727971495363, -2.607727971495363] [-0.0011216701765126202, -0.004671957383031055]
	[-2.607727971495363, -2.607727971495363] [-0.0011216701765126202, -0.004671957383031055]
