source:
	0.7836198648577284,0.12182466169196171
target:
	0.9856421841785363,0.964511241528494
points:
	[0, 0] [0.0020202231932080796, 0.008426865798365322]
	[-0.17497190125304327, -0.17497190125304327] [0.0034563300169277843, 0.007946518215427375]
	[-0.17497190125304327, -0.17497190125304327] [0.0034563300169277843, 0.007946518215427375]
	[-0.17497190125304327, -0.17497190125304327] [0.0034563300169277843, 0.007946518215427375]
	[0.1474747939379745, 0.1474747939379745] [0.0007600437815288724, 0.008632247817584617]
	[-0.06039045116734751, -0.06039045116734751] [0.0025251333846107622, 0.008289576003871325]
	[-0.4969727058044551, -0.4969727058044551] [0.005793485128941699, 0.006444291970012414]
	[-0.4969727058044551, -0.4969727058044551] [0.005793485128941699, 0.006444291970012414]
	[-0.17533174955492115, -0.17533174955492115] [0.0034591893341702658, 0.007945273946466401]
	[-0.17533174955492115, -0.17533174955492115] [0.0034591893341702658, 0.007945273946466401]
	[0.39481174475951775, 0.39481174475951775] [-0.0013764572816132468, 0.008555625885107937]
	[1.0367807989856583, 1.0367807989856583] [-0.0062253131791629055, 0.006028170929508861]
	[1.0367807989856583, 1.0367807989856583] [-0.0062253131791629055, 0.006028170929508861]
	[0.6872726539491356, 0.6872726539491356] [-0.003784677440347364, 0.007795484950056719]
	[0.8635722634344449, 0.8635722634344449] [-0.005093245367599852, 0.007010864465917005]
	[0.8635722634344449, 0.8635722634344449] [-0.005093245367599852, 0.007010864465917005]
	[1.073635849794973, 1.073635849794973] [-0.006443204006783723, 0.005794695079208333]
	[0.38278774013800654, 0.38278774013800654] [-0.0012734873746316061, 0.008571557550450734]
	[0.33693537335326085, 0.33693537335326085] [-0.0008792603978319299, 0.008620920489532398]
	[0.33693537335326085, 0.33693537335326085] [-0.0008792603978319299, 0.008620920489532398]
	[0.6961353252032143, 0.6961353252032143] [-0.00385361671983047, 0.007761636883459451]
	[0.6961353252032143, 0.6961353252032143] [-0.00385361671983047, 0.007761636883459451]
	[0.6961353252032143, 0.6961353252032143] [-0.00385361671983047, 0.007761636883459451]
	[0.6961353252032143, 0.6961353252032143] [-0.00385361671983047, 0.007761636883459451]
	[0.6390818631393793, 0.6390818631393793] [-0.0034047584187691005, 0.00796875078314387]
	[0.6390818631393793, 0.6390818631393793] [-0.0034047584187691005, 0.00796875078314387]
	[0.6390818631393793, 0.6390818631393793] [-0.0034047584187691005, 0.00796875078314387]
	[-0.015002993773147288, -0.015002993773147288] [0.0021464193038358806, 0.008395609156348084]
	[-0.015002993773147288, -0.015002993773147288] [0.0021464193038358806, 0.008395609156348084]
	[-0.22223976455035707, -0.22223976455035707] [0.003827944664198844, 0.0077743301050229845]
	[-0.22223976455035707, -0.22223976455035707] [0.003827944664198844, 0.0077743301050229845]
	[-0.22223976455035707, -0.22223976455035707] [0.003827944664198844, 0.0077743301050229845]
	[-0.22223976455035707, -0.22223976455035707] [0.003827944664198844, 0.0077743301050229845]
	[0.44148856062231945, 0.44148856062231945] [-0.001774162470534807, 0.008482082082966476]
	[-0.1205156121942933, -0.1205156121942933] [0.003018682386822815, 0.008122864370498918]
	[0.088937219861768, 0.088937219861768] [0.001263764260718341, 0.008572996490572367]
	[0.088937219861768, 0.088937219861768] [0.001263764260718341, 0.008572996490572367]
	[0.088937219861768, 0.088937219861768] [0.001263764260718341, 0.008572996490572367]
	[0.088937219861768, 0.088937219861768] [0.001263764260718341, 0.008572996490572367]
	[0.68972033464003, 0.68972033464003] [-0.0038037469420211137, 0.007786197925502544]
	[0.61341673407581, 0.61341673407581] [-0.0031991405597694414, 0.008053500395037749]
	[0.8511533979679786, 0.8511533979679786] [-0.005005787866973374, 0.0070735745394317606]
	[0.2257463253934644, 0.2257463253934644] [8.274722032606443e-05, 0.008665247938262552]
	[-0.3385911849827128, -0.3385911849827128] [0.004704577996314103, 0.007277383788878545]
	[0.016324594711717932, 0.016324594711717932] [0.0018823949532120437, 0.008458720835573008]
	[0.016324594711717932, 0.016324594711717932] [0.0018823949532120437, 0.008458720835573008]
	[-0.11903606741871164, -0.11903606741871164] [0.0030066609456385336, 0.008127321753936354]
	[-0.10703480666851202, -0.10703480666851202] [0.002908908656978983, 0.008162819326641244]
	[-0.10703480666851202, -0.10703480666851202] [0.002908908656978983, 0.008162819326641244]
	[-0.10703480666851202, -0.10703480666851202] [0.002908908656978983, 0.008162819326641244]
	[-0.10703480666851202, -0.10703480666851202] [0.002908908656978983, 0.008162819326641244]
	[-0.24854719333577663, -0.24854719333577663] [0.004031119162448754, 0.007670948261601921]
	[-0.24854719333577663, -0.24854719333577663] [0.004031119162448754, 0.007670948261601921]
	[-0.24854719333577663, -0.24854719333577663] [0.004031119162448754, 0.007670948261601921]
	[-0.24854719333577663, -0.24854719333577663] [0.004031119162448754, 0.007670948261601921]
	[-0.7507774829514353, -0.7507774829514353] [0.007225974189516461, 0.004783164846257864]
	[-0.6940258319497495, -0.6940258319497495] [0.0069430339725177065, 0.00518533009465165]
	[-1.2085931753244048, -1.2085931753244048] [0.008595953984264704, 0.0010967880535631474]
	[-1.2085931753244048, -1.2085931753244048] [0.008595953984264704, 0.0010967880535631474]
	[-1.2085931753244048, -1.2085931753244048] [0.008595953984264704, 0.0010967880535631474]
	[-1.2085931753244048, -1.2085931753244048] [0.008595953984264704, 0.0010967880535631474]
	[-0.86050531744104, -0.86050531744104] [0.00770631048557172, 0.003963098236733786]
	[-0.86050531744104, -0.86050531744104] [0.00770631048557172, 0.003963098236733786]
	[-0.86050531744104, -0.86050531744104] [0.00770631048557172, 0.003963098236733786]
	[-0.30103340608212337, -0.30103340608212337] [0.004428002160265567, 0.007448903664481006]
	[-0.4949609351363898, -0.4949609351363898] [0.005780508976370944, 0.006455934084865646]
	[-1.132834597285182, -1.132834597285182] [0.008488286489100518, 0.001744236627579155]
	[-0.4467936156372746, -0.4467936156372746] [0.005462959811117444, 0.006726770327293087]
