source:
	0.49702443458608125,0.6864500895450111
target:
	0.8488877672448113,0.1285945573087376
points:
	[0, 0] [0.0035186333265873, -0.005578555322362735]
	[-0.36756979033343734, -0.36756979033343734] [0.0052882466900717375, -0.00394151074038594]
	[-0.36756979033343734, -0.36756979033343734] [0.0052882466900717375, -0.00394151074038594]
	[-0.36756979033343734, -0.36756979033343734] [0.0052882466900717375, -0.00394151074038594]
	[-0.5671903749609903, -0.5671903749609903] [0.005964823666616921, -0.002814593860186418]
	[-0.5671903749609903, -0.5671903749609903] [0.005964823666616921, -0.002814593860186418]
	[-0.5671903749609903, -0.5671903749609903] [0.005964823666616921, -0.002814593860186418]
	[-0.5671903749609903, -0.5671903749609903] [0.005964823666616921, -0.002814593860186418]
	[-0.04106843152626005, -0.04106843152626005] [0.0037447045732391868, -0.005429387408427762]
	[-0.5083430350440434, -0.5083430350440434] [0.005788962745536233, -0.0031605332307106026]
	[-0.5083430350440434, -0.5083430350440434] [0.005788962745536233, -0.0031605332307106026]
	[-0.5083430350440434, -0.5083430350440434] [0.005788962745536233, -0.0031605332307106026]
	[-0.5083430350440434, -0.5083430350440434] [0.005788962745536233, -0.0031605332307106026]
	[-0.5083430350440434, -0.5083430350440434] [0.005788962745536233, -0.0031605332307106026]
	[-0.6208642603971215, -0.6208642603971215] [0.006107231403550456, -0.0024905390089535913]
	[-0.6208642603971215, -0.6208642603971215] [0.006107231403550456, -0.0024905390089535913]
	[-0.1294603237247441, -0.1294603237247441] [0.004209374302781266, -0.005077620303913747]
	[-0.1294603237247441, -0.1294603237247441] [0.004209374302781266, -0.005077620303913747]
	[-0.384900334846579, -0.384900334846579] [0.005355757661390882, -0.0038492752362081465]
	[-0.5719891009111122, -0.5719891009111122] [0.0059782614012114455, -0.0027859380090766157]
	[-0.5719891009111122, -0.5719891009111122] [0.0059782614012114455, -0.0027859380090766157]
	[-0.5719891009111122, -0.5719891009111122] [0.0059782614012114455, -0.0027859380090766157]
	[-1.1588643751747525, -1.1588643751747525] [0.006520695565679017, 0.0009907518919317888]
	[-1.4821833707046488, -1.4821833707046488] [0.005868056137806403, 0.003011142164558992]
	[-1.4821833707046488, -1.4821833707046488] [0.005868056137806403, 0.003011142164558992]
	[-1.4821833707046488, -1.4821833707046488] [0.005868056137806403, 0.003011142164558992]
	[-1.525462490578196, -1.525462490578196] [0.00573228241648303, 0.0032622075760613232]
	[-1.525462490578196, -1.525462490578196] [0.00573228241648303, 0.0032622075760613232]
	[-1.525462490578196, -1.525462490578196] [0.00573228241648303, 0.0032622075760613232]
	[-1.525462490578196, -1.525462490578196] [0.00573228241648303, 0.0032622075760613232]
	[-1.2789791875793353, -1.2789791875793353] [0.0063549951756994415, 0.001764963537433347]
	[-1.2789791875793353, -1.2789791875793353] [0.0063549951756994415, 0.001764963537433347]
	[-1.2789791875793353, -1.2789791875793353] [0.0063549951756994415, 0.001764963537433347]
	[-1.432052913178626, -1.432052913178626] [0.006011571003002202, 0.002713314218349121]
	[-0.8134859188772576, -0.8134859188772576] [0.006471053326141573, -0.0012753543906947984]
	[-0.45837925483883296, -0.45837925483883296] [0.0056238920306958895, -0.0034457072421649046]
	[-0.45837925483883296, -0.45837925483883296] [0.0056238920306958895, -0.0034457072421649046]
	[-0.45837925483883296, -0.45837925483883296] [0.0056238920306958895, -0.0034457072421649046]
	[-0.45837925483883296, -0.45837925483883296] [0.0056238920306958895, -0.0034457072421649046]
	[-0.45837925483883296, -0.45837925483883296] [0.0056238920306958895, -0.0034457072421649046]
	[-0.45837925483883296, -0.45837925483883296] [0.0056238920306958895, -0.0034457072421649046]
	[-0.45837925483883296, -0.45837925483883296] [0.0056238920306958895, -0.0034457072421649046]
	[-0.45837925483883296, -0.45837925483883296] [0.0056238920306958895, -0.0034457072421649046]
	[-0.45837925483883296, -0.45837925483883296] [0.0056238920306958895, -0.0034457072421649046]
	[-0.45837925483883296, -0.45837925483883296] [0.0056238920306958895, -0.0034457072421649046]
	[-0.45837925483883296, -0.45837925483883296] [0.0056238920306958895, -0.0034457072421649046]
	[-0.45837925483883296, -0.45837925483883296] [0.0056238920306958895, -0.0034457072421649046]
	[-0.45837925483883296, -0.45837925483883296] [0.0056238920306958895, -0.0034457072421649046]
	[-0.45837925483883296, -0.45837925483883296] [0.0056238920306958895, -0.0034457072421649046]
	[0.03166145910803264, 0.03166145910803264] [0.003340274157349338, -0.005687145903296009]
	[0.03166145910803264, 0.03166145910803264] [0.003340274157349338, -0.005687145903296009]
	[0.03166145910803264, 0.03166145910803264] [0.003340274157349338, -0.005687145903296009]
	[0.5398687991476867, 0.5398687991476867] [0.00015069139309824913, -0.006593811650000212]
	[0.8461266838112232, 0.8461266838112232] [-0.0018443070268427519, -0.006332423829969916]
