source:
	0.17601994367093066,0.5119909517025869
target:
	0.8035307462891634,0.31184801495804204
points:
	[0, 0] [0.006275108026182329, -0.002001429367445449]
	[0, 0] [0.006275108026182329, -0.002001429367445449]
	[0, 0] [0.006275108026182329, -0.002001429367445449]
	[0, 0] [0.006275108026182329, -0.002001429367445449]
	[0, 0] [0.006275108026182329, -0.002001429367445449]
	[-0.4898429353075202, -0.4898429353075202] [0.0064788448797100055, 0.0011862838099655647]
	[-0.4898429353075202, -0.4898429353075202] [0.0064788448797100055, 0.0011862838099655647]
	[-0.4898429353075202, -0.4898429353075202] [0.0064788448797100055, 0.0011862838099655647]
	[-0.7086842626285998, -0.7086842626285998] [0.006066781457618427, 0.0025645395295507156]
	[-0.7086842626285998, -0.7086842626285998] [0.006066781457618427, 0.0025645395295507156]
	[-0.6486823971583121, -0.6486823971583121] [0.006209648688446432, 0.0021961246365373895]
	[-0.6486823971583121, -0.6486823971583121] [0.006209648688446432, 0.0021961246365373895]
	[-0.6486823971583121, -0.6486823971583121] [0.006209648688446432, 0.0021961246365373895]
	[-0.6486823971583121, -0.6486823971583121] [0.006209648688446432, 0.0021961246365373895]
	[-0.6486823971583121, -0.6486823971583121] [0.006209648688446432, 0.0021961246365373895]
	[-0.15050276971593385, -0.15050276971593385] [0.006504257863535834, -0.001037945036002981]
	[-0.15050276971593385, -0.15050276971593385] [0.006504257863535834, -0.001037945036002981]
	[-0.15050276971593385, -0.15050276971593385] [0.006504257863535834, -0.001037945036002981]
	[-0.15050276971593385, -0.15050276971593385] [0.006504257863535834, -0.001037945036002981]
	[-0.15050276971593385, -0.15050276971593385] [0.006504257863535834, -0.001037945036002981]
	[-0.15050276971593385, -0.15050276971593385] [0.006504257863535834, -0.001037945036002981]
	[-0.15050276971593385, -0.15050276971593385] [0.006504257863535834, -0.001037945036002981]
	[-0.15050276971593385, -0.15050276971593385] [0.006504257863535834, -0.001037945036002981]
	[-0.15050276971593385, -0.15050276971593385] [0.006504257863535834, -0.001037945036002981]
	[-0.15050276971593385, -0.15050276971593385] [0.006504257863535834, -0.001037945036002981]
	[-0.7963512559538837, -0.7963512559538837] [0.005818945657517507, 0.003085866440400349]
	[-0.7963512559538837, -0.7963512559538837] [0.005818945657517507, 0.003085866440400349]
	[-0.7963512559538837, -0.7963512559538837] [0.005818945657517507, 0.003085866440400349]
	[-0.7963512559538837, -0.7963512559538837] [0.005818945657517507, 0.003085866440400349]
	[-0.7963512559538837, -0.7963512559538837] [0.005818945657517507, 0.003085866440400349]
	[-0.7963512559538837, -0.7963512559538837] [0.005818945657517507, 0.003085866440400349]
	[-0.7963512559538837, -0.7963512559538837] [0.005818945657517507, 0.003085866440400349]
	[-0.7963512559538837, -0.7963512559538837] [0.005818945657517507, 0.003085866440400349]
	[-0.7963512559538837, -0.7963512559538837] [0.005818945657517507, 0.003085866440400349]
	[-0.7963512559538837, -0.7963512559538837] [0.005818945657517507, 0.003085866440400349]
	[-0.6436742675734083, -0.6436742675734083] [0.006220569246174368, 0.0021649985003876168]
	[-0.6436742675734083, -0.6436742675734083] [0.006220569246174368, 0.0021649985003876168]
	[-0.08467703001516558, -0.08467703001516558] [0.006421897216139782, -0.001463535581551434]
	[-0.08467703001516558, -0.08467703001516558] [0.006421897216139782, -0.001463535581551434]
	[-0.08467703001516558, -0.08467703001516558] [0.006421897216139782, -0.001463535581551434]
	[-0.257650456877751, -0.257650456877751] [0.006577957823789784, -0.00033640915798138467]
	[-0.257650456877751, -0.257650456877751] [0.006577957823789784, -0.00033640915798138467]
	[-0.257650456877751, -0.257650456877751] [0.006577957823789784, -0.00033640915798138467]
	[-0.257650456877751, -0.257650456877751] [0.006577957823789784, -0.00033640915798138467]
	[-0.257650456877751, -0.257650456877751] [0.006577957823789784, -0.00033640915798138467]
	[-0.257650456877751, -0.257650456877751] [0.006577957823789784, -0.00033640915798138467]
	[-0.257650456877751, -0.257650456877751] [0.006577957823789784, -0.00033640915798138467]
	[-0.257650456877751, -0.257650456877751] [0.006577957823789784, -0.00033640915798138467]
	[0.13354733860920476, 0.13354733860920476] [0.005952741435752504, -0.0028191434252634595]
	[0.13354733860920476, 0.13354733860920476] [0.005952741435752504, -0.0028191434252634595]
	[0.13354733860920476, 0.13354733860920476] [0.005952741435752504, -0.0028191434252634595]
	[0.13354733860920476, 0.13354733860920476] [0.005952741435752504, -0.0028191434252634595]
