source:
	0.5273708565506768,0.4490682210691991
target:
	0.7965955744356067,0.8356054988467148
points:
	[0, 0] [0.0026922471788492987, 0.003865372777775157]
	[0, 0] [0.0026922471788492987, 0.003865372777775157]
	[0, 0] [0.0026922471788492987, 0.003865372777775157]
	[0.37280419624184036, 0.37280419624184036] [0.001099437072748993, 0.004580451910701866]
	[1.0085718066207119, 1.0085718066207119] [-0.0018352261095249092, 0.004338346080029267]
	[1.0085718066207119, 1.0085718066207119] [-0.0018352261095249092, 0.004338346080029267]
	[1.0085718066207119, 1.0085718066207119] [-0.0018352261095249092, 0.004338346080029267]
	[1.0085718066207119, 1.0085718066207119] [-0.0018352261095249092, 0.004338346080029267]
	[1.0085718066207119, 1.0085718066207119] [-0.0018352261095249092, 0.004338346080029267]
	[1.0085718066207119, 1.0085718066207119] [-0.0018352261095249092, 0.004338346080029267]
	[1.0085718066207119, 1.0085718066207119] [-0.0018352261095249092, 0.004338346080029267]
	[1.0085718066207119, 1.0085718066207119] [-0.0018352261095249092, 0.004338346080029267]
	[1.6818658940233353, 1.6818658940233353] [-0.004139967078882673, 0.0022472147580849746]
	[2.09712789392661, 2.09712789392661] [-0.0046947071056070554, 0.00038603986290261614]
	[2.09712789392661, 2.09712789392661] [-0.0046947071056070554, 0.00038603986290261614]
	[2.09712789392661, 2.09712789392661] [-0.0046947071056070554, 0.00038603986290261614]
	[2.09712789392661, 2.09712789392661] [-0.0046947071056070554, 0.00038603986290261614]
	[2.09712789392661, 2.09712789392661] [-0.0046947071056070554, 0.00038603986290261614]
	[1.674571896871879, 1.674571896871879] [-0.004123465918587252, 0.002277351620070259]
	[1.026478954025296, 1.026478954025296] [-0.0019126151210090763, 0.0043047886106143095]
	[0.4547974220590243, 0.4547974220590243] [0.000720598091520187, 0.004655109018453242]
	[0.4547974220590243, 0.4547974220590243] [0.000720598091520187, 0.004655109018453242]
	[0.4547974220590243, 0.4547974220590243] [0.000720598091520187, 0.004655109018453242]
	[-0.1312552617178251, -0.1312552617178251] [0.003174984514873854, 0.0034797665027266516]
	[-0.1312552617178251, -0.1312552617178251] [0.003174984514873854, 0.0034797665027266516]
	[-0.4921903182899214, -0.4921903182899214] [0.0041992875369494505, 0.0021343115436150036]
	[-0.4921903182899214, -0.4921903182899214] [0.0041992875369494505, 0.0021343115436150036]
	[-0.4921903182899214, -0.4921903182899214] [0.0041992875369494505, 0.0021343115436150036]
	[-0.869677563253813, -0.869677563253813] [0.004690308301526993, 0.0004362449080668009]
	[-0.869677563253813, -0.869677563253813] [0.004690308301526993, 0.0004362449080668009]
	[-0.9867704535500565, -0.9867704535500565] [0.004709155742342443, -0.00011468991913169595]
	[-0.2935637018330045, -0.2935637018330045] [0.0036955742080299813, 0.0029209643709108835]
	[-0.2935637018330045, -0.2935637018330045] [0.0036955742080299813, 0.0029209643709108835]
	[-0.2935637018330045, -0.2935637018330045] [0.0036955742080299813, 0.0029209643709108835]
	[-0.2935637018330045, -0.2935637018330045] [0.0036955742080299813, 0.0029209643709108835]
	[-0.2935637018330045, -0.2935637018330045] [0.0036955742080299813, 0.0029209643709108835]
	[-0.8881218815197982, -0.8881218815197982] [0.004697556303129929, 0.0003496660722911519]
	[-1.2964893815813423, -1.2964893815813423] [0.004450134251850004, -0.0015445409427071364]
	[-1.2964893815813423, -1.2964893815813423] [0.004450134251850004, -0.0015445409427071364]
	[-1.0403185123175138, -1.0403185123175138] [0.004696267363619096, -0.0003665711835283681]
	[-1.2912190814470756, -1.2912190814470756] [0.004458212605041288, -0.0015210660575524688]
