source:
	0.8378338756775453,0.3497508667420369
target:
	0.2691115350108645,0.5709382736343397
points:
	[0.5584893939629125, 0.5584893939629125] [-0.0036510023725691105, 0.004889486542532626]
	[-0.031443245903913786, -0.031443245903913786] [-0.005753949263424507, 0.0020319854448419385]
	[-0.031443245903913786, -0.031443245903913786] [-0.005753949263424507, 0.0020319854448419385]
	[-0.031443245903913786, -0.031443245903913786] [-0.005753949263424507, 0.0020319854448419385]
	[0.17355727318371114, 0.17355727318371114] [-0.0052198200840410025, 0.0031607554894922054]
	[0.13573386848437236, 0.13573386848437236] [-0.005335608796936281, 0.002961110558585934]
	[-0.012639505294606224, -0.012639505294606224] [-0.005714725375195371, 0.0021398156136011]
	[-0.6930713934850958, -0.6930713934850958] [-0.005788281801840757, -0.0019320172764734926]
	[-0.38186639678790274, -0.38186639678790274] [-0.006101838559871729, -6.680691113523787e-05]
	[-0.38186639678790274, -0.38186639678790274] [-0.006101838559871729, -6.680691113523787e-05]
	[-0.38186639678790274, -0.38186639678790274] [-0.006101838559871729, -6.680691113523787e-05]
	[-1.0213543380350956, -1.0213543380350956] [-0.004856254780894192, -0.0036950895086797597]
	[-1.135073744997048, -1.135073744997048] [-0.0044055895239773, -0.004222283495969261]
	[-0.8214615002641843, -0.8214615002641843] [-0.005493269240627485, -0.002657233528331459]
	[-0.4991987819560895, -0.4991987819560895] [-0.006052064416852779, -0.0007806492607934467]
	[0.02114050585554389, 0.02114050585554389] [-0.00563919593047697, 0.0023316016451797464]
	[0.02114050585554389, 0.02114050585554389] [-0.00563919593047697, 0.0023316016451797464]
	[-0.5283986019569835, -0.5283986019569835] [-0.0060266929370946624, -0.0009570105621602325]
	[-0.07356500335980554, -0.07356500335980554] [-0.005834411058070578, 0.0017878883017617986]
	[-0.23911997460975193, -0.23911997460975193] [-0.0060492809628299405, 0.0008019331685721632]
	[-0.12083566945928848, -0.12083566945928848] [-0.005912376929291288, 0.0015101973447523493]
	[-0.12083566945928848, -0.12083566945928848] [-0.005912376929291288, 0.0015101973447523493]
	[-0.6469371221012468, -0.6469371221012468] [-0.005871223683721128, -0.0016630181688198806]
	[-0.8232698836358562, -0.8232698836358562] [-0.00548845496413872, -0.0026671631147595714]
	[-1.3167986377948484, -1.3167986377948484] [-0.003569966737443235, -0.004948962968911955]
	[-1.2102661051058523, -1.2102661051058523] [-0.004075956653126475, -0.004541307557955853]
	[-1.6479328132029978, -1.6479328132029978] [-0.001767039443185243, -0.005840759246907932]
	[-1.6479328132029978, -1.6479328132029978] [-0.001767039443185243, -0.005840759246907932]
	[-1.4792910734389075, -1.4792910734389075] [-0.0027223051551219803, -0.005461314092460643]
	[-1.4792910734389075, -1.4792910734389075] [-0.0027223051551219803, -0.005461314092460643]
	[-1.6274020402273588, -1.6274020402273588] [-0.0018865739195156844, -0.005803252176178125]
	[-1.8966356090694814, -1.8966356090694814] [-0.00027498749565074124, -0.006096005155128124]
	[-1.3933024776456677, -1.3933024776456677] [-0.0031812791642099824, -0.005207337117325549]
	[-1.3933024776456677, -1.3933024776456677] [-0.0031812791642099824, -0.005207337117325549]
	[-1.5640552950267523, -1.5640552950267523] [-0.002250161276968602, -0.005672183988706991]
	[-1.5246972008134627, -1.5246972008134627] [-0.002471607404296126, -0.005579252083670489]
	[-1.122899487335328, -1.122899487335328] [-0.004456664943626143, -0.004168337144997596]
	[-0.7479129882797901, -0.7479129882797901] [-0.005673677758636634, -0.002246392144142448]
	[-1.0304519587316447, -1.0304519587316447] [-0.004822437755113116, -0.00373911634910877]
	[-1.0304519587316447, -1.0304519587316447] [-0.004822437755113116, -0.00373911634910877]
	[-0.4201380507433935, -0.4201380507433935] [-0.006094814177485866, -0.00030022843974250157]
	[-0.4201380507433935, -0.4201380507433935] [-0.006094814177485866, -0.00030022843974250157]
	[0.04781803597329054, 0.04781803597329054] [-0.005574995372728515, 0.0024811939803587642]
	[0.04781803597329054, 0.04781803597329054] [-0.005574995372728515, 0.0024811939803587642]
	[-0.5569040701724934, -0.5569040701724934] [-0.005996968233044922, -0.0011283922128245115]
	[-0.5569040701724934, -0.5569040701724934] [-0.005996968233044922, -0.0011283922128245115]
	[-0.5569040701724934, -0.5569040701724934] [-0.005996968233044922, -0.0011283922128245115]
	[-0.6882560846250998, -0.6882560846250998] [-0.0057975179189045664, -0.0019041226205508367]
	[-0.69155548516022, -0.69155548516022] [-0.005791203911121273, -0.0019232405553977364]
	[-0.5449933014654961, -0.5449933014654961] [-0.00600998255477203, -0.0010568853605991437]
	[-0.7137332031079304, -0.7137332031079304] [-0.005747130174101536, -0.002051192759358462]
