source:
	0.17274435777217456,0.9677314354787631
target:
	0.28146723867626866,0.35518299339254167
points:
	[0, 0] [0.0010872288090409406, -0.006125484420862214]
	[0.045893972121397224, 0.045893972121397224] [0.0008050598830275921, -0.006168914366253909]
	[0.17759998315590508, 0.17759998315590508] [-1.204869156819686e-05, -0.006221212157004917]
	[-0.10120673041759493, -0.10120673041759493] [0.001700547896764638, -0.005984293001202702]
	[-0.10120673041759493, -0.10120673041759493] [0.001700547896764638, -0.005984293001202702]
	[0.5664832994258291, 0.5664832994258291] [-0.002369954908921823, -0.0057521247902937245]
	[0.5664832994258291, 0.5664832994258291] [-0.002369954908921823, -0.0057521247902937245]
	[0.23939184526959484, 0.23939184526959484] [-0.0003962013925607544, -0.006208594875651591]
	[0.23939184526959484, 0.23939184526959484] [-0.0003962013925607544, -0.006208594875651591]
	[0.23939184526959484, 0.23939184526959484] [-0.0003962013925607544, -0.006208594875651591]
	[0.23939184526959484, 0.23939184526959484] [-0.0003962013925607544, -0.006208594875651591]
	[0.23939184526959484, 0.23939184526959484] [-0.0003962013925607544, -0.006208594875651591]
	[0.23939184526959484, 0.23939184526959484] [-0.0003962013925607544, -0.006208594875651591]
	[0.23939184526959484, 0.23939184526959484] [-0.0003962013925607544, -0.006208594875651591]
	[0.23939184526959484, 0.23939184526959484] [-0.0003962013925607544, -0.006208594875651591]
	[0.3492251281862714, 0.3492251281862714] [-0.0010743541995813324, -0.006127755619088952]
	[0.18975503196002763, 0.18975503196002763] [-8.766507685295692e-05, -0.006220606136682714]
	[0.18975503196002763, 0.18975503196002763] [-8.766507685295692e-05, -0.006220606136682714]
	[0.18975503196002763, 0.18975503196002763] [-8.766507685295692e-05, -0.006220606136682714]
	[-0.12170842938686571, -0.12170842938686571] [0.0018228701015517096, -0.005948173708484238]
	[0.36828359249094683, 0.36828359249094683] [-0.0011909376312544042, -0.006106168473920157]
	[0.36828359249094683, 0.36828359249094683] [-0.0011909376312544042, -0.006106168473920157]
	[0.36828359249094683, 0.36828359249094683] [-0.0011909376312544042, -0.006106168473920157]
	[0.03759471292677463, 0.03759471292677463] [0.0008562289893991183, -0.006162020593210221]
	[-0.16390835824798342, -0.16390835824798342] [0.0020721852399394327, -0.005865975980585961]
	[-0.16390835824798342, -0.16390835824798342] [0.0020721852399394327, -0.005865975980585961]
	[0.00720413231594888, 0.00720413231594888] [0.0010430721772774281, -0.006133157939139021]
	[0.5267625448645799, 0.5267625448645799] [-0.002139666908556788, -0.005841699358394038]
	[-0.12513821627551835, -0.12513821627551835] [0.0018432603081516394, -0.005941886679315501]
	[-0.5270751935343405, -0.5270751935343405] [0.0040208377067890285, -0.004747261316706488]
	[-0.13117809397974323, -0.13117809397974323] [0.001879114737747177, -0.0059306453001183295]
	[-0.17907029596885904, -0.17907029596885904] [0.0021608832179114156, -0.005833884605645117]
	[-0.7441337966035285, -0.7441337966035285] [0.004948850823353966, -0.0037699471351231237]
	[-0.8878980865193928, -0.8878980865193928] [0.005437915731464285, -0.0030220354681782823]
	[-1.4140315111779933, -1.4140315111779933] [0.0062201128970148815, 0.00011756454322377151]
	[-1.6737304039900143, -1.6737304039900143] [0.005981346638988201, 0.0017108823038709659]
	[-1.6737304039900143, -1.6737304039900143] [0.005981346638988201, 0.0017108823038709659]
	[-1.2705770883493446, -1.2705770883493446] [0.006173027564649376, -0.0007728884521800466]
	[-0.7973174431327422, -0.7973174431327422] [0.0051422585903881405, -0.003501542868938442]
	[-1.1793609446090132, -1.1793609446090132] [0.006076962202990005, -0.0013319745706525873]
	[-0.5919682827734047, -0.5919682827734047] [0.004320222858398623, -0.004476527708749752]
	[-0.5919682827734047, -0.5919682827734047] [0.004320222858398623, -0.004476527708749752]
	[-0.5919682827734047, -0.5919682827734047] [0.004320222858398623, -0.004476527708749752]
	[-1.197724489051513, -1.197724489051513] [0.006100395995429932, -0.001220161699274619]
	[-0.9033730719001484, -0.9033730719001484] [0.0054840287097191725, -0.002937525316386251]
	[-0.8107543331820884, -0.8107543331820884] [0.005188842810679253, -0.003432132887796815]
	[-1.2028869295994409, -1.2028869295994409] [0.006106613689669277, -0.0011886526484125052]
	[-1.2028869295994409, -1.2028869295994409] [0.006106613689669277, -0.0011886526484125052]
	[-1.594814278759468, -1.594814278759468] [0.006097607227363249, 0.0012340226797922945]
	[-1.4114643839239718, -1.4114643839239718] [0.00622039420412299, 0.00010159635203779312]
	[-1.4114643839239718, -1.4114643839239718] [0.00622039420412299, 0.00010159635203779312]
