source:
	0.9911664205214534,0.4916464921793776
target:
	0.10484642305671654,0.1649629260041111
points:
	[-0.26565969777287507, -0.26565969777287507] [-0.009409968821148466, -0.0008252368244945545]
	[-0.26565969777287507, -0.26565969777287507] [-0.009409968821148466, -0.0008252368244945545]
	[-0.26565969777287507, -0.26565969777287507] [-0.009409968821148466, -0.0008252368244945545]
	[0.13977566789246526, 0.13977566789246526] [-0.008321620899362609, -0.004469804765174822]
	[0.13977566789246526, 0.13977566789246526] [-0.008321620899362609, -0.004469804765174822]
	[0.826998284937986, 0.826998284937986] [-0.0035970925968267166, -0.008734383428802662]
	[0.8611973725243046, 0.8611973725243046] [-0.0032963395421119887, -0.008852269463510306]
	[0.6150640285186783, 0.6150640285186783] [-0.005353899439346836, -0.007782306202203156]
	[0.8182971264834945, 0.8182971264834945] [-0.0036729547246945895, -0.00870275431239052]
	[0.8182971264834945, 0.8182971264834945] [-0.0036729547246945895, -0.00870275431239052]
	[0.8182971264834945, 0.8182971264834945] [-0.0036729547246945895, -0.00870275431239052]
	[0.8182971264834945, 0.8182971264834945] [-0.0036729547246945895, -0.00870275431239052]
	[0.8182971264834945, 0.8182971264834945] [-0.0036729547246945895, -0.00870275431239052]
	[0.9296081081991656, 0.9296081081991656] [-0.002683511054394465, -0.00905689226238398]
	[0.4676328127147315, 0.4676328127147315] [-0.006439021578952339, -0.0069114058003617645]
	[0.4676328127147315, 0.4676328127147315] [-0.006439021578952339, -0.0069114058003617645]
	[0.8717570548182866, 0.8717570548182866] [-0.0032026803456334896, -0.008886583574984317]
	[1.0852615334713103, 1.0852615334713103] [-0.0012470179148947578, -0.00936341152312658]
	[0.8473059358720016, 0.8473059358720016] [-0.003418988282123677, -0.0088056259378984]
	[1.087864567027693, 1.087864567027693] [-0.0012226404432630598, -0.009366625826731076]
	[0.5151659537871385, 0.5151659537871385] [-0.006103351656456872, -0.007209551136451786]
	[0.5151659537871385, 0.5151659537871385] [-0.006103351656456872, -0.007209551136451786]
	[1.1871535799842738, 1.1871535799842738] [-0.0002881430661895243, -0.00944168960540935]
	[1.2521754122316304, 1.2521754122316304] [0.00032594928992450955, -0.00944046005721574]
	[1.2521754122316304, 1.2521754122316304] [0.00032594928992450955, -0.00944046005721574]
	[1.3272010158957848, 1.3272010158957848] [0.0010326443010044786, -0.009389471485610416]
	[1.0462502024957185, 1.0462502024957185] [-0.0016112556279225592, -0.0093076519237118]
	[0.45137116560375357, 0.45137116560375357] [-0.006550556115294905, -0.006805787508573906]
	[0.44403345207766526, 0.44403345207766526] [-0.006600318239357647, -0.006757538617772809]
	[0.44403345207766526, 0.44403345207766526] [-0.006600318239357647, -0.006757538617772809]
	[1.0459450938446846, 1.0459450938446846] [-0.0016140953980043047, -0.009307159882457668]
	[1.0459450938446846, 1.0459450938446846] [-0.0016140953980043047, -0.009307159882457668]
	[0.40841817508945355, 0.40841817508945355] [-0.006836753334693477, -0.006518230808436112]
	[0.8234941632948098, 0.8234941632948098] [-0.003627676792113339, -0.008721725180458873]
	[0.7516188174497694, 0.7516188174497694] [-0.004244647822936262, -0.008438690294751345]
	[0.7516188174497694, 0.7516188174497694] [-0.004244647822936262, -0.008438690294751345]
	[0.23953054016049558, 0.23953054016049558] [-0.007835105185410052, -0.0052763297627279335]
	[0.23953054016049558, 0.23953054016049558] [-0.007835105185410052, -0.0052763297627279335]
	[0.659850616269462, 0.659850616269462] [-0.005000104376988706, -0.00801420521640833]
	[-0.035892723782610325, -0.035892723782610325] [-0.008974721867315927, -0.002946675488717653]
	[0.5861346064079338, 0.5861346064079338] [-0.005576765444740373, -0.007624186265158914]
	[0.5861346064079338, 0.5861346064079338] [-0.005576765444740373, -0.007624186265158914]
	[0.4547945599862313, 0.4547945599862313] [-0.0065272188810722165, -0.006828172721165046]
	[-0.009507388328436506, -0.009507388328436506] [-0.0088938580107601, -0.0031824234029944067]
	[-0.453580242732943, -0.453580242732943] [-0.00939847258747707, 0.000947228617562924]
	[-1.0398780398720735, -1.0398780398720735] [-0.007304794732896354, 0.0059890318868526474]
	[-1.6432798892909501, -1.6432798892909501] [-0.0026163837473822523, 0.00907651172631436]
	[-2.1727271457983823, -2.1727271457983823] [0.00232598476219991, 0.009155234782216233]
	[-1.635637542478027, -1.635637542478027] [-0.0026856725174415914, 0.009056251551306812]
	[-1.993161099003457, -1.993161099003457] [0.0006534370610699916, 0.009423457382442407]
	[-2.421810714592841, -2.421810714592841] [0.004511113019276532, 0.008299300474064176]
	[-2.421810714592841, -2.421810714592841] [0.004511113019276532, 0.008299300474064176]
	[-2.4052118299876937, -2.4052118299876937] [0.004372738770924279, 0.00837303318235057]
	[-2.7352884751627724, -2.7352884751627724] [0.0068505175659463536, 0.0065037633805473385]
	[-2.81779598321536, -2.81779598321536] [0.007363214069306223, 0.005917060723117432]
	[-2.179578377404529, -2.179578377404529] [0.0023886543154720903, 0.00913908417691098]
	[-2.179578377404529, -2.179578377404529] [0.0023886543154720903, 0.00913908417691098]
	[-2.179578377404529, -2.179578377404529] [0.0023886543154720903, 0.00913908417691098]
	[-1.8702823277233067, -1.8702823277233067] [-0.0005065209839280738, 0.009432495190792764]
	[-1.4529283848335592, -1.4529283848335592] [-0.004286438962869491, 0.008417539429612576]
	[-1.100131339460589, -1.100131339460589] [-0.00693089823625579, 0.006418035421385152]
	[-0.8963841204549503, -0.8963841204549503] [-0.008086162462953008, 0.004882878828541401]
	[-0.8963841204549503, -0.8963841204549503] [-0.008086162462953008, 0.004882878828541401]
	[-0.20940450279229428, -0.20940450279229428] [-0.00934868375632199, -0.0013530118461305086]
	[-0.20940450279229428, -0.20940450279229428] [-0.00934868375632199, -0.0013530118461305086]
	[-0.20940450279229428, -0.20940450279229428] [-0.00934868375632199, -0.0013530118461305086]
	[-0.20940450279229428, -0.20940450279229428] [-0.00934868375632199, -0.0013530118461305086]
	[-0.07339396335011278, -0.07339396335011278] [-0.009078889922542431, -0.002608119400227987]
	[-0.07339396335011278, -0.07339396335011278] [-0.009078889922542431, -0.002608119400227987]
	[-0.07339396335011278, -0.07339396335011278] [-0.009078889922542431, -0.002608119400227987]
	[0.030070736340242862, 0.030070736340242862] [-0.008760971656402826, -0.0035318415404990097]
	[0.030070736340242862, 0.030070736340242862] [-0.008760971656402826, -0.0035318415404990097]
	[0.5299188569011001, 0.5299188569011001] [-0.005996329525692796, -0.007298805467389368]
	[0.48766334560492663, 0.48766334560492663] [-0.006299299998875221, -0.007038987750781979]
	[0.48766334560492663, 0.48766334560492663] [-0.006299299998875221, -0.007038987750781979]
	[0.5667558853605159, 0.5667558853605159] [-0.005723456074343174, -0.007514690918231589]
	[0.5667558853605159, 0.5667558853605159] [-0.005723456074343174, -0.007514690918231589]
	[0.5667558853605159, 0.5667558853605159] [-0.005723456074343174, -0.007514690918231589]
