source:
	0.5516343829684875,0.6545819031139926
target:
	0.31589536683735364,0.2761021008521094
points:
	[-0.004219087354810834, -0.004219087354810834] [-0.0023733375258502003, -0.003774818331133059]
	[-0.7382768562020771, -0.7382768562020771] [-0.004290818628808448, -0.0012127901464545749]
	[-0.24229362735678645, -0.24229362735678645] [-0.0031966174715347758, -0.0031086365476436033]
	[-0.24229362735678645, -0.24229362735678645] [-0.0031966174715347758, -0.0031086365476436033]
	[-0.16403186187368476, -0.16403186187368476] [-0.002943793871153532, -0.0033490389798904742]
	[-0.16403186187368476, -0.16403186187368476] [-0.002943793871153532, -0.0033490389798904742]
	[-0.16403186187368476, -0.16403186187368476] [-0.002943793871153532, -0.0033490389798904742]
	[0.10008531649278732, 0.10008531649278732] [-0.0019674223331810157, -0.004001403979551114]
	[0.10008531649278732, 0.10008531649278732] [-0.0019674223331810157, -0.004001403979551114]
	[0.10008531649278732, 0.10008531649278732] [-0.0019674223331810157, -0.004001403979551114]
	[0.6915639211572019, 0.6915639211572019] [0.0005979480450747777, -0.004418647143646817]
	[1.0899204581508901, 1.0899204581508901] [0.0022651398482255777, -0.003840719452478602]
	[0.9108135595238852, 0.9108135595238852] [0.0015446774826558362, -0.004182816744640261]
	[0.3352380055569931, 0.3352380055569931] [-0.000980983449562178, -0.004349673081549005]
	[0.695579395560665, 0.695579395560665] [0.0006156861412356708, -0.004416210481867599]
	[0.7389290613999802, 0.7389290613999802] [0.0008064890302221493, -0.004385380244494001]
	[0.7389290613999802, 0.7389290613999802] [0.0008064890302221493, -0.004385380244494001]
	[0.7389290613999802, 0.7389290613999802] [0.0008064890302221493, -0.004385380244494001]
	[1.3715091432999116, 1.3715091432999116] [0.0032431949705934615, -0.003060011573080108]
	[2.0031749998008337, 2.0031749998008337] [0.004424310372354381, -0.0005544927174854166]
	[2.6806960923572656, 2.6806960923572656] [0.003794700008157098, 0.002341417581884838]
	[2.6806960923572656, 2.6806960923572656] [0.003794700008157098, 0.002341417581884838]
	[2.6806960923572656, 2.6806960923572656] [0.003794700008157098, 0.002341417581884838]
	[2.6806960923572656, 2.6806960923572656] [0.003794700008157098, 0.002341417581884838]
	[2.6806960923572656, 2.6806960923572656] [0.003794700008157098, 0.002341417581884838]
	[2.799177135839298, 2.799177135839298] [0.0034913316018650455, 0.0027735515301658587]
	[2.8698121574869586, 2.8698121574869586] [0.003286878557227982, 0.003013040622809759]
	[2.8698121574869586, 2.8698121574869586] [0.003286878557227982, 0.003013040622809759]
	[3.453887862336324, 3.453887862336324] [0.001080510190981642, 0.0043260238293208395]
	[3.943291546031455, 3.943291546031455] [-0.0010799895974658667, 0.004326153824592053]
	[4.288788172453787, 4.288788172453787] [-0.002481282733845905, 0.003704756461548466]
	[4.288788172453787, 4.288788172453787] [-0.002481282733845905, 0.003704756461548466]
	[3.613195592684063, 3.613195592684063] [0.0003805703858653731, 0.004442651305928612]
	[3.831568400150033, 3.831568400150033] [-0.0005909297107767856, 0.004419591216570621]
	[4.2654560372028625, 4.2654560372028625] [-0.0023941753373153984, 0.0037616364655369905]
	[4.2654560372028625, 4.2654560372028625] [-0.0023941753373153984, 0.0037616364655369905]
	[4.2654560372028625, 4.2654560372028625] [-0.0023941753373153984, 0.0037616364655369905]
	[4.2654560372028625, 4.2654560372028625] [-0.0023941753373153984, 0.0037616364655369905]
	[4.2654560372028625, 4.2654560372028625] [-0.0023941753373153984, 0.0037616364655369905]
	[3.4847857760496725, 3.4847857760496725] [0.0009463506166096116, 0.004357339205881215]
	[3.0472866772447116, 3.0472866772447116] [0.0027033153083285267, 0.003545993624983492]
	[3.0472866772447116, 3.0472866772447116] [0.0027033153083285267, 0.003545993624983492]
