source:
	0.6001416502021554,0.6644418717511718
target:
	0.2368887325700959,0.9828695038296543
points:
	[0.013310392571984526, 0.013310392571984526] [-0.0035898246833447295, 0.0032323432130236785]
	[-0.6942993268773409, -0.6942993268773409] [-0.004829056772687761, 0.0001228600426900209]
	[0.0775412601375659, 0.0775412601375659] [-0.003374948649476954, 0.003456096861681543]
	[0.005304091497239913, 0.005304091497239913] [-0.003615588465002539, 0.003203498705426914]
	[-0.04239238691471971, -0.04239238691471971] [-0.0037642142754060743, 0.003027470031686598]
	[0.15866615930293088, 0.15866615930293088] [-0.0030837809760178546, 0.0037182225317860806]
	[-0.029279848895463534, -0.029279848895463534] [-0.0037241939947718627, 0.003076566754230521]
	[0.37043677134656905, 0.37043677134656905] [-0.0022333521994312567, 0.004283342369835371]
	[0.37043677134656905, 0.37043677134656905] [-0.0022333521994312567, 0.004283342369835371]
	[0.37043677134656905, 0.37043677134656905] [-0.0022333521994312567, 0.004283342369835371]
	[0.37043677134656905, 0.37043677134656905] [-0.0022333521994312567, 0.004283342369835371]
	[0.5483479904977687, 0.5483479904977687] [-0.0014400589739851702, 0.00461097755962617]
	[0.5483479904977687, 0.5483479904977687] [-0.0014400589739851702, 0.00461097755962617]
	[0.5483479904977687, 0.5483479904977687] [-0.0014400589739851702, 0.00461097755962617]
	[0.38508256427098186, 0.38508256427098186] [-0.0021703819748243643, 0.004315591035685473]
	[0.8320867236388181, 0.8320867236388181] [-9.165035102634058e-05, 0.004829749902126204]
	[0.8320867236388181, 0.8320867236388181] [-9.165035102634058e-05, 0.004829749902126204]
	[0.8320867236388181, 0.8320867236388181] [-9.165035102634058e-05, 0.004829749902126204]
	[1.554979779969002, 1.554979779969002] [0.003126426362423097, 0.003682436978996003]
	[1.662149451663783, 1.662149451663783] [0.003502380063409295, 0.0033268931145085546]
	[1.662149451663783, 1.662149451663783] [0.003502380063409295, 0.0033268931145085546]
	[2.085993639515494, 2.085993639515494] [0.0045607139469705975, 0.0015920967928612893]
	[2.1783729765252686, 2.1783729765252686] [0.004688135093160643, 0.0011645914529168505]
	[1.9836406447142814, 1.9836406447142814] [0.004374173967475309, 0.0020497526695171385]
	[1.511225525047383, 1.511225525047383] [0.002962363288534223, 0.0038156634614017037]
	[1.511225525047383, 1.511225525047383] [0.002962363288534223, 0.0038156634614017037]
	[1.511225525047383, 1.511225525047383] [0.002962363288534223, 0.0038156634614017037]
	[1.511225525047383, 1.511225525047383] [0.002962363288534223, 0.0038156634614017037]
	[1.511225525047383, 1.511225525047383] [0.002962363288534223, 0.0038156634614017037]
	[2.13748521055534, 2.13748521055534] [0.004636612528942353, 0.0013552520652580211]
	[1.59099280190877, 1.59099280190877] [0.003256986211206212, 0.0035674815660272064]
	[1.32744739980339, 1.32744739980339] [0.002215183072843351, 0.0042927669232931355]
	[1.2226910865035867, 1.2226910865035867] [0.0017541671962904854, 0.004500864511556608]
	[0.7078394819456989, 0.7078394819456989] [-0.000689484183277998, 0.004781160472619675]
	[0.7078394819456989, 0.7078394819456989] [-0.000689484183277998, 0.004781160472619675]
	[0.7078394819456989, 0.7078394819456989] [-0.000689484183277998, 0.004781160472619675]
	[0.7078394819456989, 0.7078394819456989] [-0.000689484183277998, 0.004781160472619675]
	[0.7078394819456989, 0.7078394819456989] [-0.000689484183277998, 0.004781160472619675]
	[0.43924615970863223, 0.43924615970863223] [-0.0019335654807738048, 0.0044267604899623034]
	[0.43924615970863223, 0.43924615970863223] [-0.0019335654807738048, 0.0044267604899623034]
	[0.44842063048785186, 0.44842063048785186] [-0.0018928714913349321, 0.0044443133801772795]
	[0.00940998469092097, 0.00940998469092097] [-0.0036024048020276834, 0.0032183168809579972]
