source:
	0.5902473554184373,0.5741380542750335
target:
	0.7365799656742731,0.06261987252483958
points:
	[0, 0] [0.0014633261025583577, -0.005115181817501939]
	[-0.5064002366855876, -0.5064002366855876] [0.0037607020752522457, -0.00376344632082411]
	[-0.10499916001802628, -0.10499916001802628] [0.001991370506035325, -0.004933644881446544]
	[-0.10499916001802628, -0.10499916001802628] [0.001991370506035325, -0.004933644881446544]
	[0.3872521381116108, 0.3872521381116108] [-0.0005767579910149956, -0.0052890224548900735]
	[0.7512396726889468, 0.7512396726889468] [-0.0024218811860586367, -0.0047371826890195284]
	[0.932112550316845, 0.932112550316845] [-0.003234536799549668, -0.004224237209353905]
	[0.29532163979897874, 0.29532163979897874] [-8.878465630252007e-05, -0.0053196358515725795]
	[0.29532163979897874, 0.29532163979897874] [-8.878465630252007e-05, -0.0053196358515725795]
	[0.29532163979897874, 0.29532163979897874] [-8.878465630252007e-05, -0.0053196358515725795]
	[0.862188080402214, 0.862188080402214] [-0.0029314955961370023, -0.004439903363628587]
	[0.8865777205030813, 0.8865777205030813] [-0.0030389006421604236, -0.004367091846481826]
	[0.8865777205030813, 0.8865777205030813] [-0.0030389006421604236, -0.004367091846481826]
	[0.8865777205030813, 0.8865777205030813] [-0.0030389006421604236, -0.004367091846481826]
	[0.5192383472105352, 0.5192383472105352] [-0.0012677946071706586, -0.005167117682282848]
	[0.6072640781943114, 0.6072640781943114] [-0.0017171381553970067, -0.005035657341778811]
	[0.23162686512501257, 0.23162686512501257] [0.0002499993279969709, -0.0053144998489540055]
	[-0.4833649746364503, -0.4833649746364503] [0.003673020055687816, -0.003849068975615551]
	[-0.4833649746364503, -0.4833649746364503] [0.003673020055687816, -0.003849068975615551]
	[-0.6429952149830716, -0.6429952149830716] [0.0042381434115930285, -0.0032162942544645507]
	[-0.6429952149830716, -0.6429952149830716] [0.0042381434115930285, -0.0032162942544645507]
	[0.10650061343009931, 0.10650061343009931] [0.0009112943889682321, -0.005241750742372828]
	[0.41728981597857584, 0.41728981597857584] [-0.000735343880561863, -0.005269314726399562]
	[0.1985696867695574, 0.1985696867695574] [0.00042551311785459417, -0.005303333564378611]
	[0.2254960317064335, 0.2254960317064335] [0.00028257673879935534, -0.0053128672762662345]
	[0.6939038773587376, 0.6939038773587376] [-0.0021464400916809453, -0.0048681827452711525]
	[0.6997751272143332, 0.6997751272143332] [-0.002174985249229615, -0.004855496624874191]
	[0.6997751272143332, 0.6997751272143332] [-0.002174985249229615, -0.004855496624874191]
	[0.21292112386999668, 0.21292112386999668] [0.00034936145303577916, -0.005308893941647714]
	[0.21292112386999668, 0.21292112386999668] [0.00034936145303577916, -0.005308893941647714]
	[0.9785465301960257, 0.9785465301960257] [-0.00342712807708435, -0.004069545607533008]
	[0.4031362124195984, 0.4031362124195984] [-0.0006606929264327406, -0.005279194367087919]
	[0.9675291957552102, 0.9675291957552102] [-0.0033820854459934643, -0.004107055678284659]
	[0.40499260114965696, 0.40499260114965696] [-0.0006704920192979414, -0.005277958768367639]
	[0.40499260114965696, 0.40499260114965696] [-0.0006704920192979414, -0.005277958768367639]
	[0.5921993599675617, 0.5921993599675617] [-0.0016410854208977468, -0.005060953166138562]
	[-0.13285341510721538, -0.13285341510721538] [0.0021280032776706845, -0.004876270127746606]
	[0.6500193364048861, 0.6500193364048861] [-0.0019308041602830103, -0.004957661102088856]
	[0.6500193364048861, 0.6500193364048861] [-0.0019308041602830103, -0.004957661102088856]
	[0.11112670410476266, 0.11112670410476266] [0.0008870359100719378, -0.005245910369304258]
	[0.44072078120101155, 0.44072078120101155] [-0.0008585958673191349, -0.005250640098612128]
	[0.44072078120101155, 0.44072078120101155] [-0.0008585958673191349, -0.005250640098612128]
	[0.08621350984891474, 0.08621350984891474] [0.001017439512326057, -0.005222185859129182]
