source:
	0.4198380484340508,0.08936790902571001
target:
	0.6402805813734609,0.5457598533185688
points:
	[0, 0] [0.002204425329394101, 0.004563919442928588]
	[0, 0] [0.002204425329394101, 0.004563919442928588]
	[-0.03311769079490504, -0.03311769079490504] [0.002354335398813968, 0.00448842472859993]
	[-0.03311769079490504, -0.03311769079490504] [0.002354335398813968, 0.00448842472859993]
	[-0.5716676097206504, -0.5716676097206504] [0.004323162844482902, 0.0026455840063204167]
	[-0.5716676097206504, -0.5716676097206504] [0.004323162844482902, 0.0026455840063204167]
	[-0.5716676097206504, -0.5716676097206504] [0.004323162844482902, 0.0026455840063204167]
	[-0.5716676097206504, -0.5716676097206504] [0.004323162844482902, 0.0026455840063204167]
	[-0.5580501074691414, -0.5580501074691414] [0.004286736882126267, 0.0027042075766912283]
	[-0.5580501074691414, -0.5580501074691414] [0.004286736882126267, 0.0027042075766912283]
	[-0.5580501074691414, -0.5580501074691414] [0.004286736882126267, 0.0027042075766912283]
	[-0.5580501074691414, -0.5580501074691414] [0.004286736882126267, 0.0027042075766912283]
	[0.16841844325737576, 0.16841844325737576] [0.0014082155457222068, 0.004868858253348745]
	[0.16841844325737576, 0.16841844325737576] [0.0014082155457222068, 0.004868858253348745]
	[0.16841844325737576, 0.16841844325737576] [0.0014082155457222068, 0.004868858253348745]
	[0.7930437718375848, 0.7930437718375848] [-0.0017049566100062047, 0.004773046686594636]
	[0.7930437718375848, 0.7930437718375848] [-0.0017049566100062047, 0.004773046686594636]
	[0.7930437718375848, 0.7930437718375848] [-0.0017049566100062047, 0.004773046686594636]
	[0.834135981885564, 0.834135981885564] [-0.0018995971872168373, 0.004698976722727381]
	[0.9864848672594129, 0.9864848672594129] [-0.002590712573113661, 0.00435626675927068]
	[0.9864848672594129, 0.9864848672594129] [-0.002590712573113661, 0.00435626675927068]
	[0.9864848672594129, 0.9864848672594129] [-0.002590712573113661, 0.00435626675927068]
	[1.4971489883920786, 1.4971489883920786] [-0.004389344510064945, 0.002534266459230088]
	[1.4971489883920786, 1.4971489883920786] [-0.004389344510064945, 0.002534266459230088]
	[1.4971489883920786, 1.4971489883920786] [-0.004389344510064945, 0.002534266459230088]
	[1.4971489883920786, 1.4971489883920786] [-0.004389344510064945, 0.002534266459230088]
	[1.9791248020445638, 1.9791248020445638] [-0.005064024489527301, 0.00021096844286203637]
	[2.097458296804139, 2.097458296804139] [-0.005053516952910796, -0.0003883530881286535]
	[2.1920037829262924, 2.1920037829262924] [-0.0049942851055761964, -0.0008636943896052813]
	[2.1920037829262924, 2.1920037829262924] [-0.0049942851055761964, -0.0008636943896052813]
	[2.1920037829262924, 2.1920037829262924] [-0.0049942851055761964, -0.0008636943896052813]
	[1.6773127761315683, 1.6773127761315683] [-0.004772417158333048, 0.001706717955979896]
	[1.6773127761315683, 1.6773127761315683] [-0.004772417158333048, 0.001706717955979896]
	[1.6773127761315683, 1.6773127761315683] [-0.004772417158333048, 0.001706717955979896]
	[1.6773127761315683, 1.6773127761315683] [-0.004772417158333048, 0.001706717955979896]
	[1.6773127761315683, 1.6773127761315683] [-0.004772417158333048, 0.001706717955979896]
	[1.6773127761315683, 1.6773127761315683] [-0.004772417158333048, 0.001706717955979896]
	[1.6773127761315683, 1.6773127761315683] [-0.004772417158333048, 0.001706717955979896]
	[1.6773127761315683, 1.6773127761315683] [-0.004772417158333048, 0.001706717955979896]
	[1.6773127761315683, 1.6773127761315683] [-0.004772417158333048, 0.001706717955979896]
	[1.0830773527217474, 1.0830773527217474] [-0.002998764766854694, 0.004086105919758664]
	[1.0830773527217474, 1.0830773527217474] [-0.002998764766854694, 0.004086105919758664]
	[1.0830773527217474, 1.0830773527217474] [-0.002998764766854694, 0.004086105919758664]
	[1.0830773527217474, 1.0830773527217474] [-0.002998764766854694, 0.004086105919758664]
	[1.0830773527217474, 1.0830773527217474] [-0.002998764766854694, 0.004086105919758664]
