source:
	0.1294871586320515,0.9539196587370947
target:
	0.8258554680505596,0.7657566804457154
points:
	[-0.2037164849407305, -0.2037164849407305] [0.007200357477025921, -0.00043389523991884223]
	[-0.03099822957703796, -0.03099822957703796] [0.007018655545962676, -0.0016648985564636338]
	[-0.5808182273568441, -0.5808182273568441] [0.006854201926766931, 0.002247961036871367]
	[-1.1645788959828745, -1.1645788959828745] [0.004480118276160387, 0.005653490347369577]
	[-1.612705296239251, -1.612705296239251] [0.001588222253638083, 0.007036402699479051]
	[-1.612705296239251, -1.612705296239251] [0.001588222253638083, 0.007036402699479051]
	[-1.8805331159114844, -1.8805331159114844] [-0.00033049581591919965, 0.007205843836210107]
	[-1.8805331159114844, -1.8805331159114844] [-0.00033049581591919965, 0.007205843836210107]
	[-1.8805331159114844, -1.8805331159114844] [-0.00033049581591919965, 0.007205843836210107]
	[-1.8805331159114844, -1.8805331159114844] [-0.00033049581591919965, 0.007205843836210107]
	[-1.8805331159114844, -1.8805331159114844] [-0.00033049581591919965, 0.007205843836210107]
	[-1.7516959606688776, -1.7516959606688776] [0.0005980575294647628, 0.0071885840099172385]
	[-1.7516959606688776, -1.7516959606688776] [0.0005980575294647628, 0.0071885840099172385]
	[-1.7516959606688776, -1.7516959606688776] [0.0005980575294647628, 0.0071885840099172385]
	[-1.552552840878118, -1.552552840878118] [0.0020083514725527277, 0.0069281987008805255]
	[-0.785111567981957, -0.785111567981957] [0.0062556103564377075, 0.0035917616770349053]
	[-1.3614444326788002, -1.3614444326788002] [0.003287780249896367, 0.006420585168392262]
	[-1.2741520749239437, -1.2741520749239437] [0.0038350183305203168, 0.006109504667381839]
	[-1.2056288273629605, -1.2056288273629605] [0.004244333871503723, 0.0058325845783317645]
	[-0.9161372458963548, -0.9161372458963548] [0.005732722220173063, 0.004378276923918968]
	[-0.3428393266026325, -0.3428393266026325] [0.007190957941947034, 0.000568802912559504]
	[0.3327059395365768, 0.3327059395365768] [0.005967265298989847, -0.004052796284993723]
	[0.06628773351949468, 0.06628773351949468] [0.006823751613141127, -0.002338766084571343]
	[0.21560039854521143, 0.21560039854521143] [0.006399916250984492, -0.003327834860171386]
	[-0.06763266682474098, -0.06763266682474098] [0.007074925246830955, -0.0014067144798932207]
	[-0.6175971926588826, -0.6175971926588826] [0.006766907593607541, 0.0024984744336822647]
	[-0.2877174851352888, -0.2877174851352888] [0.007211373730790913, 0.0001717608542306995]
	[-0.2877174851352888, -0.2877174851352888] [0.007211373730790913, 0.0001717608542306995]
	[0.11956867861045284, 0.11956867861045284] [0.006689515353062963, -0.0026988510920986763]
	[0.11956867861045284, 0.11956867861045284] [0.006689515353062963, -0.0026988510920986763]
	[-0.3696781047812533, -0.3696781047812533] [0.007173104059410653, 0.0007615714208488383]
	[-0.3696781047812533, -0.3696781047812533] [0.007173104059410653, 0.0007615714208488383]
	[-0.06306531641585739, -0.06306531641585739] [0.007068426517432152, -0.0014390133577730588]
	[-0.06306531641585739, -0.06306531641585739] [0.007068426517432152, -0.0014390133577730588]
	[-0.3863466317369615, -0.3863466317369615] [0.007159413909680305, 0.0008810251676674642]
	[-0.13716157019477473, -0.13716157019477473] [0.007155559620902485, -0.0009118000811017648]
	[-0.13716157019477473, -0.13716157019477473] [0.007155559620902485, -0.0009118000811017648]
	[-0.8030196020343632, -0.8030196020343632] [0.006190289350846953, 0.003703205453249675]
	[-1.0864379150600976, -1.0864379150600976] [0.004907767248296251, 0.005286514306491372]
	[-1.593476294436015, -1.593476294436015] [0.00172322329871621, 0.007004563822176862]
	[-1.593476294436015, -1.593476294436015] [0.00172322329871621, 0.007004563822176862]
	[-1.4320345385048447, -1.4320345385048447] [0.0028267387313424277, 0.006636487099431138]
	[-1.6857081459897543, -1.6857081459897543] [0.0010707706804639438, 0.007133502858066722]
	[-1.1948205663854599, -1.1948205663854599] [0.004307124834475671, 0.0057863709297305025]
	[-1.1948205663854599, -1.1948205663854599] [0.004307124834475671, 0.0057863709297305025]
	[-1.9538904698741164, -1.9538904698741164] [-0.0008577346361472011, 0.007162241560443262]
	[-1.9538904698741164, -1.9538904698741164] [-0.0008577346361472011, 0.007162241560443262]
	[-2.421947086928443, -2.421947086928443] [-0.003996747614333581, 0.0060049497402980935]
	[-2.1659453311953545, -2.1659453311953545] [-0.002345952885153132, 0.006821284185315035]
	[-2.918936214695961, -2.918936214695961] [-0.006376275790872631, 0.003372909710460525]
	[-3.682004386860909, -3.682004386860909] [-0.00693941482211471, -0.0019692472680702057]
	[-3.542353306909675, -3.542353306909675] [-0.0071459715122062254, -0.0009841260198391205]
	[-3.2583385787061334, -3.2583385787061334] [-0.007135454765460632, 0.0010576852869603863]
	[-3.860636657384033, -3.860636657384033] [-0.0064790890437696515, -0.0031709333072600836]
	[-3.5324168597265437, -3.5324168597265437] [-0.007155397298872996, -0.0009130730373132004]
	[-3.5324168597265437, -3.5324168597265437] [-0.007155397298872996, -0.0009130730373132004]
	[-2.8871394886314126, -2.8871394886314126] [-0.0062658233384297254, 0.003573915327449249]
	[-3.2514815979877136, -3.2514815979877136] [-0.007128034547267781, 0.0011065877141665313]
	[-3.2514815979877136, -3.2514815979877136] [-0.007128034547267781, 0.0011065877141665313]
	[-3.2514815979877136, -3.2514815979877136] [-0.007128034547267781, 0.0011065877141665313]
	[-3.37968578896165, -3.37968578896165] [-0.007211016297372475, 0.00018616346369750586]
	[-3.0732539556073624, -3.0732539556073624] [-0.006818940538479625, 0.002352756427866366]
	[-2.97932382107869, -2.97932382107869] [-0.006568211432248984, 0.002981947594687247]
	[-2.8532903550654387, -2.8532903550654387] [-0.006141283266901011, 0.0037839202834981794]
	[-2.9442107962996267, -2.9442107962996267] [-0.006459479108311493, 0.0032106919075916745]
	[-2.9442107962996267, -2.9442107962996267] [-0.006459479108311493, 0.0032106919075916745]
	[-2.9442107962996267, -2.9442107962996267] [-0.006459479108311493, 0.0032106919075916745]
	[-3.7216235883099813, -3.7216235883099813] [-0.006855969605537083, -0.0022425640780452637]
	[-4.110733375631269, -4.110733375631269] [-0.005492716187750494, -0.0046758402193628245]
