source:
	0.24941373548203105,0.26072954983476304
target:
	0.07578948948978537,0.7714452957574364
points:
	[-0.13396463654866608, -0.13396463654866608] [-0.0024028198785963884, 0.004829498092348198]
	[-0.13396463654866608, -0.13396463654866608] [-0.0024028198785963884, 0.004829498092348198]
	[-0.13396463654866608, -0.13396463654866608] [-0.0024028198785963884, 0.004829498092348198]
	[-0.1014949398350565, -0.1014949398350565] [-0.002244768580216059, 0.004904957615948137]
	[-0.1014949398350565, -0.1014949398350565] [-0.002244768580216059, 0.004904957615948137]
	[-0.6913076862698072, -0.6913076862698072] [-0.00459366735103108, 0.002827687299020871]
	[-0.6913076862698072, -0.6913076862698072] [-0.00459366735103108, 0.002827687299020871]
	[-0.15289257229528574, -0.15289257229528574] [-0.0024937964375496263, 0.004783155289245546]
	[0.46942728538539324, 0.46942728538539324] [0.0007619246031335552, 0.005340137272777978]
	[0.46942728538539324, 0.46942728538539324] [0.0007619246031335552, 0.005340137272777978]
	[0.46942728538539324, 0.46942728538539324] [0.0007619246031335552, 0.005340137272777978]
	[0.01972702371202517, 0.01972702371202517] [-0.0016351621548363125, 0.0051404124270688556]
	[-0.6156727879885607, -0.6156727879885607] [-0.00436686627433598, 0.003166713459572849]
	[-0.6031212712387153, -0.6031212712387153] [-0.004326776286135931, 0.003221273375965569]
	[-0.6031212712387153, -0.6031212712387153] [-0.004326776286135931, 0.003221273375965569]
	[-0.6031212712387153, -0.6031212712387153] [-0.004326776286135931, 0.003221273375965569]
	[-0.6031212712387153, -0.6031212712387153] [-0.004326776286135931, 0.003221273375965569]
	[-0.6031212712387153, -0.6031212712387153] [-0.004326776286135931, 0.003221273375965569]
	[-0.6031212712387153, -0.6031212712387153] [-0.004326776286135931, 0.003221273375965569]
	[-0.8843533794606218, -0.8843533794606218] [-0.005050826261028902, 0.0018938715040555533]
	[-0.8843533794606218, -0.8843533794606218] [-0.005050826261028902, 0.0018938715040555533]
	[-0.27878734263350224, -0.27878734263350224] [-0.0030746446253252, 0.004432172787801904]
	[-0.27878734263350224, -0.27878734263350224] [-0.0030746446253252, 0.004432172787801904]
	[-0.27878734263350224, -0.27878734263350224] [-0.0030746446253252, 0.004432172787801904]
	[-0.34621044971576137, -0.34621044971576137] [-0.0033662633006441636, 0.004214957483025079]
	[0.26898727883709056, 0.26898727883709056] [-0.00031655409163277654, 0.005384922348562085]
	[-0.4090120278048905, -0.4090120278048905] [-0.003624159160707826, 0.003995380528914661]
	[-0.4090120278048905, -0.4090120278048905] [-0.003624159160707826, 0.003995380528914661]
	[-0.4090120278048905, -0.4090120278048905] [-0.003624159160707826, 0.003995380528914661]
	[0.14631263749965268, 0.14631263749965268] [-0.0009731129334967017, 0.005305718274808255]
	[0.14631263749965268, 0.14631263749965268] [-0.0009731129334967017, 0.005305718274808255]
	[-0.39242557956795904, -0.39242557956795904] [-0.003557394516626439, 0.0040549401285406165]
	[-0.023528668260251795, -0.023528668260251795] [-0.0018559154184817944, 0.005064896164030848]
	[-0.023528668260251795, -0.023528668260251795] [-0.0018559154184817944, 0.005064896164030848]
	[-0.16811883567213184, -0.16811883567213184] [-0.0025663341314931527, 0.004744631104575584]
	[-0.6613232586904642, -0.6613232586904642] [-0.0045068286200939545, 0.002964134103254249]
	[-0.4933955456728788, -0.4933955456728788] [-0.003948008057505702, 0.003675707764613898]
	[-0.4933955456728788, -0.4933955456728788] [-0.003948008057505702, 0.003675707764613898]
	[-0.4933955456728788, -0.4933955456728788] [-0.003948008057505702, 0.003675707764613898]
	[-0.06608560389091939, -0.06608560389091939] [-0.0020697164580952324, 0.004981352123275625]
	[-0.06608560389091939, -0.06608560389091939] [-0.0020697164580952324, 0.004981352123275625]
	[-0.06608560389091939, -0.06608560389091939] [-0.0020697164580952324, 0.004981352123275625]
	[0.30500365076593794, 0.30500365076593794] [-0.0001224453616360403, 0.005392828787045503]
