source:
	0.01962549835347993,0.6641758904355661
target:
	0.737714465889541,0.9206909420901418
points:
	[0.5231061716623675, 0.5231061716623675] [0.004939120003099793, 0.005809498024546964]
	[0.45334214429736464, 0.45334214429736464] [0.005332070777349044, 0.005451072823543632]
	[1.2018586718189261, 1.2018586718189261] [0.00019706267030473865, 0.007622751472152818]
	[1.3561401317176405, 1.3561401317176405] [-0.000976667236968749, 0.007562492632093429]
	[1.5746066009841226, 1.5746066009841226] [-0.0025924929882777765, 0.007171063645510766]
	[1.4849451846087163, 1.4849451846087163] [-0.0019399726403637719, 0.007374393524682257]
	[2.0509143678170307, 2.0509143678170307] [-0.005591872787814994, 0.005184219558152388]
	[1.951252772956505, 1.951252772956505] [-0.005048312594093171, 0.005714867772272239]
	[1.9221277036306554, 1.9221277036306554] [-0.004879749191017851, 0.005859455737096766]
	[1.5306288200418938, 1.5306288200418938] [-0.0022747205728426466, 0.0072781055239479735]
	[1.1909671813364058, 1.1909671813364058] [0.00028007246587247333, 0.007620153090069496]
	[1.1909671813364058, 1.1909671813364058] [0.00028007246587247333, 0.007620153090069496]
	[1.1909671813364058, 1.1909671813364058] [0.00028007246587247333, 0.007620153090069496]
	[0.9741954417581874, 0.9741954417581874] [0.0019124454854042869, 0.007381580180936351]
	[0.9741954417581874, 0.9741954417581874] [0.0019124454854042869, 0.007381580180936351]
	[1.56281282210537, 1.56281282210537] [-0.002507740712904539, 0.007201139508374811]
	[1.4355022737739813, 1.4355022737739813] [-0.0015731389487369507, 0.007461260453180976]
	[1.4355022737739813, 1.4355022737739813] [-0.0015731389487369507, 0.007461260453180976]
	[1.4355022737739813, 1.4355022737739813] [-0.0015731389487369507, 0.007461260453180976]
	[1.4355022737739813, 1.4355022737739813] [-0.0015731389487369507, 0.007461260453180976]
	[1.3513745466199614, 1.3513745466199614] [-0.0009406165807680682, 0.007567061130334535]
	[1.3513745466199614, 1.3513745466199614] [-0.0009406165807680682, 0.007567061130334535]
	[1.3513745466199614, 1.3513745466199614] [-0.0009406165807680682, 0.007567061130334535]
	[1.8464523876883263, 1.8464523876883263] [-0.0044227902348066735, 0.006211610116639188]
	[2.3126868244300884, 2.3126868244300884] [-0.006743013213481991, 0.0035604699837300767]
	[2.3126868244300884, 2.3126868244300884] [-0.006743013213481991, 0.0035604699837300767]
	[2.3126868244300884, 2.3126868244300884] [-0.006743013213481991, 0.0035604699837300767]
	[2.3171207320862934, 2.3171207320862934] [-0.0067587336747251025, 0.003530537185241432]
	[2.3171207320862934, 2.3171207320862934] [-0.0067587336747251025, 0.003530537185241432]
	[2.2992907240524953, 2.2992907240524953] [-0.006694713200365925, 0.0036504778957119864]
	[1.5524457994324856, 1.5524457994324856] [-0.0024329529148828166, 0.0072267498791779685]
	[1.6427606819031677, 1.6427606819031677] [-0.0030748332586131117, 0.006977863149558198]
	[1.793927953019712, 1.793927953019712] [-0.004090579489893411, 0.006435241498117919]
	[1.793927953019712, 1.793927953019712] [-0.004090579489893411, 0.006435241498117919]
	[2.285312044972069, 2.285312044972069] [-0.00664303192878439, 0.003743701443142432]
	[2.1034662729909885, 2.1034662729909885] [-0.0058564682514469805, 0.0048833342423009645]
	[1.6479194036441616, 1.6479194036441616] [-0.0031107890390171763, 0.006961908162060612]
	[1.6479194036441616, 1.6479194036441616] [-0.0031107890390171763, 0.006961908162060612]
	[1.2809185395426548, 1.2809185395426548] [-0.0004055789838956878, 0.007614504540024763]
	[1.2809185395426548, 1.2809185395426548] [-0.0004055789838956878, 0.007614504540024763]
	[1.2830548680869274, 1.2830548680869274] [-0.0004218451294109436, 0.007613620714812885]
	[1.4834872151219383, 1.4834872151219383] [-0.0019292189415550443, 0.007377214106814362]
	[1.9632653137976797, 1.9632653137976797] [-0.0051165967913291074, 0.005653813843521579]
	[1.9632653137976797, 1.9632653137976797] [-0.0051165967913291074, 0.005653813843521579]
	[2.153720512114848, 2.153720512114848] [-0.006094379549763273, 0.004582980646442095]
	[2.027101794984901, 2.027101794984901] [-0.005466849519446375, 0.0053158940954428835]
	[2.601745043111703, 2.601745043111703] [-0.007478174867195506, 0.0014906623889670832]
	[2.071771858967642, 2.071771858967642] [-0.005698778475583023, 0.005066467959877693]
	[2.734804141630224, 2.734804141630224] [-0.0076098344041481076, 0.0004853803082938143]
	[2.1014870857502976, 2.1014870857502976] [-0.00584679175450988, 0.004894915717520667]
	[2.1014870857502976, 2.1014870857502976] [-0.00584679175450988, 0.004894915717520667]
	[2.1014870857502976, 2.1014870857502976] [-0.00584679175450988, 0.004894915717520667]
	[1.3283680642381404, 1.3283680642381404] [-0.0007662915571346931, 0.007586696972444574]
	[0.6610415063036884, 0.6610415063036884] [0.004093411801996892, 0.00643344025553266]
	[1.0968568433233123, 1.0968568433233123] [0.0009949101841333582, 0.007560114247003369]
	[0.9842614968225633, 0.9842614968225633] [0.0018380464587433015, 0.007400456669539847]
	[0.7608214281811819, 0.7608214281811819] [0.0034321881116095867, 0.006809203952648312]
	[0.7608214281811819, 0.7608214281811819] [0.0034321881116095867, 0.006809203952648312]
	[0.7608214281811819, 0.7608214281811819] [0.0034321881116095867, 0.006809203952648312]
	[1.3760538649825689, 1.3760538649825689] [-0.0011270610992481533, 0.007541545397383558]
	[1.3760538649825689, 1.3760538649825689] [-0.0011270610992481533, 0.007541545397383558]
	[1.323036848863519, 1.323036848863519] [-0.0007258345434966871, 0.00759067440466936]
	[1.323036848863519, 1.323036848863519] [-0.0007258345434966871, 0.00759067440466936]
	[1.323036848863519, 1.323036848863519] [-0.0007258345434966871, 0.00759067440466936]
	[0.7653589133784138, 0.7653589133784138] [0.003401256223281645, 0.006824707305505744]
	[1.3507768911262623, 1.3507768911262623] [-0.0009360939173912047, 0.007567621943520881]
	[1.3507768911262623, 1.3507768911262623] [-0.0009360939173912047, 0.007567621943520881]
	[1.9655000754041088, 1.9655000754041088] [-0.005129218930374945, 0.005642365360956244]
	[1.8048496995229328, 1.8048496995229328] [-0.0041606181998956, 0.006390182305453663]
	[2.145410891739481, 2.145410891739481] [-0.0060560867520650236, 0.0046334638181060725]
	[1.9480808164506136, 1.9480808164506136] [-0.005030159916187157, 0.005730852023898331]
	[2.1330254064162033, 2.1330254064162033] [-0.005998236024490177, 0.00470811409130491]
	[1.8886453884677, 1.8886453884677] [-0.004680862698379382, 0.006019526401732621]
	[1.8886453884677, 1.8886453884677] [-0.004680862698379382, 0.006019526401732621]
	[2.350511814962821, 2.350511814962821] [-0.006872832705094068, 0.003302929655627705]
	[2.5297120456377264, 2.5297120456377264] [-0.007351498009129566, 0.0020250063515948814]
	[3.135504471336724, 3.135504471336724] [-0.0071963735998499465, -0.0025213846818005186]
	[3.135504471336724, 3.135504471336724] [-0.0071963735998499465, -0.0025213846818005186]
