source:
	0.41095532141999425,0.3316171318536507
target:
	0.9153512417394578,0.0031993798068412627
points:
	[-0.19876192489830333, -0.19876192489830333] [0.00559313253952243, -0.0022235590445893742]
	[-0.8667858533799787, -0.8667858533799787] [0.005768225575949105, 0.0017189881135151698]
	[-0.9031222312460216, -0.9031222312460216] [0.005701969949990207, 0.0019274037249233785]
	[-0.25681581181560975, -0.25681581181560975] [0.005712723796903352, -0.0018952923916203488]
	[-0.25681581181560975, -0.25681581181560975] [0.005712723796903352, -0.0018952923916203488]
	[-0.25681581181560975, -0.25681581181560975] [0.005712723796903352, -0.0018952923916203488]
	[-0.6815081868020563, -0.6815081868020563] [0.005986174238474108, 0.0006269484955470882]
	[-0.42825983353861735, -0.42825983353861735] [0.005952319121449065, -0.000892884934284172]
	[-0.8976163755637023, -0.8976163755637023] [0.005712495477311088, 0.0018959804458749563]
	[-0.8024110820817978, -0.8024110820817978] [0.005866860670546268, 0.0013443557199778733]
	[-0.8782439930962908, -0.8782439930962908] [0.005748150952915391, 0.0017849669610213298]
	[-1.3404156886225245, -1.3404156886225245] [0.0043491866738845945, 0.0041607597509522795]
	[-1.968795318607473, -1.968795318607473] [0.0010725708477261175, 0.005922578678755387]
	[-1.968795318607473, -1.968795318607473] [0.0010725708477261175, 0.005922578678755387]
	[-1.8866885581586155, -1.8866885581586155] [0.0015546950504085094, 0.00581465989802285]
	[-1.8866885581586155, -1.8866885581586155] [0.0015546950504085094, 0.00581465989802285]
	[-1.3579057186465948, -1.3579057186465948] [0.004275753377378434, 0.004236186903959354]
	[-1.9316054033957173, -1.9316054033957173] [0.0012920386314528704, 0.005878603797184602]
	[-2.500438887386763, -2.500438887386763] [-0.0020779263619024966, 0.005648855500360272]
	[-2.9633998030787025, -2.9633998030787025] [-0.004381966401354349, 0.004126223077687565]
	[-3.4707784838296423, -3.4707784838296423] [-0.005834813006560522, 0.0014772622001229122]
	[-3.5986149520807533, -3.5986149520807533] [-0.005975535206518964, 0.0007213358615043292]
	[-3.5986149520807533, -3.5986149520807533] [-0.005975535206518964, 0.0007213358615043292]
	[-3.327169715409122, -3.327169715409122] [-0.00556332991763185, 0.002297108325051785]
	[-2.7203383141222326, -2.7203383141222326] [-0.0032600818025290356, 0.005059566490348641]
	[-2.569360303653623, -2.569360303653623] [-0.0024620120389447463, 0.005492344048721908]
	[-2.569360303653623, -2.569360303653623] [-0.0024620120389447463, 0.005492344048721908]
	[-2.370976630109641, -2.370976630109641] [-0.0013312647176126353, 0.005869845030414311]
	[-3.126066750462752, -3.126066750462752] [-0.004992363509460994, 0.00336209057267084]
	[-3.126066750462752, -3.126066750462752] [-0.004992363509460994, 0.00336209057267084]
	[-2.9140608026868935, -2.9140608026868935] [-0.004173132758326422, 0.004337315922413623]
	[-3.0703820529474024, -3.0703820529474024] [-0.004797505126744048, 0.0036347339638967266]
	[-3.4346146780954485, -3.4346146780954485] [-0.005777586198056023, 0.001687259361649055]
	[-3.1309586152789675, -3.1309586152789675] [-0.005008750602083409, 0.0033376284747660147]
	[-3.4266165841633436, -3.4266165841633436] [-0.005763906689385887, 0.0017334145798084356]
	[-3.1598687916078365, -3.1598687916078365] [-0.00510313558231853, 0.0031914500870159875]
	[-3.1598687916078365, -3.1598687916078365] [-0.00510313558231853, 0.0031914500870159875]
	[-2.765920579706239, -2.765920579706239] [-0.0034872422309648278, 0.004905760700647278]
	[-2.62944425686768, -2.62944425686768] [-0.002787372566919565, 0.005334594699002358]
	[-2.784237083556294, -2.784237083556294] [-0.0035765086328113046, 0.004841067282001568]
	[-2.970645406846981, -2.970645406846981] [-0.004411748093814442, 0.00409436505287016]
	[-2.970645406846981, -2.970645406846981] [-0.004411748093814442, 0.00409436505287016]
	[-2.4461121057730297, -2.4461121057730297] [-0.001768127515762855, 0.005753353067337525]
	[-2.438551829503057, -2.438551829503057] [-0.0017245804605799389, 0.005766556048841085]
	[-2.1343848413142554, -2.1343848413142554] [8.16582716223213e-05, 0.0060183617668029465]
	[-1.4608940693515435, -1.4608940693515435] [0.003817590735319273, 0.0046533157433215604]
	[-0.9771643156439698, -0.9771643156439698] [0.005543768701988326, 0.002343922995384981]
	[-0.513665293735903, -0.513665293735903] [0.00600678850791287, -0.0003818877461319126]
	[-0.09289826417198477, -0.09289826417198477] [0.005326865695167262, -0.0028021149682141942]
	[-0.09289826417198477, -0.09289826417198477] [0.005326865695167262, -0.0028021149682141942]
	[-0.234667552334091, -0.234667552334091] [0.005669348683201467, -0.0020213440918660083]
	[0.5483270623609612, 0.5483270623609612] [0.0025925921574986212, -0.0054319252879910344]
	[0.5483270623609612, 0.5483270623609612] [0.0025925921574986212, -0.0054319252879910344]
	[0.5483270623609612, 0.5483270623609612] [0.0025925921574986212, -0.0054319252879910344]
	[0.5483270623609612, 0.5483270623609612] [0.0025925921574986212, -0.0054319252879910344]
	[0.5483270623609612, 0.5483270623609612] [0.0025925921574986212, -0.0054319252879910344]
	[0.07648226596693031, 0.07648226596693031] [0.0047782774522203185, -0.00365997418283828]
	[0.07648226596693031, 0.07648226596693031] [0.0047782774522203185, -0.00365997418283828]
