source:
	0.05924705522638607,0.39184605260508865
target:
	0.8040762442908708,0.8987175777304443
points:
	[0, 0] [0.007448291890644847, 0.005068715251253556]
	[0, 0] [0.007448291890644847, 0.005068715251253556]
	[0, 0] [0.007448291890644847, 0.005068715251253556]
	[0.19285942966294084, 0.19285942966294084] [0.006338701153894368, 0.006402327238446532]
	[0.19285942966294084, 0.19285942966294084] [0.006338701153894368, 0.006402327238446532]
	[0.19285942966294084, 0.19285942966294084] [0.006338701153894368, 0.006402327238446532]
	[0.19285942966294084, 0.19285942966294084] [0.006338701153894368, 0.006402327238446532]
	[-0.20750377712290252, -0.20750377712290252] [0.00833275876045108, 0.0034255011059204127]
	[-0.20750377712290252, -0.20750377712290252] [0.00833275876045108, 0.0034255011059204127]
	[0.07128566437809469, 0.07128566437809469] [0.007068354322681335, 0.005586348857309957]
	[0.07128566437809469, 0.07128566437809469] [0.007068354322681335, 0.005586348857309957]
	[0.07128566437809469, 0.07128566437809469] [0.007068354322681335, 0.005586348857309957]
	[-0.28258228025655113, -0.28258228025655113] [0.008566224770197368, 0.0027908277576721248]
	[-0.28258228025655113, -0.28258228025655113] [0.008566224770197368, 0.0027908277576721248]
	[-0.44137096840494167, -0.44137096840494167] [0.008899749712789526, 0.0014012071353796864]
	[-0.46405548447358197, -0.46405548447358197] [0.008929242941792395, 0.0011989774280556386]
	[-0.46405548447358197, -0.46405548447358197] [0.008929242941792395, 0.0011989774280556386]
	[-0.46405548447358197, -0.46405548447358197] [0.008929242941792395, 0.0011989774280556386]
	[-0.46405548447358197, -0.46405548447358197] [0.008929242941792395, 0.0011989774280556386]
	[-0.46405548447358197, -0.46405548447358197] [0.008929242941792395, 0.0011989774280556386]
	[-0.6988231196691841, -0.6988231196691841] [0.008963202229783763, -0.0009110061330943805]
	[-1.2678494041567225, -1.2678494041567225] [0.007059973761595165, -0.005596936382711886]
	[-1.8705264651444953, -1.8705264651444953] [0.0026435322396891354, -0.008612819729000505]
	[-1.7562302773853606, -1.7562302773853606] [0.003608554509583629, -0.008255135416084938]
	[-1.7562302773853606, -1.7562302773853606] [0.003608554509583629, -0.008255135416084938]
	[-1.7562302773853606, -1.7562302773853606] [0.003608554509583629, -0.008255135416084938]
	[-1.136440261457944, -1.136440261457944] [0.007732477994148437, -0.00462360362234333]
	[-1.655004711933893, -1.655004711933893] [0.0044242869728971365, -0.007848223440243586]
	[-1.655004711933893, -1.655004711933893] [0.0044242869728971365, -0.007848223440243586]
	[-1.9748363438835428, -1.9748363438835428] [0.0017323898489416637, -0.00884125284096208]
	[-1.9748363438835428, -1.9748363438835428] [0.0017323898489416637, -0.00884125284096208]
	[-1.9748363438835428, -1.9748363438835428] [0.0017323898489416637, -0.00884125284096208]
	[-1.9748363438835428, -1.9748363438835428] [0.0017323898489416637, -0.00884125284096208]
	[-1.9748363438835428, -1.9748363438835428] [0.0017323898489416637, -0.00884125284096208]
	[-2.7530764944527144, -2.7530764944527144] [-0.00497307863345068, -0.007512483962848274]
	[-2.7530764944527144, -2.7530764944527144] [-0.00497307863345068, -0.007512483962848274]
	[-2.7530764944527144, -2.7530764944527144] [-0.00497307863345068, -0.007512483962848274]
	[-2.7530764944527144, -2.7530764944527144] [-0.00497307863345068, -0.007512483962848274]
	[-3.4027776766378834, -3.4027776766378834] [-0.008504552350935541, -0.002973468630527811]
	[-2.9563717260192797, -2.9563717260192797] [-0.006387419948043331, -0.00635372275078747]
	[-3.0159870373017226, -3.0159870373017226] [-0.006754627747674822, -0.00596187305944009]
	[-3.1577745631809084, -3.1577745631809084] [-0.0075293346410482695, -0.004947529307608666]
	[-3.1577745631809084, -3.1577745631809084] [-0.0075293346410482695, -0.004947529307608666]
	[-2.4575325411303, -2.4575325411303] [-0.00256937704633441, -0.00863523178497868]
	[-2.5955492883879354, -2.5955492883879354] [-0.0037329708132310437, -0.008199625314250728]
	[-2.262423620274256, -2.262423620274256] [-0.0008464854585488352, -0.008969525559080678]
	[-2.262423620274256, -2.262423620274256] [-0.0008464854585488352, -0.008969525559080678]
	[-2.262423620274256, -2.262423620274256] [-0.0008464854585488352, -0.008969525559080678]
	[-2.0501328026169627, -2.0501328026169627] [0.0010623950710341458, -0.008946521284811128]
	[-2.0501328026169627, -2.0501328026169627] [0.0010623950710341458, -0.008946521284811128]
	[-2.0501328026169627, -2.0501328026169627] [0.0010623950710341458, -0.008946521284811128]
	[-2.0501328026169627, -2.0501328026169627] [0.0010623950710341458, -0.008946521284811128]
	[-2.0501328026169627, -2.0501328026169627] [0.0010623950710341458, -0.008946521284811128]
	[-2.0501328026169627, -2.0501328026169627] [0.0010623950710341458, -0.008946521284811128]
	[-2.4036624265291753, -2.4036624265291753] [-0.002100693828721346, -0.008761050840196526]
	[-2.1410501552734535, -2.1410501552734535] [0.0002457333218718855, -0.009006028065748963]
	[-2.1410501552734535, -2.1410501552734535] [0.0002457333218718855, -0.009006028065748963]
	[-2.1410501552734535, -2.1410501552734535] [0.0002457333218718855, -0.009006028065748963]
	[-2.1410501552734535, -2.1410501552734535] [0.0002457333218718855, -0.009006028065748963]
	[-2.1410501552734535, -2.1410501552734535] [0.0002457333218718855, -0.009006028065748963]
	[-2.1410501552734535, -2.1410501552734535] [0.0002457333218718855, -0.009006028065748963]
	[-2.1410501552734535, -2.1410501552734535] [0.0002457333218718855, -0.009006028065748963]
	[-2.1410501552734535, -2.1410501552734535] [0.0002457333218718855, -0.009006028065748963]
	[-2.1410501552734535, -2.1410501552734535] [0.0002457333218718855, -0.009006028065748963]
	[-2.1410501552734535, -2.1410501552734535] [0.0002457333218718855, -0.009006028065748963]
	[-2.1410501552734535, -2.1410501552734535] [0.0002457333218718855, -0.009006028065748963]
	[-2.1410501552734535, -2.1410501552734535] [0.0002457333218718855, -0.009006028065748963]
	[-2.1410501552734535, -2.1410501552734535] [0.0002457333218718855, -0.009006028065748963]
	[-2.1410501552734535, -2.1410501552734535] [0.0002457333218718855, -0.009006028065748963]
	[-2.1410501552734535, -2.1410501552734535] [0.0002457333218718855, -0.009006028065748963]
	[-2.1410501552734535, -2.1410501552734535] [0.0002457333218718855, -0.009006028065748963]
	[-2.1410501552734535, -2.1410501552734535] [0.0002457333218718855, -0.009006028065748963]
	[-2.1410501552734535, -2.1410501552734535] [0.0002457333218718855, -0.009006028065748963]
	[-2.2573037205589603, -2.2573037205589603] [-0.0008005514932300618, -0.008973741900301306]
	[-2.2573037205589603, -2.2573037205589603] [-0.0008005514932300618, -0.008973741900301306]
	[-2.2573037205589603, -2.2573037205589603] [-0.0008005514932300618, -0.008973741900301306]
	[-2.2573037205589603, -2.2573037205589603] [-0.0008005514932300618, -0.008973741900301306]
	[-2.2573037205589603, -2.2573037205589603] [-0.0008005514932300618, -0.008973741900301306]
	[-2.2573037205589603, -2.2573037205589603] [-0.0008005514932300618, -0.008973741900301306]
	[-2.2573037205589603, -2.2573037205589603] [-0.0008005514932300618, -0.008973741900301306]
	[-2.2573037205589603, -2.2573037205589603] [-0.0008005514932300618, -0.008973741900301306]
	[-2.2573037205589603, -2.2573037205589603] [-0.0008005514932300618, -0.008973741900301306]
	[-2.2573037205589603, -2.2573037205589603] [-0.0008005514932300618, -0.008973741900301306]
	[-2.2573037205589603, -2.2573037205589603] [-0.0008005514932300618, -0.008973741900301306]
	[-2.1572754663940445, -2.1572754663940445] [9.95817807259346e-05, -0.009008829549696434]
	[-2.1572754663940445, -2.1572754663940445] [9.95817807259346e-05, -0.009008829549696434]
	[-2.1572754663940445, -2.1572754663940445] [9.95817807259346e-05, -0.009008829549696434]
	[-2.1572754663940445, -2.1572754663940445] [9.95817807259346e-05, -0.009008829549696434]
	[-2.1572754663940445, -2.1572754663940445] [9.95817807259346e-05, -0.009008829549696434]
	[-2.1572754663940445, -2.1572754663940445] [9.95817807259346e-05, -0.009008829549696434]
	[-2.1572754663940445, -2.1572754663940445] [9.95817807259346e-05, -0.009008829549696434]
