source:
	0.6900392826378893,0.05530874730237101
target:
	0.05659300844567228,0.2444940439027622
points:
	[-0.4112018240518581, -0.4112018240518581] [-0.006562623838795079, -0.0007978058813122921]
	[-0.4112018240518581, -0.4112018240518581] [-0.006562623838795079, -0.0007978058813122921]
	[-0.4112018240518581, -0.4112018240518581] [-0.006562623838795079, -0.0007978058813122921]
	[-0.05153116316810313, -0.05153116316810313] [-0.006423500387286003, 0.0015630638657183858]
	[0.4688220220991687, 0.4688220220991687] [-0.004796174803071109, 0.004549860781624394]
	[0.4688220220991687, 0.4688220220991687] [-0.004796174803071109, 0.004549860781624394]
	[-0.057299318765374196, -0.057299318765374196] [-0.006432409473043429, 0.0015259863187063916]
	[-0.057299318765374196, -0.057299318765374196] [-0.006432409473043429, 0.0015259863187063916]
	[-0.057299318765374196, -0.057299318765374196] [-0.006432409473043429, 0.0015259863187063916]
	[-0.7668215561755269, -0.7668215561755269] [-0.005874233163250317, -0.0030328057335655533]
	[-0.5325668956667078, -0.5325668956667078] [-0.0064177628708127115, -0.001586456935373827]
	[-0.5325668956667078, -0.5325668956667078] [-0.0064177628708127115, -0.001586456935373827]
	[-0.5325668956667078, -0.5325668956667078] [-0.0064177628708127115, -0.001586456935373827]
	[-0.5325668956667078, -0.5325668956667078] [-0.0064177628708127115, -0.001586456935373827]
	[0.09410653104305222, 0.09410653104305222] [-0.006128661256704564, 0.002478716820120114]
	[0.8472635428884068, 0.8472635428884068] [-0.0027757556330945876, 0.005999975544876962]
	[0.8472635428884068, 0.8472635428884068] [-0.0027757556330945876, 0.005999975544876962]
	[0.8472635428884068, 0.8472635428884068] [-0.0027757556330945876, 0.005999975544876962]
	[0.8472635428884068, 0.8472635428884068] [-0.0027757556330945876, 0.005999975544876962]
	[1.0502948018102563, 1.0502948018102563] [-0.0015089106546796308, 0.006436436476030213]
	[1.112029579845154, 1.112029579845154] [-0.0011089365721573357, 0.006517268258458437]
	[1.112029579845154, 1.112029579845154] [-0.0011089365721573357, 0.006517268258458437]
	[1.112029579845154, 1.112029579845154] [-0.0011089365721573357, 0.006517268258458437]
	[1.112029579845154, 1.112029579845154] [-0.0011089365721573357, 0.006517268258458437]
	[1.2947258563519743, 1.2947258563519743] [9.358695825042119e-05, 0.006610277403787481]
	[1.2947258563519743, 1.2947258563519743] [9.358695825042119e-05, 0.006610277403787481]
	[1.2947258563519743, 1.2947258563519743] [9.358695825042119e-05, 0.006610277403787481]
	[1.2947258563519743, 1.2947258563519743] [9.358695825042119e-05, 0.006610277403787481]
	[1.2947258563519743, 1.2947258563519743] [9.358695825042119e-05, 0.006610277403787481]
	[2.0597721377164406, 2.0597721377164406] [0.004645591343297389, 0.004703510066414049]
	[2.0597721377164406, 2.0597721377164406] [0.004645591343297389, 0.004703510066414049]
	[1.6471921534245824, 1.6471921534245824] [0.0023697908482744417, 0.006171597622108285]
	[1.6471921534245824, 1.6471921534245824] [0.0023697908482744417, 0.006171597622108285]
	[1.6471921534245824, 1.6471921534245824] [0.0023697908482744417, 0.006171597622108285]
	[1.6471921534245824, 1.6471921534245824] [0.0023697908482744417, 0.006171597622108285]
	[1.6471921534245824, 1.6471921534245824] [0.0023697908482744417, 0.006171597622108285]
	[2.114747215124158, 2.114747215124158] [0.004897018623199614, 0.00444114112338418]
	[2.114747215124158, 2.114747215124158] [0.004897018623199614, 0.00444114112338418]
	[1.9008797470448748, 1.9008797470448748] [0.0038428602602766353, 0.005379307659333543]
	[1.9008797470448748, 1.9008797470448748] [0.0038428602602766353, 0.005379307659333543]
	[1.9008797470448748, 1.9008797470448748] [0.0038428602602766353, 0.005379307659333543]
	[1.9008797470448748, 1.9008797470448748] [0.0038428602602766353, 0.005379307659333543]
	[1.9008797470448748, 1.9008797470448748] [0.0038428602602766353, 0.005379307659333543]
	[1.9008797470448748, 1.9008797470448748] [0.0038428602602766353, 0.005379307659333543]
	[1.9008797470448748, 1.9008797470448748] [0.0038428602602766353, 0.005379307659333543]
	[1.9008797470448748, 1.9008797470448748] [0.0038428602602766353, 0.005379307659333543]
	[2.0697197986601163, 2.0697197986601163] [0.00469214964243721, 0.00465706534276193]
	[2.0697197986601163, 2.0697197986601163] [0.00469214964243721, 0.00465706534276193]
	[2.5380293478549505, 2.5380293478549505] [0.006289057177715719, 0.002037715801872363]
	[2.5380293478549505, 2.5380293478549505] [0.006289057177715719, 0.002037715801872363]
	[2.9115923288723127, 2.9115923288723127] [0.006598953585516248, -0.0003979163856643587]
	[2.507649678842795, 2.507649678842795] [0.006224259629352606, 0.002227805633395629]
	[2.507649678842795, 2.507649678842795] [0.006224259629352606, 0.002227805633395629]
	[2.507649678842795, 2.507649678842795] [0.006224259629352606, 0.002227805633395629]
	[2.507649678842795, 2.507649678842795] [0.006224259629352606, 0.002227805633395629]
	[2.6526025665838473, 2.6526025665838473] [0.00648078121990533, 0.0013053737600780518]
	[2.2181898784890417, 2.2181898784890417] [0.005329426591474752, 0.003911743611212236]
	[2.2181898784890417, 2.2181898784890417] [0.005329426591474752, 0.003911743611212236]
	[2.2181898784890417, 2.2181898784890417] [0.005329426591474752, 0.003911743611212236]
	[2.2815051651382703, 2.2815051651382703] [0.005566255510426985, 0.0035666967163496197]
	[1.7196694962596628, 1.7196694962596628] [0.002810478848081963, 0.00598378931098529]
	[1.7196694962596628, 1.7196694962596628] [0.002810478848081963, 0.00598378931098529]
