source:
	0.9425412775922272,0.12510904613596996
target:
	0.12602442144609738,0.967814501260063
points:
	[-0.0787851769306324, -0.0787851769306324] [-0.00880308099394445, 0.007758285317047859]
	[-0.0787851769306324, -0.0787851769306324] [-0.00880308099394445, 0.007758285317047859]
	[-0.0787851769306324, -0.0787851769306324] [-0.00880308099394445, 0.007758285317047859]
	[-0.0787851769306324, -0.0787851769306324] [-0.00880308099394445, 0.007758285317047859]
	[-0.0787851769306324, -0.0787851769306324] [-0.00880308099394445, 0.007758285317047859]
	[-0.0787851769306324, -0.0787851769306324] [-0.00880308099394445, 0.007758285317047859]
	[-0.0787851769306324, -0.0787851769306324] [-0.00880308099394445, 0.007758285317047859]
	[0.281253667272502, 0.281253667272502] [-0.005505329019367047, 0.010362267050948913]
	[0.281253667272502, 0.281253667272502] [-0.005505329019367047, 0.010362267050948913]
	[-0.43339603714298336, -0.43339603714298336] [-0.010949242289610932, 0.004218923954050603]
	[0.33320645480887456, 0.33320645480887456] [-0.004959794479478132, 0.010634174381116976]
	[0.33320645480887456, 0.33320645480887456] [-0.004959794479478132, 0.010634174381116976]
	[0.33320645480887456, 0.33320645480887456] [-0.004959794479478132, 0.010634174381116976]
	[0.33320645480887456, 0.33320645480887456] [-0.004959794479478132, 0.010634174381116976]
	[0.33320645480887456, 0.33320645480887456] [-0.004959794479478132, 0.010634174381116976]
	[0.33320645480887456, 0.33320645480887456] [-0.004959794479478132, 0.010634174381116976]
	[0.33320645480887456, 0.33320645480887456] [-0.004959794479478132, 0.010634174381116976]
	[0.33320645480887456, 0.33320645480887456] [-0.004959794479478132, 0.010634174381116976]
	[0.03136189423741187, 0.03136189423741187] [-0.007896908318233184, 0.008678943775603453]
	[-0.20642535056827557, -0.20642535056827557] [-0.009719050502446407, 0.006574593780421923]
	[-0.20642535056827557, -0.20642535056827557] [-0.009719050502446407, 0.006574593780421923]
	[-0.20642535056827557, -0.20642535056827557] [-0.009719050502446407, 0.006574593780421923]
	[-0.20642535056827557, -0.20642535056827557] [-0.009719050502446407, 0.006574593780421923]
	[-0.47336146513866995, -0.47336146513866995] [-0.011109065414368988, 0.0037780804207874098]
	[-0.47336146513866995, -0.47336146513866995] [-0.011109065414368988, 0.0037780804207874098]
	[-0.9504352457104313, -0.9504352457104313] [-0.011603478967082281, -0.001744850110223086]
	[-0.9504352457104313, -0.9504352457104313] [-0.011603478967082281, -0.001744850110223086]
	[-1.0761278991980527, -1.0761278991980527] [-0.011293202149838161, -0.003185719895024844]
	[-1.0761278991980527, -1.0761278991980527] [-0.011293202149838161, -0.003185719895024844]
	[-1.395402478335413, -1.395402478335413] [-0.009722554659062308, -0.006569410700223591]
	[-1.395402478335413, -1.395402478335413] [-0.009722554659062308, -0.006569410700223591]
	[-1.395402478335413, -1.395402478335413] [-0.009722554659062308, -0.006569410700223591]
	[-1.395402478335413, -1.395402478335413] [-0.009722554659062308, -0.006569410700223591]
	[-1.395402478335413, -1.395402478335413] [-0.009722554659062308, -0.006569410700223591]
	[-1.395402478335413, -1.395402478335413] [-0.009722554659062308, -0.006569410700223591]
	[-1.8754455433768467, -1.8754455433768467] [-0.005589795267482495, -0.010316947945700643]
	[-1.8754455433768467, -1.8754455433768467] [-0.005589795267482495, -0.010316947945700643]
	[-1.8754455433768467, -1.8754455433768467] [-0.005589795267482495, -0.010316947945700643]
	[-1.530737192755613, -1.530737192755613] [-0.008747295970901412, -0.00782112774758975]
	[-2.185784577546929, -2.185784577546929] [-0.002172166287841997, -0.011531128291048935]
	[-2.185784577546929, -2.185784577546929] [-0.002172166287841997, -0.011531128291048935]
	[-2.185784577546929, -2.185784577546929] [-0.002172166287841997, -0.011531128291048935]
	[-2.5237790686404424, -2.5237790686404424] [0.0017744042342673358, -0.011598996321237478]
	[-2.5237790686404424, -2.5237790686404424] [0.0017744042342673358, -0.011598996321237478]
	[-3.1238892294901466, -3.1238892294901466] [0.008014709139236608, -0.008570277910319104]
	[-3.1238892294901466, -3.1238892294901466] [0.008014709139236608, -0.008570277910319104]
	[-3.1238892294901466, -3.1238892294901466] [0.008014709139236608, -0.008570277910319104]
	[-3.5808644802145206, -3.5808644802145206] [0.010973842645747205, -0.0041545160528088446]
	[-3.7286685414030902, -3.7286685414030902] [0.01146601421037518, -0.0024931394213202006]
	[-3.7286685414030902, -3.7286685414030902] [0.01146601421037518, -0.0024931394213202006]
	[-3.7286685414030902, -3.7286685414030902] [0.01146601421037518, -0.0024931394213202006]
	[-3.7286685414030902, -3.7286685414030902] [0.01146601421037518, -0.0024931394213202006]
	[-3.7286685414030902, -3.7286685414030902] [0.01146601421037518, -0.0024931394213202006]
	[-3.8080447932037367, -3.8080447932037367] [0.011627600165984837, -0.00157611561335322]
	[-3.5059049427167426, -3.5059049427167426] [0.010631897398184193, -0.004964673580523756]
	[-3.9576091753105787, -3.9576091753105787] [0.011732643468620504, 0.00017407838723688024]
	[-4.482300370904825, -4.482300370904825] [0.01006714891779239, 0.006028079189398386]
	[-4.482300370904825, -4.482300370904825] [0.01006714891779239, 0.006028079189398386]
	[-4.678738128421904, -4.678738128421904] [0.008696996713216637, 0.007877021912941809]
	[-4.678738128421904, -4.678738128421904] [0.008696996713216637, 0.007877021912941809]
	[-4.678738128421904, -4.678738128421904] [0.008696996713216637, 0.007877021912941809]
	[-4.678738128421904, -4.678738128421904] [0.008696996713216637, 0.007877021912941809]
	[-4.678738128421904, -4.678738128421904] [0.008696996713216637, 0.007877021912941809]
	[-4.678738128421904, -4.678738128421904] [0.008696996713216637, 0.007877021912941809]
	[-4.678738128421904, -4.678738128421904] [0.008696996713216637, 0.007877021912941809]
	[-4.678738128421904, -4.678738128421904] [0.008696996713216637, 0.007877021912941809]
	[-4.678738128421904, -4.678738128421904] [0.008696996713216637, 0.007877021912941809]
	[-4.678738128421904, -4.678738128421904] [0.008696996713216637, 0.007877021912941809]
	[-4.678738128421904, -4.678738128421904] [0.008696996713216637, 0.007877021912941809]
	[-4.678738128421904, -4.678738128421904] [0.008696996713216637, 0.007877021912941809]
	[-3.950953130173509, -3.950953130173509] [0.011733542239345994, 9.59821032785642e-05]
	[-3.4857433909215616, -3.4857433909215616] [0.010529647858714504, -0.005178005602366173]
	[-3.4857433909215616, -3.4857433909215616] [0.010529647858714504, -0.005178005602366173]
	[-3.440920109290141, -3.440920109290141] [0.010287054438810887, -0.005644620183821727]
	[-3.119163884288184, -3.119163884288184] [0.007974122288742223, -0.00860805435454789]
	[-3.119163884288184, -3.119163884288184] [0.007974122288742223, -0.00860805435454789]
	[-3.119163884288184, -3.119163884288184] [0.007974122288742223, -0.00860805435454789]
	[-3.119163884288184, -3.119163884288184] [0.007974122288742223, -0.00860805435454789]
	[-3.119163884288184, -3.119163884288184] [0.007974122288742223, -0.00860805435454789]
	[-3.119163884288184, -3.119163884288184] [0.007974122288742223, -0.00860805435454789]
	[-3.7814609670655184, -3.7814609670655184] [0.011581597547926224, -0.0018846284208128847]
	[-3.7814609670655184, -3.7814609670655184] [0.011581597547926224, -0.0018846284208128847]
	[-3.7814609670655184, -3.7814609670655184] [0.011581597547926224, -0.0018846284208128847]
	[-4.011852397592963, -4.011852397592963] [0.011705949119808299, 0.0008099266949086926]
	[-4.011852397592963, -4.011852397592963] [0.011705949119808299, 0.0008099266949086926]
	[-4.066102723794984, -4.066102723794984] [0.01164481022920777, 0.0014434752413548643]
	[-4.066102723794984, -4.066102723794984] [0.01164481022920777, 0.0014434752413548643]
	[-4.066102723794984, -4.066102723794984] [0.01164481022920777, 0.0014434752413548643]
	[-4.066102723794984, -4.066102723794984] [0.01164481022920777, 0.0014434752413548643]
	[-4.407929094279677, -4.407929094279677] [0.010487223391017498, 0.005263399243223133]
	[-3.9233666681088013, -3.9233666681088013] [0.011731725304866863, -0.00022770028066063756]
	[-4.233442575836827, -4.233442575836827] [0.01124172254214047, 0.003362870846791058]
	[-4.10119671961749, -4.10119671961749] [0.011586993241134933, 0.0018511654914025878]
	[-4.10119671961749, -4.10119671961749] [0.011586993241134933, 0.0018511654914025878]
	[-4.10119671961749, -4.10119671961749] [0.011586993241134933, 0.0018511654914025878]
	[-4.10119671961749, -4.10119671961749] [0.011586993241134933, 0.0018511654914025878]
	[-4.498489276997789, -4.498489276997789] [0.009968245998665401, 0.006190258294833716]
	[-4.498489276997789, -4.498489276997789] [0.009968245998665401, 0.006190258294833716]
	[-4.498489276997789, -4.498489276997789] [0.009968245998665401, 0.006190258294833716]
	[-3.828292141361164, -3.828292141361164] [0.011657126831549076, -0.0013403805727646798]
	[-3.828292141361164, -3.828292141361164] [0.011657126831549076, -0.0013403805727646798]
	[-3.828292141361164, -3.828292141361164] [0.011657126831549076, -0.0013403805727646798]
	[-3.828292141361164, -3.828292141361164] [0.011657126831549076, -0.0013403805727646798]
	[-3.828292141361164, -3.828292141361164] [0.011657126831549076, -0.0013403805727646798]
	[-3.061872435662133, -3.061872435662133] [0.00746814093714824, -0.009050530204886177]
	[-2.2910711569022237, -2.2910711569022237] [-0.0009483066439107915, -0.011695552169768688]
	[-2.56201426125329, -2.56201426125329] [0.0022164891727613927, -0.011522690735835006]
	[-2.56201426125329, -2.56201426125329] [0.0022164891727613927, -0.011522690735835006]
	[-2.302331462039054, -2.302331462039054] [-0.000816553821376345, -0.011705488708441954]
	[-2.089672214781345, -2.089672214781345] [-0.003268719683800183, -0.011269458623882678]
	[-2.089672214781345, -2.089672214781345] [-0.003268719683800183, -0.011269458623882678]
	[-2.089672214781345, -2.089672214781345] [-0.003268719683800183, -0.011269458623882678]
	[-1.5148536359455318, -1.5148536359455318] [-0.008870414681387372, -0.007681208851925183]
	[-0.8867661132183048, -0.8867661132183048] [-0.011690986111265018, -0.0010030303050630337]
