source:
	0.29790697238443387,0.23255137130782977
target:
	0.6872280967835815,0.7846873303179269
points:
	[0, 0] [0.0038932112439914774, 0.005521359590100972]
	[0, 0] [0.0038932112439914774, 0.005521359590100972]
	[0, 0] [0.0038932112439914774, 0.005521359590100972]
	[0, 0] [0.0038932112439914774, 0.005521359590100972]
	[0, 0] [0.0038932112439914774, 0.005521359590100972]
	[0, 0] [0.0038932112439914774, 0.005521359590100972]
	[0, 0] [0.0038932112439914774, 0.005521359590100972]
	[0, 0] [0.0038932112439914774, 0.005521359590100972]
	[0, 0] [0.0038932112439914774, 0.005521359590100972]
	[0.1894828671582241, 0.1894828671582241] [0.00278357581143713, 0.00615582741924461]
	[0.1894828671582241, 0.1894828671582241] [0.00278357581143713, 0.00615582741924461]
	[0.1894828671582241, 0.1894828671582241] [0.00278357581143713, 0.00615582741924461]
	[0.1894828671582241, 0.1894828671582241] [0.00278357581143713, 0.00615582741924461]
	[0.1894828671582241, 0.1894828671582241] [0.00278357581143713, 0.00615582741924461]
	[0.03179210796808865, 0.03179210796808865] [0.003715737809565156, 0.005642322043636784]
	[0.37366857546228427, 0.37366857546228427] [0.0016090779701792564, 0.0065615069610132585]
	[1.0030147454430276, 1.0030147454430276] [-0.0025614112745247666, 0.006251534035441145]
	[1.0030147454430276, 1.0030147454430276] [-0.0025614112745247666, 0.006251534035441145]
	[1.0030147454430276, 1.0030147454430276] [-0.0025614112745247666, 0.006251534035441145]
	[0.7328858232089839, 0.7328858232089839] [-0.0008002681352909376, 0.006708358698309118]
	[0.7328858232089839, 0.7328858232089839] [-0.0008002681352909376, 0.006708358698309118]
	[0.45994858458319393, 0.45994858458319393] [0.0010376677589473621, 0.0066757584689369045]
	[0.45994858458319393, 0.45994858458319393] [0.0010376677589473621, 0.0066757584689369045]
	[1.0399875601704318, 1.0399875601704318] [-0.002790744916400292, 0.006152580623212309]
	[1.0399875601704318, 1.0399875601704318] [-0.002790744916400292, 0.006152580623212309]
	[1.6060014059886814, 1.6060014059886814] [-0.005654970863340056, 0.0036964591230414894]
	[1.6060014059886814, 1.6060014059886814] [-0.005654970863340056, 0.0036964591230414894]
	[1.6060014059886814, 1.6060014059886814] [-0.005654970863340056, 0.0036964591230414894]
	[1.6060014059886814, 1.6060014059886814] [-0.005654970863340056, 0.0036964591230414894]
	[1.6060014059886814, 1.6060014059886814] [-0.005654970863340056, 0.0036964591230414894]
	[1.6060014059886814, 1.6060014059886814] [-0.005654970863340056, 0.0036964591230414894]
	[1.7795892588048443, 1.7795892588048443] [-0.006208427455803486, 0.0026641948201224126]
	[1.7795892588048443, 1.7795892588048443] [-0.006208427455803486, 0.0026641948201224126]
	[1.7795892588048443, 1.7795892588048443] [-0.006208427455803486, 0.0026641948201224126]
	[1.7795892588048443, 1.7795892588048443] [-0.006208427455803486, 0.0026641948201224126]
	[1.7795892588048443, 1.7795892588048443] [-0.006208427455803486, 0.0026641948201224126]
	[1.0785384269335743, 1.0785384269335743] [-0.003025799983603416, 0.006040450312084953]
	[1.297326016558276, 1.297326016558276] [-0.004264726131821653, 0.00523971531040563]
	[1.297326016558276, 1.297326016558276] [-0.004264726131821653, 0.00523971531040563]
	[1.1026888182720413, 1.1026888182720413] [-0.0031707826994198914, 0.005965621726744092]
	[1.8230370978553414, 1.8230370978553414] [-0.006318285600530926, 0.002392022697146745]
	[1.8230370978553414, 1.8230370978553414] [-0.006318285600530926, 0.002392022697146745]
	[1.8230370978553414, 1.8230370978553414] [-0.006318285600530926, 0.002392022697146745]
	[1.8230370978553414, 1.8230370978553414] [-0.006318285600530926, 0.002392022697146745]
	[1.2244253771202183, 1.2244253771202183] [-0.003871758350644507, 0.005536424187845091]
	[1.2244253771202183, 1.2244253771202183] [-0.003871758350644507, 0.005536424187845091]
	[0.7135950041703705, 0.7135950041703705] [-0.0006707175282233203, 0.006722547397443594]
	[0.7135950041703705, 0.7135950041703705] [-0.0006707175282233203, 0.006722547397443594]
	[0.8681747125801593, 0.8681747125801593] [-0.0016977559980952477, 0.006539123036346177]
	[0.8681747125801593, 0.8681747125801593] [-0.0016977559980952477, 0.006539123036346177]
	[0.8681747125801593, 0.8681747125801593] [-0.0016977559980952477, 0.006539123036346177]
	[0.8681747125801593, 0.8681747125801593] [-0.0016977559980952477, 0.006539123036346177]
	[0.8681747125801593, 0.8681747125801593] [-0.0016977559980952477, 0.006539123036346177]
	[0.8681747125801593, 0.8681747125801593] [-0.0016977559980952477, 0.006539123036346177]
	[0.8681747125801593, 0.8681747125801593] [-0.0016977559980952477, 0.006539123036346177]
	[1.5482442480812142, 1.5482442480812142] [-0.005432163014051963, 0.004016728831064842]
	[1.5168030902509682, 1.5168030902509682] [-0.005303208463805027, 0.0041855089897130035]
	[1.5168030902509682, 1.5168030902509682] [-0.005303208463805027, 0.0041855089897130035]
	[1.5168030902509682, 1.5168030902509682] [-0.005303208463805027, 0.0041855089897130035]
