source:
	0.52358339484011,0.9145843534788654
target:
	0.26347400074181115,0.1676573976850786
points:
	[0, 0] [-0.0026010939409829886, -0.0074692695579378675]
	[-0.47788691360990837, -0.47788691360990837] [-0.005744835879699714, -0.005436224621395861]
	[0.25042171095071225, 0.25042171095071225] [-0.0006689819777213408, -0.007880871812968399]
	[0.5103599642592475, 0.5103599642592475] [0.0013790405117551743, -0.007788062961089477]
	[0.5181526830624801, 0.5181526830624801] [0.001439688210267887, -0.007777080125353692]
	[1.1875752225695804, 1.1875752225695804] [0.005954911751817775, -0.005205257289223879]
	[1.1875752225695804, 1.1875752225695804] [0.005954911751817775, -0.005205257289223879]
	[1.1875752225695804, 1.1875752225695804] [0.005954911751817775, -0.005205257289223879]
	[1.1875752225695804, 1.1875752225695804] [0.005954911751817775, -0.005205257289223879]
	[1.1875752225695804, 1.1875752225695804] [0.005954911751817775, -0.005205257289223879]
	[1.2990041243194077, 1.2990041243194077] [0.00649679726720446, -0.0045107984534670156]
	[0.6288272005724019, 0.6288272005724019] [0.0022898484638630722, -0.007570486868854585]
	[0.6288272005724019, 0.6288272005724019] [0.0022898484638630722, -0.007570486868854585]
	[0.6288272005724019, 0.6288272005724019] [0.0022898484638630722, -0.007570486868854585]
	[0.6288272005724019, 0.6288272005724019] [0.0022898484638630722, -0.007570486868854585]
	[0.6288272005724019, 0.6288272005724019] [0.0022898484638630722, -0.007570486868854585]
	[0.6288272005724019, 0.6288272005724019] [0.0022898484638630722, -0.007570486868854585]
	[0.6288272005724019, 0.6288272005724019] [0.0022898484638630722, -0.007570486868854585]
	[0.6288272005724019, 0.6288272005724019] [0.0022898484638630722, -0.007570486868854585]
	[0.6288272005724019, 0.6288272005724019] [0.0022898484638630722, -0.007570486868854585]
	[-0.14972899647364935, -0.14972899647364935] [-0.0036861838890678046, -0.006997694317054205]
	[0.5505611623477444, 0.5505611623477444] [0.0016909314391891275, -0.007726346373734325]
	[0.102007953440923, 0.102007953440923] [-0.001826968466151547, -0.007695314395308591]
	[0.09255303583428974, 0.09255303583428974] [-0.0018996442849323265, -0.007677696855807718]
	[0.09255303583428974, 0.09255303583428974] [-0.0018996442849323265, -0.007677696855807718]
	[0.09255303583428974, 0.09255303583428974] [-0.0018996442849323265, -0.007677696855807718]
	[0.09255303583428974, 0.09255303583428974] [-0.0018996442849323265, -0.007677696855807718]
	[0.09255303583428974, 0.09255303583428974] [-0.0018996442849323265, -0.007677696855807718]
	[0.7974185565158797, 0.7974185565158797] [0.003527664325946255, -0.007078930838933371]
	[0.7974185565158797, 0.7974185565158797] [0.003527664325946255, -0.007078930838933371]
	[0.07529457202851464, 0.07529457202851464] [-0.0020318600585988154, -0.007643770150993984]
	[0.07529457202851464, 0.07529457202851464] [-0.0020318600585988154, -0.007643770150993984]
	[0.07529457202851464, 0.07529457202851464] [-0.0020318600585988154, -0.007643770150993984]
	[-0.34237382023301605, -0.34237382023301605] [-0.0049577410699418395, -0.006162506056984262]
	[-0.34237382023301605, -0.34237382023301605] [-0.0049577410699418395, -0.006162506056984262]
	[-0.34237382023301605, -0.34237382023301605] [-0.0049577410699418395, -0.006162506056984262]
	[-0.2786811947576984, -0.2786811947576984] [-0.004555447448893669, -0.006465568494674226]
	[-0.31141395697921775, -0.31141395697921775] [-0.0047646053626512995, -0.006313019337618906]
	[-0.31141395697921775, -0.31141395697921775] [-0.0047646053626512995, -0.006313019337618906]
	[0.18428756208359892, 0.18428756208359892] [-0.001188334444664045, -0.007819433398052621]
	[0.4116115202918993, 0.4116115202918993] [0.0006045124594477466, -0.007886079007043247]
	[0.4116115202918993, 0.4116115202918993] [0.0006045124594477466, -0.007886079007043247]
	[0.4116115202918993, 0.4116115202918993] [0.0006045124594477466, -0.007886079007043247]
	[0.4116115202918993, 0.4116115202918993] [0.0006045124594477466, -0.007886079007043247]
	[0.4116115202918993, 0.4116115202918993] [0.0006045124594477466, -0.007886079007043247]
	[0.4116115202918993, 0.4116115202918993] [0.0006045124594477466, -0.007886079007043247]
	[0.4116115202918993, 0.4116115202918993] [0.0006045124594477466, -0.007886079007043247]
	[-0.0954094752398883, -0.0954094752398883] [-0.0033008224740378547, -0.007187506411394872]
	[-0.0954094752398883, -0.0954094752398883] [-0.0033008224740378547, -0.007187506411394872]
	[-0.3048646979474098, -0.3048646979474098] [-0.00472315787605457, -0.006344088358213452]
	[-0.3048646979474098, -0.3048646979474098] [-0.00472315787605457, -0.006344088358213452]
	[-0.4087396572607081, -0.4087396572607081] [-0.005355506797581551, -0.005820156729849598]
	[-1.0996134500728791, -1.0996134500728791] [-0.007836099965366938, -0.0010729467609029058]
	[-1.0996134500728791, -1.0996134500728791] [-0.007836099965366938, -0.0010729467609029058]
	[-1.8718342164694626, -1.8718342164694626] [-0.006362116480909657, 0.004698845741487317]
	[-1.7692834686066863, -1.7692834686066863] [-0.0068097176730066745, 0.004022862492417101]
	[-1.7692834686066863, -1.7692834686066863] [-0.0068097176730066745, 0.004022862492417101]
	[-1.7692834686066863, -1.7692834686066863] [-0.0068097176730066745, 0.004022862492417101]
	[-1.7692834686066863, -1.7692834686066863] [-0.0068097176730066745, 0.004022862492417101]
	[-1.7692834686066863, -1.7692834686066863] [-0.0068097176730066745, 0.004022862492417101]
	[-1.8506092109703596, -1.8506092109703596] [-0.006460409003809525, 0.0045627615456489265]
	[-1.8506092109703596, -1.8506092109703596] [-0.006460409003809525, 0.0045627615456489265]
	[-1.4722541210191502, -1.4722541210191502] [-0.0076889363805584575, 0.001853627458439363]
	[-1.4722541210191502, -1.4722541210191502] [-0.0076889363805584575, 0.001853627458439363]
	[-1.4722541210191502, -1.4722541210191502] [-0.0076889363805584575, 0.001853627458439363]
