source:
	0.7199274161200292,0.41614348125517686
target:
	0.5810609527667188,0.0012516492753590347
points:
	[0, 0] [-0.0013886646335331044, -0.004148918319798178]
	[0.3631643279379648, 0.3631643279379648] [0.00017574428383504694, -0.004371616021047809]
	[0.8770403110999984, 0.8770403110999984] [0.0023019416290845267, -0.0037206151944362974]
	[0.8770403110999984, 0.8770403110999984] [0.0023019416290845267, -0.0037206151944362974]
	[0.3831705983646917, 0.3831705983646917] [0.00026316301223826765, -0.004367225425573113]
	[0.5085113129979648, 0.5085113129979648] [0.0008070575347640558, -0.004300066374413671]
	[0.5085113129979648, 0.5085113129979648] [0.0008070575347640558, -0.004300066374413671]
	[-0.27677988922106034, -0.27677988922106034] [-0.002469543956159842, -0.0036115461145300315]
	[0.21735868785978146, 0.21735868785978146] [-0.0004612707125330128, -0.004350763383423863]
	[-0.18055464783002118, -0.18055464783002118] [-0.0021111338112681454, -0.003832104737569552]
	[-0.18055464783002118, -0.18055464783002118] [-0.0021111338112681454, -0.003832104737569552]
	[0.1356035687375879, 0.1356035687375879] [-0.0008150310978111185, -0.00429856220129282]
	[0.8848860704844073, 0.8848860704844073] [0.0023310615324551977, -0.0037024403871892654]
	[0.6914125710280173, 0.6914125710280173] [0.0015757057635421836, -0.004081551670078736]
	[0.9452133797891867, 0.9452133797891867] [0.0025500438144330246, -0.003555163742115747]
	[0.42279073949967216, 0.42279073949967216] [0.00043594131057715527, -0.0043533743076508875]
	[0.6271010685836188, 0.6271010685836188] [0.001310138535758866, -0.0041743801582872385]
	[1.276647886425434, 1.276647886425434] [0.00356811114284708, -0.0025318956457707886]
	[0.7511246140976156, 0.7511246140976156] [0.001816470471023136, -0.003980244680504398]
	[0.7201020970951404, 0.7201020970951404] [0.001692139055100117, -0.00403467199496904]
	[1.3044316962715523, 1.3044316962715523] [0.0036370707044955444, -0.0024317955052353506]
	[1.4757754841339745, 1.4757754841339745] [0.0039984485902731706, -0.0017760409791795525]
	[2.080148249928468, 2.080148249928468] [0.004299386434481857, 0.0008106719285728051]
	[2.080148249928468, 2.080148249928468] [0.004299386434481857, 0.0008106719285728051]
	[2.080148249928468, 2.080148249928468] [0.004299386434481857, 0.0008106719285728051]
	[1.6924639506724815, 1.6924639506724815] [0.0042867869341701, -0.0008748545420874764]
	[1.4051121680299787, 1.4051121680299787] [0.003863073481198016, -0.0020539172251206263]
	[0.6234245450139074, 0.6234245450139074] [0.0012947825088451676, -0.004179168690489915]
	[0.17238015617013258, 0.17238015617013258] [-0.0006564291728053687, -0.004325622895014385]
	[-0.032976858524828845, -0.032976858524828845] [-0.001524703130278868, -0.004100877107802719]
	[0.44803561310789786, 0.44803561310789786] [0.0005456911156804159, -0.004340983056296124]
	[0.44803561310789786, 0.44803561310789786] [0.0005456911156804159, -0.004340983056296124]
	[0.28236024014115246, 0.28236024014115246] [-0.00017768931141019052, -0.00437153739517268]
	[0.28236024014115246, 0.28236024014115246] [-0.00017768931141019052, -0.00437153739517268]
	[0.28236024014115246, 0.28236024014115246] [-0.00017768931141019052, -0.00437153739517268]
	[0.28236024014115246, 0.28236024014115246] [-0.00017768931141019052, -0.00437153739517268]
	[0.28236024014115246, 0.28236024014115246] [-0.00017768931141019052, -0.00437153739517268]
