source:
	0.07267017644939966,0.8550206515543305
target:
	0.636954916193111,0.5007031798619186
points:
	[0, 0] [0.005642847397437113, -0.0035431747169241195]
	[0.28998471523587294, 0.28998471523587294] [0.00439412182277705, -0.005008743079057622]
	[-0.41872404489979226, -0.41872404489979226] [0.006595990578832762, -0.000942720589232344]
	[0.3463916897277091, 0.3463916897277091] [0.004104754939802336, -0.005248504616515207]
	[-0.30273759982889287, -0.30273759982889287] [0.006442575029216447, -0.0016997178643321422]
	[0.06071867965284922, 0.06071867965284922] [0.0054174439642491416, -0.0038790610616015915]
	[-0.36838556751006984, -0.36838556751006984] [0.006540200267603442, -0.0012734183464411753]
	[-0.96736593992786, -0.96736593992786] [0.0061195768451548505, 0.0026356390233978804]
	[-1.4941225487969096, -1.4941225487969096] [0.003964999519185526, 0.005354866257738998]
	[-2.104382246003573, -2.104382246003573] [0.00018054563861873084, 0.00666057182963962]
	[-2.2613035813603575, -2.2613035813603575] [-0.0008625743172449922, 0.0066069493242072366]
	[-2.2613035813603575, -2.2613035813603575] [-0.0008625743172449922, 0.0066069493242072366]
	[-3.0307912884085098, -3.0307912884085098] [-0.0052164585734776085, 0.004145403934070247]
	[-3.128367740861681, -3.128367740861681] [-0.005595497131852681, 0.003617488862849688]
	[-2.8589079043257697, -2.8589079043257697] [-0.004430568072309092, 0.004976532968045968]
	[-2.8589079043257697, -2.8589079043257697] [-0.004430568072309092, 0.004976532968045968]
	[-2.142075241609083, -2.142075241609083] [-7.058006262694904e-05, 0.006662644541034189]
	[-2.142075241609083, -2.142075241609083] [-7.058006262694904e-05, 0.006662644541034189]
	[-1.4550378086945162, -1.4550378086945162] [0.004171211677851218, 0.00519584516358703]
	[-1.0489177960465517, -1.0489177960465517] [0.005884535288309593, 0.0031253892983198516]
	[-1.1774241457707944, -1.1774241457707944] [0.005435485991812282, 0.0038537392047497928]
	[-0.5439921493768416, -0.5439921493768416] [0.006662089963039226, -0.00011122567053119487]
	[-0.054142177149050286, -0.054142177149050286] [0.005826320249169911, -0.0032326159962986294]
	[-0.054142177149050286, -0.054142177149050286] [0.005826320249169911, -0.0032326159962986294]
	[-0.054142177149050286, -0.054142177149050286] [0.005826320249169911, -0.0032326159962986294]
	[0.5173240875946497, 0.5173240875946497] [0.003152157572277157, -0.005870239898415472]
	[0.5173240875946497, 0.5173240875946497] [0.003152157572277157, -0.005870239898415472]
	[0.7576842125155256, 0.7576842125155256] [0.00166411554244734, -0.006451862776500932]
	[-0.008215024997965448, -0.008215024997965448] [0.00567176393159544, -0.003496699548097627]
	[-0.008215024997965448, -0.008215024997965448] [0.00567176393159544, -0.003496699548097627]
	[0.5757186609576593, 0.5757186609576593] [0.0028041894141632613, -0.00604419850392985]
	[0.49044924819326163, 0.49044924819326163] [0.003308762071313341, -0.005783416583720334]
	[-0.14464309792351537, -0.14464309792351537] [0.006094632064953116, -0.0026928189352903842]
	[0.20357885598408143, 0.20357885598408143] [0.0048099752533537115, -0.004610851536054704]
	[0.6715222965933945, 0.6715222965933945] [0.0022131595547475124, -0.006284722635935727]
	[0.10217960828328887, 0.10217960828328887] [0.005252004914927871, -0.004100275380872194]
	[0.3249455708625506, 0.3249455708625506] [0.004216362439333246, -0.005159273360231352]
	[0.3249455708625506, 0.3249455708625506] [0.004216362439333246, -0.005159273360231352]
	[-0.3663485466411296, -0.3663485466411296] [0.006537592720525327, -0.0012867382196652753]
	[-0.6489729818659331, -0.6489729818659331] [0.00663706743025925, 0.0005874944694250266]
	[-0.7842184772310932, -0.7842184772310932] [0.006497245480574171, 0.0014770291095884452]
	[-1.033739638281237, -1.033739638281237] [0.0059312933025286495, 0.003035716321528068]
	[-1.033739638281237, -1.033739638281237] [0.0059312933025286495, 0.003035716321528068]
	[-1.4170279530908179, -1.4170279530908179] [0.004365644636525126, 0.0050335832895654475]
	[-1.8350170763215101, -1.8350170763215101] [0.0019465435599030504, 0.006372345093826375]
	[-1.8350170763215101, -1.8350170763215101] [0.0019465435599030504, 0.006372345093826375]
	[-1.8350170763215101, -1.8350170763215101] [0.0019465435599030504, 0.006372345093826375]
	[-1.8350170763215101, -1.8350170763215101] [0.0019465435599030504, 0.006372345093826375]
	[-1.667561671043263, -1.667561671043263] [0.002981419003635551, 0.0059587712282125685]
	[-1.667561671043263, -1.667561671043263] [0.002981419003635551, 0.0059587712282125685]
	[-1.2175721029173285, -1.2175721029173285] [0.005276427767739162, 0.004068798819952178]
	[-1.0270782917937378, -1.0270782917937378] [0.0059513835154862615, 0.00299613886143675]
	[-0.48806145489014885, -0.48806145489014885] [0.006645454676353928, -0.0004834728223373347]
	[-0.48806145489014885, -0.48806145489014885] [0.006645454676353928, -0.0004834728223373347]
	[-0.48806145489014885, -0.48806145489014885] [0.006645454676353928, -0.0004834728223373347]
	[-1.1287833088933799, -1.1287833088933799] [0.0056164324605150915, 0.0035848989165505785]
	[-1.152381748987256, -1.152381748987256] [0.005530278505102559, 0.003716427515963916]
	[-1.152381748987256, -1.152381748987256] [0.005530278505102559, 0.003716427515963916]
	[-1.0300930429799582, -1.0300930429799582] [0.005942323870759408, 0.0030140671592411533]
