source:
	0.14529349007555858,0.8668792846570635
target:
	0.58921065141283,0.6892273987341205
points:
	[0.6541055232312173, 0.6541055232312173] [0.0024419709976286194, -0.004110844380040752]
	[0.6541055232312173, 0.6541055232312173] [0.0024419709976286194, -0.004110844380040752]
	[0.6541055232312173, 0.6541055232312173] [0.0024419709976286194, -0.004110844380040752]
	[0.8678166069812585, 0.8678166069812585] [0.001514556741521959, -0.0045352377828381096]
	[0.8678166069812585, 0.8678166069812585] [0.001514556741521959, -0.0045352377828381096]
	[0.8678166069812585, 0.8678166069812585] [0.001514556741521959, -0.0045352377828381096]
	[1.1662721009847818, 1.1662721009847818] [0.00011403992367359141, -0.004780089828233406]
	[1.1662721009847818, 1.1662721009847818] [0.00011403992367359141, -0.004780089828233406]
	[1.1662721009847818, 1.1662721009847818] [0.00011403992367359141, -0.004780089828233406]
	[0.9693847281707639, 0.9693847281707639] [0.001046907311735174, -0.004665431271684042]
	[1.022721903824445, 1.022721903824445] [0.0007966955573599444, -0.004714609215943022]
	[0.33449917643905336, 0.33449917643905336] [0.0036099055511314634, -0.0031354179597116224]
	[-0.4244524327890865, -0.4244524327890865] [0.004776868232118256, 0.0002092695944263136]
	[-0.4244524327890865, -0.4244524327890865] [0.004776868232118256, 0.0002092695944263136]
	[-0.43335411281295255, -0.43335411281295255] [0.00477481614770379, 0.0002517828941749127]
	[-0.43335411281295255, -0.43335411281295255] [0.00477481614770379, 0.0002517828941749127]
	[0.03532146602783948, 0.03532146602783948] [0.004373666529152151, -0.0019321762243506996]
	[0.5735593485401607, 0.5735593485401607] [0.0027648087881757223, -0.003901037840754462]
	[0.5735593485401607, 0.5735593485401607] [0.0027648087881757223, -0.003901037840754462]
	[0.4114406719804976, 0.4114406719804976] [0.003358219721877682, -0.003403619275089935]
	[0.4114406719804976, 0.4114406719804976] [0.003358219721877682, -0.003403619275089935]
	[-0.17332679498623582, -0.17332679498623582] [0.004679036070237459, -0.0009843197263027588]
	[-0.5664918832637524, -0.5664918832637524] [0.004699137354837832, 0.0008833866597021108]
	[-0.5230759852383838, -0.5230759852383838] [0.004733050231416562, 0.0006786010441043965]
	[-0.5230759852383838, -0.5230759852383838] [0.004733050231416562, 0.0006786010441043965]
	[-0.923544013487321, -0.923544013487321] [0.004094012635586056, 0.0024700859114277092]
	[-1.0506689002042136, -1.0506689002042136] [0.0037478117282050212, 0.0029692037855460237]
	[-1.460690747959847, -1.460690747959847] [0.002253551717119886, 0.004217080569355767]
	[-0.9529224965534945, -0.9529224965534945] [0.004019689062379678, 0.002589278608407588]
	[-0.9529224965534945, -0.9529224965534945] [0.004019689062379678, 0.002589278608407588]
	[-1.303527564968046, -1.303527564968046] [0.0028858220350273227, 0.0038123870543693107]
	[-1.5541137156577873, -1.5541137156577873] [0.0018503251926301912, 0.004408918297234594]
	[-1.5541137156577873, -1.5541137156577873] [0.0018503251926301912, 0.004408918297234594]
	[-1.5541137156577873, -1.5541137156577873] [0.0018503251926301912, 0.004408918297234594]
	[-1.5541137156577873, -1.5541137156577873] [0.0018503251926301912, 0.004408918297234594]
	[-1.5541137156577873, -1.5541137156577873] [0.0018503251926301912, 0.004408918297234594]
	[-2.2185365978628244, -2.2185365978628244] [-0.0012618499258723196, 0.004611940875027342]
	[-2.227888023474751, -2.227888023474751] [-0.0013049223458501125, 0.004599939297585675]
	[-2.9466768572408206, -2.9466768572408206] [-0.004011028231326181, 0.002602674854390443]
	[-2.9466768572408206, -2.9466768572408206] [-0.004011028231326181, 0.002602674854390443]
	[-2.9466768572408206, -2.9466768572408206] [-0.004011028231326181, 0.002602674854390443]
	[-2.7032419149698423, -2.7032419149698423] [-0.003265423297477675, 0.003492745991116728]
	[-2.7032419149698423, -2.7032419149698423] [-0.003265423297477675, 0.003492745991116728]
