source:
	0.21831306393832073,0.42095899736413833
target:
	0.5509364179806134,0.7814451600692895
points:
	[-0.5230889723117284, -0.5230889723117284] [0.004682289256550172, 0.0014611722121699953]
	[0.013151814698282527, 0.013151814698282527] [0.003278536769502363, 0.003648294610724842]
	[-0.4928705617447062, -0.4928705617447062] [0.00463600401534663, 0.0016019749327978994]
	[-0.23217366175577636, -0.23217366175577636] [0.0040664407540080445, 0.0027427935594509126]
	[-0.19853451175776787, -0.19853451175776787] [0.0039718923503737884, 0.002878007656811409]
	[-0.7640717493434415, -0.7640717493434415] [0.0048957084966734, 0.00030148836001211174]
	[-0.15413912404820196, -0.15413912404820196] [0.0038402504933014565, 0.003051447699751847]
	[-0.7189011395370104, -0.7189011395370104] [0.004877101000820525, 0.0005222477797160568]
	[-0.6838684273671023, -0.6838684273671023] [0.004855816481994961, 0.0006927504664805337]
	[-0.5632298592671572, -0.5632298592671572] [0.004737154496981197, 0.001272094409764363]
	[-1.0956849023303714, -1.0956849023303714] [0.0047271375543911235, -0.001308826748461396]
	[-1.0956849023303714, -1.0956849023303714] [0.0047271375543911235, -0.001308826748461396]
	[-1.0956849023303714, -1.0956849023303714] [0.0047271375543911235, -0.001308826748461396]
	[-0.4716885065154115, -0.4716885065154115] [0.004601033430291748, 0.0016998083094751238]
	[-0.4716885065154115, -0.4716885065154115] [0.004601033430291748, 0.0016998083094751238]
	[-0.4716885065154115, -0.4716885065154115] [0.004601033430291748, 0.0016998083094751238]
	[0.24589876672639843, 0.24589876672639843] [0.0023486520710731115, 0.004306122427970076]
	[0.24589876672639843, 0.24589876672639843] [0.0023486520710731115, 0.004306122427970076]
	[0.3730969536859927, 0.3730969536859927] [0.0017834226397888816, 0.004569273531264175]
	[0.9655284015816302, 0.9655284015816302] [-0.0010718883885589016, 0.0047864300055569095]
	[0.9655284015816302, 0.9655284015816302] [-0.0010718883885589016, 0.0047864300055569095]
	[1.5918826753318602, 1.5918826753318602] [-0.0036741931567841673, 0.0032494863536047212]
	[1.5918826753318602, 1.5918826753318602] [-0.0036741931567841673, 0.0032494863536047212]
	[1.5918826753318602, 1.5918826753318602] [-0.0036741931567841673, 0.0032494863536047212]
	[1.5918826753318602, 1.5918826753318602] [-0.0036741931567841673, 0.0032494863536047212]
	[1.0847486660011967, 1.0847486660011967] [-0.0016335683961836386, 0.0046249660766986105]
	[1.0159181949781477, 1.0159181949781477] [-0.001311613008187302, 0.0047263652241840955]
	[0.9636054701893879, 0.9636054701893879] [-0.001062682435975095, 0.004788482322813039]
	[0.43561338432143726, 0.43561338432143726] [0.0014944700584544823, 0.004671767990815251]
	[-0.31506398822020476, -0.31506398822020476] [0.00427956968313296, 0.0023966936063736155]
	[-0.20016044326105042, -0.20016044326105042] [0.003976566541475972, 0.0028715458305304383]
	[-0.9011648748106774, -0.9011648748106774] [0.00489097688305429, -0.0003704079440987437]
	[-0.9011648748106774, -0.9011648748106774] [0.00489097688305429, -0.0003704079440987437]
	[-0.9011648748106774, -0.9011648748106774] [0.00489097688305429, -0.0003704079440987437]
	[-0.9011648748106774, -0.9011648748106774] [0.00489097688305429, -0.0003704079440987437]
	[-1.3108115970059306, -1.3108115970059306] [0.004338777169086897, -0.0022877651961320713]
	[-1.6599408165069678, -1.6599408165069678] [0.0032944248349590574, -0.0036339540341655263]
	[-1.347895514708514, -1.347895514708514] [0.004250974278826637, -0.0024470542691933227]
	[-1.347895514708514, -1.347895514708514] [0.004250974278826637, -0.0024470542691933227]
	[-0.8650628211241693, -0.8650628211241693] [0.004901159464433406, -0.0001936306272720386]
	[-0.40281858391319947, -0.40281858391319947] [0.004473153092323074, 0.002012401135028362]
	[-0.40281858391319947, -0.40281858391319947] [0.004473153092323074, 0.002012401135028362]
