source:
	0.6048558126252855,0.1731652435319715
target:
	0.3621485255792556,0.5973946279931259
points:
	[-0.453513445411304, -0.453513445411304] [-0.004040389548585597, 0.002750089467314413]
	[-0.453513445411304, -0.453513445411304] [-0.004040389548585597, 0.002750089467314413]
	[-0.453513445411304, -0.453513445411304] [-0.004040389548585597, 0.002750089467314413]
	[-1.0649628306122145, -1.0649628306122145] [-0.004887041228635009, -6.758559147492978e-05]
	[-1.0649628306122145, -1.0649628306122145] [-0.004887041228635009, -6.758559147492978e-05]
	[-1.0649628306122145, -1.0649628306122145] [-0.004887041228635009, -6.758559147492978e-05]
	[-0.6291675136680592, -0.6291675136680592] [-0.004458801977027193, 0.002001705450912244]
	[-0.6291675136680592, -0.6291675136680592] [-0.004458801977027193, 0.002001705450912244]
	[-0.6291675136680592, -0.6291675136680592] [-0.004458801977027193, 0.002001705450912244]
	[-0.6291675136680592, -0.6291675136680592] [-0.004458801977027193, 0.002001705450912244]
	[-0.6291675136680592, -0.6291675136680592] [-0.004458801977027193, 0.002001705450912244]
	[-0.4164336801630192, -0.4164336801630192] [-0.003935662976580722, 0.002897981490162622]
	[-0.4164336801630192, -0.4164336801630192] [-0.003935662976580722, 0.002897981490162622]
	[-0.7743395112469078, -0.7743395112469078] [-0.0047014719678076565, 0.0013356276122004195]
	[-0.7743395112469078, -0.7743395112469078] [-0.0047014719678076565, 0.0013356276122004195]
	[-0.7743395112469078, -0.7743395112469078] [-0.0047014719678076565, 0.0013356276122004195]
	[-0.7743395112469078, -0.7743395112469078] [-0.0047014719678076565, 0.0013356276122004195]
	[-0.7743395112469078, -0.7743395112469078] [-0.0047014719678076565, 0.0013356276122004195]
	[-0.7743395112469078, -0.7743395112469078] [-0.0047014719678076565, 0.0013356276122004195]
	[-0.7743395112469078, -0.7743395112469078] [-0.0047014719678076565, 0.0013356276122004195]
	[-0.7743395112469078, -0.7743395112469078] [-0.0047014719678076565, 0.0013356276122004195]
	[-0.23475127950924823, -0.23475127950924823] [-0.0033472658492277514, 0.0035613973545712387]
	[-0.23475127950924823, -0.23475127950924823] [-0.0033472658492277514, 0.0035613973545712387]
	[-0.5403058127568771, -0.5403058127568771] [-0.004263568363835961, 0.0023895030005108885]
	[-0.5403058127568771, -0.5403058127568771] [-0.004263568363835961, 0.0023895030005108885]
	[-0.5403058127568771, -0.5403058127568771] [-0.004263568363835961, 0.0023895030005108885]
	[-0.5403058127568771, -0.5403058127568771] [-0.004263568363835961, 0.0023895030005108885]
	[-0.5403058127568771, -0.5403058127568771] [-0.004263568363835961, 0.0023895030005108885]
	[-0.5403058127568771, -0.5403058127568771] [-0.004263568363835961, 0.0023895030005108885]
	[0.02536237747215142, 0.02536237747215142] [-0.0023187091816009916, 0.0043024792287369214]
	[0.02536237747215142, 0.02536237747215142] [-0.0023187091816009916, 0.0043024792287369214]
	[0.02536237747215142, 0.02536237747215142] [-0.0023187091816009916, 0.0043024792287369214]
	[0.02536237747215142, 0.02536237747215142] [-0.0023187091816009916, 0.0043024792287369214]
	[0.02536237747215142, 0.02536237747215142] [-0.0023187091816009916, 0.0043024792287369214]
	[0.02536237747215142, 0.02536237747215142] [-0.0023187091816009916, 0.0043024792287369214]
	[0.02536237747215142, 0.02536237747215142] [-0.0023187091816009916, 0.0043024792287369214]
	[0.23442864651830897, 0.23442864651830897] [-0.00137525470108134, 0.004690033506245672]
	[0.23442864651830897, 0.23442864651830897] [-0.00137525470108134, 0.004690033506245672]
	[0.8634660117741148, 0.8634660117741148] [0.0016474362369507634, 0.004601488197065695]
	[0.8634660117741148, 0.8634660117741148] [0.0016474362369507634, 0.004601488197065695]
	[0.32006214393042864, 0.32006214393042864] [-0.0009690820502126906, 0.004790471768261344]
