source:
	0.6561778939730122,0.05500044928572656
target:
	0.328655018446135,0.7009554814808753
points:
	[-0.19829462359779573, -0.19829462359779573] [-0.004483563536633654, 0.005687756304038711]
	[-0.9472855189151823, -0.9472855189151823] [-0.007156449480495612, 0.0011127194589280263]
	[-0.9472855189151823, -0.9472855189151823] [-0.007156449480495612, 0.0011127194589280263]
	[-0.9472855189151823, -0.9472855189151823] [-0.007156449480495612, 0.0011127194589280263]
	[-1.267542197223812, -1.267542197223812] [-0.007142872695454015, -0.001196780438384782]
	[-1.267542197223812, -1.267542197223812] [-0.007142872695454015, -0.001196780438384782]
	[-1.7647476608302528, -1.7647476608302528] [-0.0057071760102248605, -0.0044588177524403074]
	[-1.0574996834811115, -1.0574996834811115] [-0.007235417498644487, 0.0003188218647962451]
	[-0.39951001562266897, -0.39951001562266897] [-0.005529861879583954, 0.004676915795039207]
	[-0.42772467857756263, -0.42772467857756263] [-0.005659601050418644, 0.004519051859766955]
	[0.20576840133505042, 0.20576840133505042] [-0.0018863239072334243, 0.006992474231497934]
	[0.7122878750747079, 0.7122878750747079] [0.001742831844664632, 0.007029612430453465]
	[0.7254157402440755, 0.7254157402440755] [0.0018349628197573227, 0.007006127690191726]
	[0.7254157402440755, 0.7254157402440755] [0.0018349628197573227, 0.007006127690191726]
	[0.7254157402440755, 0.7254157402440755] [0.0018349628197573227, 0.007006127690191726]
	[1.358870005714865, 1.358870005714865] [0.0056261111648343845, 0.004560678340125389]
	[1.2852027178756673, 1.2852027178756673] [0.005275182976146918, 0.0049623944149304305]
	[1.2075401929258087, 1.2075401929258087] [0.004874277638891151, 0.005356708995285136]
	[1.4661263704116918, 1.4661263704116918] [0.006082005426445697, 0.00393219070669876]
	[1.4661263704116918, 1.4661263704116918] [0.006082005426445697, 0.00393219070669876]
	[1.4661263704116918, 1.4661263704116918] [0.006082005426445697, 0.00393219070669876]
	[1.4661263704116918, 1.4661263704116918] [0.006082005426445697, 0.00393219070669876]
	[1.2282624364750583, 1.2282624364750583] [0.004984226225468078, 0.005254560180882813]
	[1.2282624364750583, 1.2282624364750583] [0.004984226225468078, 0.005254560180882813]
	[0.5391821054739186, 0.5391821054739186] [0.0005059862668284685, 0.007224741632677529]
	[0.5391821054739186, 0.5391821054739186] [0.0005059862668284685, 0.007224741632677529]
	[0.5391821054739186, 0.5391821054739186] [0.0005059862668284685, 0.007224741632677529]
	[0.8513660481952587, 0.8513660481952587] [0.0027005203393840427, 0.006720126759052696]
	[1.554993916341627, 1.554993916341627] [0.006406989456558871, 0.0033768920422048523]
	[1.267808895916224, 1.267808895916224] [0.0051880743533883646, 0.0050533947268026555]
	[1.9934708250138835, 1.9934708250138835] [0.00723458064298928, 0.00033727834387610526]
	[2.2606394197709423, 2.2606394197709423] [0.007066956053745478, -0.0015846279991193963]
	[1.9260138122560448, 1.9260138122560448] [0.00719539205195112, 0.0008241644131371193]
	[1.9260138122560448, 1.9260138122560448] [0.00719539205195112, 0.0008241644131371193]
	[1.369906262508965, 1.369906262508965] [0.005676100336631958, 0.004498310652861755]
	[0.9388898789380127, 0.9388898789380127] [0.003277603964136996, 0.006458345454947144]
	[0.9388898789380127, 0.9388898789380127] [0.003277603964136996, 0.006458345454947144]
	[0.4544162861741524, 0.4544162861741524] [-0.00010750848229624881, 0.00724164040030968]
	[0.17776204663538941, 0.17776204663538941] [-0.0020813922949443685, 0.006936909965950921]
	[-0.45229584979680504, -0.45229584979680504] [-0.005768919889889962, 0.00437863872284469]
	[-0.45229584979680504, -0.45229584979680504] [-0.005768919889889962, 0.00437863872284469]
	[-0.45229584979680504, -0.45229584979680504] [-0.005768919889889962, 0.00437863872284469]
	[-1.1906762971561737, -1.1906762971561737] [-0.007213682773395342, -0.0006447438297357277]
	[-1.1906762971561737, -1.1906762971561737] [-0.007213682773395342, -0.0006447438297357277]
	[-0.5832614738955346, -0.5832614738955346] [-0.006291329576102495, 0.0035877689343129368]
	[-0.5832614738955346, -0.5832614738955346] [-0.006291329576102495, 0.0035877689343129368]
	[-0.21969747826860458, -0.21969747826860458] [-0.004604261583281387, 0.0055904998912335345]
	[0.2283328631291306, 0.2283328631291306] [-0.0017280756832585933, 0.007033254452534284]
	[0.08858820415740173, 0.08858820415740173] [-0.0026908935945259976, 0.00672398731587902]
	[0.08858820415740173, 0.08858820415740173] [-0.0026908935945259976, 0.00672398731587902]
	[-0.4146304523261931, -0.4146304523261931] [-0.005599944066719747, 0.004592770428703496]
	[-0.4146304523261931, -0.4146304523261931] [-0.005599944066719747, 0.004592770428703496]
	[-0.7702868774372769, -0.7702868774372769] [-0.006848718270363314, 0.00235541330011417]
	[-0.4116617997327618, -0.4116617997327618] [-0.005586285071051447, 0.004609374454967911]
	[-0.3278233966071059, -0.3278233966071059] [-0.005180673867161026, 0.00506098133204202]
	[-0.16345771249057922, -0.16345771249057922] [-0.004282739377205294, 0.005840467206319902]
	[-0.16345771249057922, -0.16345771249057922] [-0.004282739377205294, 0.005840467206319902]
	[-0.16345771249057922, -0.16345771249057922] [-0.004282739377205294, 0.005840467206319902]
	[0.4572506230235344, 0.4572506230235344] [-8.698282970859953e-05, 0.00724191602744045]
	[0.4572506230235344, 0.4572506230235344] [-8.698282970859953e-05, 0.00724191602744045]
	[-0.281283114956224, -0.281283114956224] [-0.004939609739511785, 0.0052965242737556964]
