source:
	0.7726442438861642,0.14300513745643972
target:
	0.030195791543417227,0.4186658549688731
points:
	[0, 0] [-0.007424484523427469, 0.0027566071751243333]
	[0, 0] [-0.007424484523427469, 0.0027566071751243333]
	[0, 0] [-0.007424484523427469, 0.0027566071751243333]
	[0, 0] [-0.007424484523427469, 0.0027566071751243333]
	[-0.5695164359887825, -0.5695164359887825] [-0.007739048576678535, -0.0016819573967169685]
	[-0.6884549204570106, -0.6884549204570106] [-0.007484795246181764, -0.0025883766494264]
	[-0.6884549204570106, -0.6884549204570106] [-0.007484795246181764, -0.0025883766494264]
	[-0.5976471110695082, -0.5976471110695082] [-0.007688678332069361, -0.0018989678940224545]
	[-1.3165553354404218, -1.3165553354404218] [-0.004535333156792848, -0.006492503886287353]
	[-1.0096884010815588, -1.0096884010815588] [-0.006284676396288749, -0.004819200779225953]
	[-1.1879024017477386, -1.1879024017477386] [-0.005330828818084268, -0.0058569717148747825]
	[-1.9686468641951955, -1.9686468641951955] [0.00033522002761930794, -0.007912615312881314]
	[-1.5964981177444004, -1.5964981177444004] [-0.0025648952017926804, -0.00749287435904152]
	[-0.948321097199814, -0.948321097199814] [-0.006568402003015883, -0.004424697581003464]
	[-0.21223290919739346, -0.21223290919739346] [-0.007838562046947061, 0.001130839773231412]
	[-0.21223290919739346, -0.21223290919739346] [-0.007838562046947061, 0.001130839773231412]
	[-0.21223290919739346, -0.21223290919739346] [-0.007838562046947061, 0.001130839773231412]
	[0.14880021074913669, 0.14880021074913669] [-0.006933769725983211, 0.003826838243720221]
	[0.14880021074913669, 0.14880021074913669] [-0.006933769725983211, 0.003826838243720221]
	[0.10941335912058606, 0.10941335912058606] [-0.007079080301293461, 0.0035508415403112323]
	[-0.12905163375597228, -0.12905163375597228] [-0.007717503427769733, 0.0017781997635033578]
	[0.22456949946317634, 0.22456949946317634] [-0.006624196460084064, 0.0043407228447311305]
	[0.8166753773349247, 0.8166753773349247] [-0.0030739417122355103, 0.00729881743204607]
	[0.8166753773349247, 0.8166753773349247] [-0.0030739417122355103, 0.00729881743204607]
	[0.563817844959946, 0.563817844959946] [-0.004802152139265116, 0.006297712948992867]
	[-0.13106053063230283, -0.13106053063230283] [-0.007721060072687009, 0.001762692517292635]
	[0.33530469144178965, 0.33530469144178965] [-0.006103935033575312, 0.005046169900276141]
	[0.33530469144178965, 0.33530469144178965] [-0.006103935033575312, 0.005046169900276141]
	[0.195561608928824, 0.195561608928824] [-0.006747307220045403, 0.004146769686742217]
	[0.5627122044573549, 0.5627122044573549] [-0.004809112209183228, 0.006292399646879224]
	[0.5627122044573549, 0.5627122044573549] [-0.004809112209183228, 0.006292399646879224]
	[-0.05724773613868661, -0.05724773613868661] [-0.007570045038000973, 0.0023272884821606897]
	[-0.05724773613868661, -0.05724773613868661] [-0.007570045038000973, 0.0023272884821606897]
	[0.14727103962823582, 0.14727103962823582] [-0.00693961350739095, 0.0038162308531583923]
	[0.14727103962823582, 0.14727103962823582] [-0.00693961350739095, 0.0038162308531583923]
	[0.14727103962823582, 0.14727103962823582] [-0.00693961350739095, 0.0038162308531583923]
	[0.5192805965428962, 0.5192805965428962] [-0.005077780321640724, 0.006077664071147662]
	[0.5478080345730308, 0.5478080345730308] [-0.004902357606017844, 0.006220027609205602]
	[0.5478080345730308, 0.5478080345730308] [-0.004902357606017844, 0.006220027609205602]
	[-0.013404748203835637, -0.013404748203835637] [-0.007460768009188287, 0.0026568391501243754]
	[-0.013404748203835637, -0.013404748203835637] [-0.007460768009188287, 0.0026568391501243754]
	[0.037626405778787717, 0.037626405778787717] [-0.007315532801733217, 0.0030339468326465962]
	[0.2853573689557896, 0.2853573689557896] [-0.006348260657851679, 0.004735128316797079]
	[0.2853573689557896, 0.2853573689557896] [-0.006348260657851679, 0.004735128316797079]
	[0.2853573689557896, 0.2853573689557896] [-0.006348260657851679, 0.004735128316797079]
	[0.2853573689557896, 0.2853573689557896] [-0.006348260657851679, 0.004735128316797079]
	[0.2853573689557896, 0.2853573689557896] [-0.006348260657851679, 0.004735128316797079]
	[0.2853573689557896, 0.2853573689557896] [-0.006348260657851679, 0.004735128316797079]
	[0.5975860181865931, 0.5975860181865931] [-0.004586792629531564, 0.0064562517709764]
	[0.6949246198719146, 0.6949246198719146] [-0.003937629707180028, 0.006871457330559092]
	[0.6949246198719146, 0.6949246198719146] [-0.003937629707180028, 0.006871457330559092]
	[0.6949246198719146, 0.6949246198719146] [-0.003937629707180028, 0.006871457330559092]
	[0.6949246198719146, 0.6949246198719146] [-0.003937629707180028, 0.006871457330559092]
	[0.8651599118437004, 0.8651599118437004] [-0.0027165882507811123, 0.007439220512411161]
	[0.09552893783390015, 0.09552893783390015] [-0.007127697765629961, 0.003452213509966414]
	[0.09552893783390015, 0.09552893783390015] [-0.007127697765629961, 0.003452213509966414]
	[0.09552893783390015, 0.09552893783390015] [-0.007127697765629961, 0.003452213509966414]
	[0.09552893783390015, 0.09552893783390015] [-0.007127697765629961, 0.003452213509966414]
	[0.09552893783390015, 0.09552893783390015] [-0.007127697765629961, 0.003452213509966414]
	[0.09552893783390015, 0.09552893783390015] [-0.007127697765629961, 0.003452213509966414]
	[-0.494929800520875, -0.494929800520875] [-0.007842867005509143, -0.0011005865211136312]
	[-1.04432936770627, -1.04432936770627] [-0.006113997591201661, -0.005033973282740112]
	[-1.3816872705960808, -1.3816872705960808] [-0.004103146307250865, -0.006773923821379641]
