source:
	0.08672911638838121,0.48035285061730393
target:
	0.6513363358268228,0.1047204735494267
points:
	[-0.37882371650858326, -0.37882371650858326] [0.006634960480290577, -0.0014019268594864288]
	[-0.37882371650858326, -0.37882371650858326] [0.006634960480290577, -0.0014019268594864288]
	[-1.000609254476709, -1.000609254476709] [0.006209764076616859, 0.00272523936694119]
	[-1.1124596350807643, -1.1124596350807643] [0.005866777021068661, 0.003401327223221544]
	[-1.1124596350807643, -1.1124596350807643] [0.005866777021068661, 0.003401327223221544]
	[-1.1124596350807643, -1.1124596350807643] [0.005866777021068661, 0.003401327223221544]
	[-1.8918560501922543, -1.8918560501922543] [0.0017826373299711519, 0.006542958325112623]
	[-1.2091912769605613, -1.2091912769605613] [0.005510847563690731, 0.00395204486615868]
	[-1.311819324005981, -1.311819324005981] [0.0050769724424212905, 0.004495825876661824]
	[-1.311819324005981, -1.311819324005981] [0.0050769724424212905, 0.004495825876661824]
	[-1.311819324005981, -1.311819324005981] [0.0050769724424212905, 0.004495825876661824]
	[-1.074258095635879, -1.074258095635879] [0.005992401013344933, 0.0031747802427301752]
	[-1.6289347429799776, -1.6289347429799776] [0.0034219084238528283, 0.005854796515091905]
	[-1.6289347429799776, -1.6289347429799776] [0.0034219084238528283, 0.005854796515091905]
	[-0.995150580513534, -0.995150580513534] [0.006224547679597341, 0.0026913018557543134]
	[-0.995150580513534, -0.995150580513534] [0.006224547679597341, 0.0026913018557543134]
	[-0.2463300573811924, -0.2463300573811924] [0.006391605239520728, -0.0022661601789146398]
	[0.3258734037656137, 0.3258734037656137] [0.004146392003064494, -0.005366146927851498]
	[0.8498051551217853, 0.8498051551217853] [0.0009055695590276932, -0.006720717466768681]
	[0.29458013543807027, 0.29458013543807027] [0.004312258822779282, -0.005233786711333344]
	[-0.3940823023456842, -0.3940823023456842] [0.006655578696049673, -0.0013005274757024474]
	[-0.3940823023456842, -0.3940823023456842] [0.006655578696049673, -0.0013005274757024474]
	[-0.3940823023456842, -0.3940823023456842] [0.006655578696049673, -0.0013005274757024474]
	[0.1016531454815191, 0.1016531454815191] [0.005235741004169604, -0.004309885802619869]
	[0.1016531454815191, 0.1016531454815191] [0.005235741004169604, -0.004309885802619869]
	[-0.010353357058302967, -0.010353357058302967] [0.0056846594566307505, -0.0036976676914652336]
	[-0.010353357058302967, -0.010353357058302967] [0.0056846594566307505, -0.0036976676914652336]
	[-0.7362001546772199, -0.7362001546772199] [0.006706167925473844, 0.0010076761631164514]
	[-0.7362001546772199, -0.7362001546772199] [0.006706167925473844, 0.0010076761631164514]
	[-0.7362001546772199, -0.7362001546772199] [0.006706167925473844, 0.0010076761631164514]
	[-0.7362001546772199, -0.7362001546772199] [0.006706167925473844, 0.0010076761631164514]
	[-1.4968100933870216, -1.4968100933870216] [0.004163398083090709, 0.005352963281779902]
	[-1.007320142097706, -1.007320142097706] [0.006191335607778272, 0.0027668507162881247]
	[-1.765236041649496, -1.765236041649496] [0.0025946236889961183, 0.00626546306404143]
	[-1.4646050884784316, -1.4646050884784316] [0.004333601620366771, 0.005216128496339191]
	[-0.922767982217998, -0.922767982217998] [0.006402882208335727, 0.0022340991295251573]
	[-1.6448348366802708, -1.6448348366802708] [0.003328387990767312, 0.005908462818473447]
	[-1.4584161344766773, -1.4584161344766773] [0.004365800798577022, 0.005189208309705007]
	[-2.058632853807555, -2.058632853807555] [0.0006717410436242515, 0.006748100730181631]
	[-2.058632853807555, -2.058632853807555] [0.0006717410436242515, 0.006748100730181631]
	[-2.058632853807555, -2.058632853807555] [0.0006717410436242515, 0.006748100730181631]
	[-2.422324973044012, -2.422324973044012] [-0.001772681096636562, 0.006545662779581197]
	[-2.422324973044012, -2.422324973044012] [-0.001772681096636562, 0.006545662779581197]
	[-2.422324973044012, -2.422324973044012] [-0.001772681096636562, 0.006545662779581197]
	[-2.327359120668861, -2.327359120668861] [-0.0011440131016277428, 0.006684260132405929]
	[-2.963253768851745, -2.963253768851745] [-0.004890170690445802, 0.00469833269497511]
	[-2.963253768851745, -2.963253768851745] [-0.004890170690445802, 0.00469833269497511]
	[-2.963253768851745, -2.963253768851745] [-0.004890170690445802, 0.00469833269497511]
	[-2.866643375149447, -2.866643375149447] [-0.004414165060240171, 0.005148130370855243]
	[-2.269577760725316, -2.269577760725316] [-0.0007560931206843264, 0.006739170771483766]
	[-2.269577760725316, -2.269577760725316] [-0.0007560931206843264, 0.006739170771483766]
	[-2.319624269954509, -2.319624269954509] [-0.0010922776411118335, 0.006692908863050088]
	[-2.319624269954509, -2.319624269954509] [-0.0010922776411118335, 0.006692908863050088]
	[-2.319624269954509, -2.319624269954509] [-0.0010922776411118335, 0.006692908863050088]
	[-1.6669248530884062, -1.6669248530884062] [0.00319706852292392, 0.005980539470156209]
	[-1.8144474488327809, -1.8144474488327809] [0.0022832747238456788, 0.006385511414899725]
	[-1.3686840863291874, -1.3686840863291874] [0.004813249890365291, 0.004777104247058648]
	[-1.6997529472434627, -1.6997529472434627] [0.002999051512040364, 0.006082252010768352]
	[-1.3911331720868554, -1.3911331720868554] [0.004704804479564649, 0.004883944543443923]
	[-2.048160666352957, -2.048160666352957] [0.0007423702943186815, 0.006740696243006389]
	[-2.048160666352957, -2.048160666352957] [0.0007423702943186815, 0.006740696243006389]
	[-2.048160666352957, -2.048160666352957] [0.0007423702943186815, 0.006740696243006389]
	[-1.819202307921278, -1.819202307921278] [0.0022528868203971577, 0.006396295839690972]
	[-1.9627538998532181, -1.9627538998532181] [0.001314665832444214, 0.006652800406097496]
	[-1.503829499090833, -1.503829499090833] [0.004125721201489167, 0.005382055746826674]
