source:
	0.7972042108100249,0.23853989546782373
target:
	0.5212612763072746,0.751252078013222
points:
	[0, 0] [-0.002759429345027504, 0.005127121825453983]
	[-0.5352105155919756, -0.5352105155919756] [-0.004988499863883304, 0.003002781648951813]
	[-1.0083187770418558, -1.0083187770418558] [-0.005808777989338785, 0.0003999084818039831]
	[-1.366106451041449, -1.366106451041449] [-0.005580979702360512, -0.0016596668596695766]
	[-1.1187697574809028, -1.1187697574809028] [-0.005817462666883203, -0.0002428098899667826]
	[-1.3483752321437672, -1.3483752321437672] [-0.005609528780560064, -0.0015604535825566304]
	[-2.099888332509853, -2.099888332509853] [-0.0030332474380654695, -0.004970034054482401]
	[-2.6302962873374462, -2.6302962873374462] [-0.00010221446105721058, -0.005821630418293168]
	[-3.283782480936064, -3.283782480936064] [0.0034581517994791327, -0.004684337162823012]
	[-3.908933338366458, -3.908933338366458] [0.005545494250194706, -0.0017746329322716175]
	[-3.908933338366458, -3.908933338366458] [0.005545494250194706, -0.0017746329322716175]
	[-3.908933338366458, -3.908933338366458] [0.005545494250194706, -0.0017746329322716175]
	[-3.908933338366458, -3.908933338366458] [0.005545494250194706, -0.0017746329322716175]
	[-3.908933338366458, -3.908933338366458] [0.005545494250194706, -0.0017746329322716175]
	[-3.908933338366458, -3.908933338366458] [0.005545494250194706, -0.0017746329322716175]
	[-3.89025901323061, -3.89025901323061] [0.005511389190777988, -0.0018778758508008623]
	[-4.080447628324459, -4.080447628324459] [0.005767012479223036, -0.0008021194348295489]
	[-4.080447628324459, -4.080447628324459] [0.005767012479223036, -0.0008021194348295489]
	[-4.072477499609487, -4.072477499609487] [0.005760436383908039, -0.0008480573036027608]
	[-4.346372340515822, -4.346372340515822] [0.005775099661958068, 0.0007416551878719109]
	[-4.509786606987127, -4.509786606987127] [0.005577502986378626, 0.0016713135433493633]
	[-4.509786606987127, -4.509786606987127] [0.005577502986378626, 0.0016713135433493633]
	[-4.509786606987127, -4.509786606987127] [0.005577502986378626, 0.0016713135433493633]
	[-4.509786606987127, -4.509786606987127] [0.005577502986378626, 0.0016713135433493633]
	[-4.509786606987127, -4.509786606987127] [0.005577502986378626, 0.0016713135433493633]
	[-4.97934903268326, -4.97934903268326] [0.004217566730702827, 0.004014219649609893]
	[-4.989047818483935, -4.989047818483935] [0.004178435920342285, 0.004054935484423745]
	[-4.989047818483935, -4.989047818483935] [0.004178435920342285, 0.004054935484423745]
	[-4.419162735495697, -4.419162735495697] [0.0057058691882797665, 0.0011596919114511002]
	[-4.456932945366044, -4.456932945366044] [0.005658008314601205, 0.001374325447319205]
	[-4.709617191562183, -4.709617191562183] [0.005134750675728089, 0.00274520746417378]
	[-4.947361088760568, -4.947361088760568] [0.004343793883271738, 0.0038772778108998765]
	[-5.464263354222917, -5.464263354222917] [0.001860185603420314, 0.005517385073028101]
	[-5.464263354222917, -5.464263354222917] [0.001860185603420314, 0.005517385073028101]
	[-5.148046214984779, -5.148046214984779] [0.003483715477545511, 0.004665356898968755]
	[-4.751403661303347, -4.751403661303347] [0.005015589262555786, 0.0029573117645220644]
	[-4.051586855574883, -4.051586855574883] [0.005741464273009857, -0.0009682027292860272]
	[-4.778908196687371, -4.778908196687371] [0.004932363005940266, 0.0030941272922873444]
	[-4.778908196687371, -4.778908196687371] [0.004932363005940266, 0.0030941272922873444]
	[-4.778908196687371, -4.778908196687371] [0.004932363005940266, 0.0030941272922873444]
	[-4.778908196687371, -4.778908196687371] [0.004932363005940266, 0.0030941272922873444]
	[-4.768652162397304, -4.768652162397304] [0.004963836519145862, 0.0030433789666157902]
	[-4.1399510635472625, -4.1399510635472625] [0.005804506681030268, -0.0004577452491511835]
	[-3.672393619300234, -3.672393619300234] [0.004975210492886793, -0.0030247494234588524]
	[-3.4766528479375864, -3.4766528479375864] [0.0042919099589908225, -0.00393463307401858]
	[-3.4766528479375864, -3.4766528479375864] [0.0042919099589908225, -0.00393463307401858]
	[-4.008296839850763, -4.008296839850763] [0.005694184866564541, -0.0012157661077003524]
	[-3.2366399069921123, -3.2366399069921123] [0.0032335598510284313, -0.004842098637271084]
	[-3.2162529017156536, -3.2162529017156536] [0.0031341788396926813, -0.004907010446704606]
	[-3.653110410765856, -3.653110410765856] [0.004915962265879804, -0.003120119152162527]
	[-3.653110410765856, -3.653110410765856] [0.004915962265879804, -0.003120119152162527]
	[-4.237565006374043, -4.237565006374043] [0.0058214859575330385, 0.0001101352327420538]
	[-4.237565006374043, -4.237565006374043] [0.0058214859575330385, 0.0001101352327420538]
	[-3.7005743513747085, -3.7005743513747085] [0.005058463454124333, -0.0028833619277735564]
	[-3.7005743513747085, -3.7005743513747085] [0.005058463454124333, -0.0028833619277735564]
	[-3.7822729767644687, -3.7822729767644687] [0.005276895805198411, -0.0024609346160198832]
	[-3.942443613414707, -3.942443613414707] [0.005601838225354899, -0.0015878403635750582]
	[-4.216191140976772, -4.216191140976772] [0.005822510094565645, -1.430810702592466e-05]
	[-4.62554225785928, -4.62554225785928] [0.005347144950664806, 0.0023043153863621553]
	[-4.62554225785928, -4.62554225785928] [0.005347144950664806, 0.0023043153863621553]
