source:
	0.1381777302721332,0.42717298224466527
target:
	0.4928808512440148,0.06447614734325224
points:
	[0.6026704904927817, 0.6026704904927817] [0.0008662051914463838, -0.00499860164183754]
	[0.7620408285021179, 0.7620408285021179] [6.196725999083101e-05, -0.005072720164385065]
	[-0.008770762420035938, -0.008770762420035938] [0.0035787056504889727, -0.00359571907615541]
	[-0.15408054303862798, -0.15408054303862798] [0.004061646376147469, -0.0030396313135967233]
	[-0.4782905842343157, -0.4782905842343157] [0.004818350648895643, -0.0015873962428318129]
	[-0.4782905842343157, -0.4782905842343157] [0.004818350648895643, -0.0015873962428318129]
	[-0.4782905842343157, -0.4782905842343157] [0.004818350648895643, -0.0015873962428318129]
	[-0.4782905842343157, -0.4782905842343157] [0.004818350648895643, -0.0015873962428318129]
	[-0.07392603042258455, -0.07392603042258455] [0.0038052264747254574, -0.0033550829026296925]
	[-0.07392603042258455, -0.07392603042258455] [0.0038052264747254574, -0.0033550829026296925]
	[0.5513868160520086, 0.5513868160520086] [0.0011213006827302465, -0.004947627167277088]
	[0.13924866507790185, 0.13924866507790185] [0.0030092780234757316, -0.004084186037008551]
	[-0.06796153796572543, -0.06796153796572543] [0.003785147541122459, -0.0033777193340187727]
	[-0.06796153796572543, -0.06796153796572543] [0.003785147541122459, -0.0033777193340187727]
	[-0.06796153796572543, -0.06796153796572543] [0.003785147541122459, -0.0033777193340187727]
	[0.6804155318029357, 0.6804155318029357] [0.00047536358721567606, -0.005050778085346758]
	[0.6744207369645016, 0.6744207369645016] [0.0005056332425775528, -0.005047837639174831]
	[0.9390252903023464, 0.9390252903023464] [-0.0008321137071042469, -0.005004389731617517]
	[1.1128451436045448, 1.1128451436045448] [-0.0016850635174333307, -0.004785069565814569]
	[0.721052414163391, 0.721052414163391] [0.0002697797539317336, -0.005065920320320697]
	[0.721052414163391, 0.721052414163391] [0.0002697797539317336, -0.005065920320320697]
	[0.721052414163391, 0.721052414163391] [0.0002697797539317336, -0.005065920320320697]
	[0.721052414163391, 0.721052414163391] [0.0002697797539317336, -0.005065920320320697]
	[0.0046042669784890355, 0.0046042669784890355] [0.0035302941409427954, -0.0036432613255014505]
	[0.7379657717314321, 0.7379657717314321] [0.00018406353122432198, -0.005069758418696383]
	[0.09535224698826883, 0.09535224698826883] [0.003185602774204069, -0.003948197661269374]
	[-0.24547030761393385, -0.24547030761393385] [0.004322101224257602, -0.002656270094463392]
	[-0.4627091156979257, -0.4627091156979257] [0.004793032792138895, -0.0016622774921627385]
	[-0.4627091156979257, -0.4627091156979257] [0.004793032792138895, -0.0016622774921627385]
	[-0.4627091156979257, -0.4627091156979257] [0.004793032792138895, -0.0016622774921627385]
	[-0.4627091156979257, -0.4627091156979257] [0.004793032792138895, -0.0016622774921627385]
	[-0.4627091156979257, -0.4627091156979257] [0.004793032792138895, -0.0016622774921627385]
	[-0.6194957307137743, -0.6194957307137743] [0.004993798504117655, -0.0008934798865905631]
	[-0.6194957307137743, -0.6194957307137743] [0.004993798504117655, -0.0008934798865905631]
	[-1.2538068871051955, -1.2538068871051955] [0.004551901935036181, 0.002239758598885936]
	[-1.6807818424595429, -1.6807818424595429] [0.003215717081035589, 0.003923709145974707]
	[-1.0502737921426872, -1.0502737921426872] [0.004910668144533519, 0.0012734473611945435]
	[-1.0502737921426872, -1.0502737921426872] [0.004910668144533519, 0.0012734473611945435]
	[-1.0502737921426872, -1.0502737921426872] [0.004910668144533519, 0.0012734473611945435]
	[-0.6103930302801004, -0.6103930302801004] [0.004985458647148685, -0.0009388992944080974]
	[-0.6103930302801004, -0.6103930302801004] [0.004985458647148685, -0.0009388992944080974]
	[-0.6103930302801004, -0.6103930302801004] [0.004985458647148685, -0.0009388992944080974]
