source:
	0.7847349801316128,0.899911930116953
target:
	0.4189054306180976,0.6822246357850691
points:
	[0, 0] [-0.0036582954951351514, -0.0021768729433188395]
	[0.11765235096830533, 0.11765235096830533] [-0.0033774817163482076, -0.0025912388922701324]
	[0.11765235096830533, 0.11765235096830533] [-0.0033774817163482076, -0.0025912388922701324]
	[0.384619323454117, 0.384619323454117] [-0.0025742488586585938, -0.0033904490196395376]
	[0.384619323454117, 0.384619323454117] [-0.0025742488586585938, -0.0033904490196395376]
	[0.6329736352460688, 0.6329736352460688] [-0.0016618632099289923, -0.003919197929750969]
	[0.6329736352460688, 0.6329736352460688] [-0.0016618632099289923, -0.003919197929750969]
	[0.5388405468519021, 0.5388405468519021] [-0.0020228873300705864, -0.003745641278996117]
	[0.5388405468519021, 0.5388405468519021] [-0.0020228873300705864, -0.003745641278996117]
	[1.0703283050900005, 1.0703283050900005] [0.0001545144159221202, -0.004254177598120701]
	[0.9583529789200942, 0.9583529789200942] [-0.0003218213305194965, -0.0042448006752146125]
	[0.531462974829658, 0.531462974829658] [-0.002050465766517524, -0.0037306154829222856]
	[0.531462974829658, 0.531462974829658] [-0.002050465766517524, -0.0037306154829222856]
	[0.531462974829658, 0.531462974829658] [-0.002050465766517524, -0.0037306154829222856]
	[-0.09240409323779852, -0.09240409323779852] [-0.0038435542329119266, -0.0018300253003017705]
	[-0.6768328197660424, -0.6768328197660424] [-0.004215296644904078, 0.0005942860729818525]
	[-0.7874298739229043, -0.7874298739229043] [-0.0041239503923353165, 0.0010559047791525327]
	[-1.3396125255175275, -1.3396125255175275] [-0.002957184265483333, 0.0030621827118997285]
	[-1.3396125255175275, -1.3396125255175275] [-0.002957184265483333, 0.0030621827118997285]
	[-1.3396125255175275, -1.3396125255175275] [-0.002957184265483333, 0.0030621827118997285]
	[-0.9898589390502068, -0.9898589390502068] [-0.0038274548777279442, 0.0018634620736780072]
	[-0.4436625201592368, -0.4436625201592368] [-0.004238543066089045, -0.00039579592972673847]
	[-0.4436625201592368, -0.4436625201592368] [-0.004238543066089045, -0.00039579592972673847]
	[-0.4436625201592368, -0.4436625201592368] [-0.004238543066089045, -0.00039579592972673847]
	[0.318617197868754, 0.318617197868754] [-0.0027922582236228287, -0.0032132842628205894]
	[0.318617197868754, 0.318617197868754] [-0.0027922582236228287, -0.0032132842628205894]
	[0.001392801777423902, 0.001392801777423902] [-0.0036552599952534783, -0.0021819661106853416]
	[0.001392801777423902, 0.001392801777423902] [-0.0036552599952534783, -0.0021819661106853416]
	[0.001392801777423902, 0.001392801777423902] [-0.0036552599952534783, -0.0021819661106853416]
	[0.001392801777423902, 0.001392801777423902] [-0.0036552599952534783, -0.0021819661106853416]
	[0.4255373730292125, 0.4255373730292125] [-0.0024334022920497154, -0.0034929149755078444]
	[0.09738059653481362, 0.09738059653481362] [-0.003429313122976108, -0.002522243692759213]
	[-0.14080764013477537, -0.14080764013477537] [-0.003927597704424696, -0.0016419129128177384]
	[-0.14080764013477537, -0.14080764013477537] [-0.003927597704424696, -0.0016419129128177384]
	[0.12462079965398987, 0.12462079965398987] [-0.0033593429435297573, -0.0026147115957284085]
