source:
	0.6337207664678828,0.8799046582964059
target:
	0.26223783418461855,0.47508228167972866
points:
	[-0.21088315375646802, -0.21088315375646802] [-0.0044799212471760596, -0.0031809398261889873]
	[-0.21088315375646802, -0.21088315375646802] [-0.0044799212471760596, -0.0031809398261889873]
	[-0.21088315375646802, -0.21088315375646802] [-0.0044799212471760596, -0.0031809398261889873]
	[-0.30882622873786314, -0.30882622873786314] [-0.004769503978384381, -0.002727618807478473]
	[-0.30882622873786314, -0.30882622873786314] [-0.004769503978384381, -0.002727618807478473]
	[-0.30882622873786314, -0.30882622873786314] [-0.004769503978384381, -0.002727618807478473]
	[-0.30882622873786314, -0.30882622873786314] [-0.004769503978384381, -0.002727618807478473]
	[-0.30882622873786314, -0.30882622873786314] [-0.004769503978384381, -0.002727618807478473]
	[-1.071233690506598, -1.071233690506598] [-0.005333057131614838, 0.0013215801866201086]
	[-1.071233690506598, -1.071233690506598] [-0.005333057131614838, 0.0013215801866201086]
	[-1.7737828411572678, -1.7737828411572678] [-0.003216216604853536, 0.004454663097182447]
	[-1.70168397497571, -1.70168397497571] [-0.0035287588540589237, 0.004211405170324445]
	[-1.70168397497571, -1.70168397497571] [-0.0035287588540589237, 0.004211405170324445]
	[-1.70168397497571, -1.70168397497571] [-0.0035287588540589237, 0.004211405170324445]
	[-2.409043355719996, -2.409043355719996] [5.4552318971936296e-05, 0.005494096522926177]
	[-2.409043355719996, -2.409043355719996] [5.4552318971936296e-05, 0.005494096522926177]
	[-2.409043355719996, -2.409043355719996] [5.4552318971936296e-05, 0.005494096522926177]
	[-2.409043355719996, -2.409043355719996] [5.4552318971936296e-05, 0.005494096522926177]
	[-2.409043355719996, -2.409043355719996] [5.4552318971936296e-05, 0.005494096522926177]
	[-2.060076720886344, -2.060076720886344] [-0.0018273151821269075, 0.005181601276044234]
	[-2.060076720886344, -2.060076720886344] [-0.0018273151821269075, 0.005181601276044234]
	[-2.798131379532485, -2.798131379532485] [0.002134631566046638, 0.005062748328326424]
	[-2.798131379532485, -2.798131379532485] [0.002134631566046638, 0.005062748328326424]
	[-2.798131379532485, -2.798131379532485] [0.002134631566046638, 0.005062748328326424]
	[-2.798131379532485, -2.798131379532485] [0.002134631566046638, 0.005062748328326424]
	[-2.798131379532485, -2.798131379532485] [0.002134631566046638, 0.005062748328326424]
	[-3.3220759865997307, -3.3220759865997307] [0.00438116624198704, 0.0033156379354217593]
	[-3.3220759865997307, -3.3220759865997307] [0.00438116624198704, 0.0033156379354217593]
	[-3.3220759865997307, -3.3220759865997307] [0.00438116624198704, 0.0033156379354217593]
	[-3.493309026252516, -3.493309026252516] [0.004882069844578612, 0.002520608377235719]
	[-3.011096579990964, -3.011096579990964] [0.0031564646276370546, 0.004497199530064325]
	[-3.011096579990964, -3.011096579990964] [0.0031564646276370546, 0.004497199530064325]
	[-3.011096579990964, -3.011096579990964] [0.0031564646276370546, 0.004497199530064325]
	[-3.011096579990964, -3.011096579990964] [0.0031564646276370546, 0.004497199530064325]
	[-3.011096579990964, -3.011096579990964] [0.0031564646276370546, 0.004497199530064325]
	[-2.6534121669413806, -2.6534121669413806] [0.0013821949236220452, 0.005317669579040067]
	[-2.6534121669413806, -2.6534121669413806] [0.0013821949236220452, 0.005317669579040067]
	[-2.830563824804891, -2.830563824804891] [0.00229767751800355, 0.004990866716512852]
	[-2.1643707699259096, -2.1643707699259096] [-0.0012779550920080293, 0.005343678820957101]
	[-2.4159602658047667, -2.4159602658047667] [9.255288260603148e-05, 0.00549358776417161]
	[-2.4159602658047667, -2.4159602658047667] [9.255288260603148e-05, 0.00549358776417161]
	[-2.4959072760678347, -2.4959072760678347] [0.0005309854747205115, 0.005468649466218378]
	[-2.7130296071363222, -2.7130296071363222] [0.0016965774092549298, 0.005225868124354129]
	[-2.7130296071363222, -2.7130296071363222] [0.0016965774092549298, 0.005225868124354129]
	[-2.7130296071363222, -2.7130296071363222] [0.0016965774092549298, 0.005225868124354129]
	[-2.999802191056161, -2.999802191056161] [0.003105471264651261, 0.004532562275706757]
	[-3.51617322336837, -3.51617322336837] [0.004938420462211427, 0.002408334672994225]
	[-3.51617322336837, -3.51617322336837] [0.004938420462211427, 0.002408334672994225]
	[-3.51617322336837, -3.51617322336837] [0.004938420462211427, 0.002408334672994225]
	[-3.51617322336837, -3.51617322336837] [0.004938420462211427, 0.002408334672994225]
	[-3.51617322336837, -3.51617322336837] [0.004938420462211427, 0.002408334672994225]
	[-3.51617322336837, -3.51617322336837] [0.004938420462211427, 0.002408334672994225]
	[-3.2155867073806164, -3.2155867073806164] [0.004003935615393387, 0.003762522045984461]
	[-3.2155867073806164, -3.2155867073806164] [0.004003935615393387, 0.003762522045984461]
	[-3.3629711733069856, -3.3629711733069856] [0.004513059026383388, 0.003133747083463205]
	[-3.184271624926599, -3.184271624926599] [0.0038841681452858614, 0.0038860404498514056]
	[-3.1489134374791106, -3.1489134374791106] [0.003744365683833647, 0.004020920066908033]
