source:
	0.1435075881891532,0.04992785560398216
target:
	0.4860667989803854,0.9127102467077083
points:
	[-0.44608421747045723, -0.44608421747045723] [0.006812731419701786, 0.006305609988943619]
	[-0.44608421747045723, -0.44608421747045723] [0.006812731419701786, 0.006305609988943619]
	[-0.44608421747045723, -0.44608421747045723] [0.006812731419701786, 0.006305609988943619]
	[-0.6294673245606257, -0.6294673245606257] [0.007848370243795828, 0.004957530760969386]
	[-0.6294673245606257, -0.6294673245606257] [0.007848370243795828, 0.004957530760969386]
	[-1.2446777309238888, -1.2446777309238888] [0.009270529047785659, -0.00048095519938951714]
	[-1.5999315495465607, -1.5999315495465607] [0.008524370988002121, -0.0036754762941100883]
	[-1.0905330202014212, -1.0905330202014212] [0.009234453782684783, 0.0009480981305308851]
	[-1.6466203829985755, -1.6466203829985755] [0.008343540400253206, -0.004069319392601183]
	[-1.8915802084662368, -1.8915802084662368] [0.0071075807080252145, -0.0059712915862956545]
	[-1.212382435705766, -1.212382435705766] [0.009281224841774516, -0.0001813619753010145]
	[-1.8405213648416043, -1.8405213648416043] [0.0074030727564006575, -0.005600762492116217]
	[-1.189629970562939, -1.189629970562939] [0.009282948693909734, 2.9837491466809682e-05]
	[-0.6021320525249179, -0.6021320525249179] [0.007709939632129102, 0.005170189319413985]
	[-0.9152316366278768, -0.9152316366278768] [0.008927573767348831, 0.002544101680004649]
	[-0.38115846697977507, -0.38115846697977507] [0.006389268532506126, 0.006734335479405856]
	[-0.38115846697977507, -0.38115846697977507] [0.006389268532506126, 0.006734335479405856]
	[-0.38115846697977507, -0.38115846697977507] [0.006389268532506126, 0.006734335479405856]
	[-0.8102075111822151, -0.8102075111822151] [0.008611682005117345, 0.003465971692382324]
	[-0.8102075111822151, -0.8102075111822151] [0.008611682005117345, 0.003465971692382324]
	[-0.8102075111822151, -0.8102075111822151] [0.008611682005117345, 0.003465971692382324]
	[-1.4194713650920552, -1.4194713650920552] [0.009045628403029407, -0.0020858172316780654]
	[-1.4194713650920552, -1.4194713650920552] [0.009045628403029407, -0.0020858172316780654]
	[-0.7000208512390742, -0.7000208512390742] [0.008178325705302813, 0.004391926159174437]
	[-0.7000208512390742, -0.7000208512390742] [0.008178325705302813, 0.004391926159174437]
	[0.0555195163412483, 0.0555195163412483] [0.002941547350305137, 0.008804619578128876]
	[-0.21991066658189834, -0.21991066658189834] [0.005225187946530402, 0.007672772488031356]
	[-0.21991066658189834, -0.21991066658189834] [0.005225187946530402, 0.007672772488031356]
	[-0.21991066658189834, -0.21991066658189834] [0.005225187946530402, 0.007672772488031356]
	[-0.21991066658189834, -0.21991066658189834] [0.005225187946530402, 0.007672772488031356]
	[-0.21991066658189834, -0.21991066658189834] [0.005225187946530402, 0.007672772488031356]
	[-0.193354224113011, -0.193354224113011] [0.005019607945215292, 0.007808813149639898]
	[-0.193354224113011, -0.193354224113011] [0.005019607945215292, 0.007808813149639898]
	[-0.8232943543521656, -0.8232943543521656] [0.008656301907037301, 0.0033529783810635977]
	[-0.8232943543521656, -0.8232943543521656] [0.008656301907037301, 0.0033529783810635977]
	[-0.8232943543521656, -0.8232943543521656] [0.008656301907037301, 0.0033529783810635977]
	[-0.8232943543521656, -0.8232943543521656] [0.008656301907037301, 0.0033529783810635977]
	[-0.8970157431390076, -0.8970157431390076] [0.008879752117654021, 0.002706294340731691]
	[-0.8970157431390076, -0.8970157431390076] [0.008879752117654021, 0.002706294340731691]
	[-1.5128884578398192, -1.5128884578398192] [0.008811619911984809, -0.002920510444489167]
	[-1.0818486270090941, -1.0818486270090941] [0.009225872006236728, 0.001028256998125943]
	[-0.9613035491515012, -0.9613035491515012] [0.009035270683346044, 0.0021302371718484726]
	[-1.5477051630369463, -1.5477051630369463] [0.008704617706493284, -0.0032254700918565504]
	[-1.5477051630369463, -1.5477051630369463] [0.008704617706493284, -0.0032254700918565504]
	[-2.322892305914123, -2.322892305914123] [0.003960277555712836, -0.00839584590207411]
	[-2.322892305914123, -2.322892305914123] [0.003960277555712836, -0.00839584590207411]
	[-2.88212317540767, -2.88212317540767] [-0.0010973026087055418, -0.009217914824654517]
	[-3.559232630073687, -3.559232630073687] [-0.006630641495347177, -0.006496816150226019]
	[-3.559232630073687, -3.559232630073687] [-0.006630641495347177, -0.006496816150226019]
	[-3.559232630073687, -3.559232630073687] [-0.006630641495347177, -0.006496816150226019]
	[-2.8362410141497545, -2.8362410141497545] [-0.000673358328362542, -0.009258542827642062]
	[-2.8506518236258844, -2.8506518236258844] [-0.0008067068896652949, -0.009247878174144814]
	[-3.2317608639291358, -3.2317608639291358] [-0.0041885776842898095, -0.008284313110471314]
	[-3.5363841408000307, -3.5363841408000307] [-0.006480481277323968, -0.006646607340885347]
	[-3.0847545320725223, -3.0847545320725223] [-0.0029299349794582145, -0.008808490662185246]
	[-3.271284179523917, -3.271284179523917] [-0.0045126449211931475, -0.008112340139866373]
	[-3.271284179523917, -3.271284179523917] [-0.0045126449211931475, -0.008112340139866373]
	[-3.037389026605229, -3.037389026605229] [-0.002509586326595355, -0.008937337590078104]
	[-2.523365299549898, -2.523365299549898] [0.002209074170014409, -0.009016319539647684]
	[-1.8650547084435127, -1.8650547084435127] [0.007263453321755253, -0.005780680978253345]
	[-1.6919123743029196, -1.6919123743029196] [0.008150739470558208, -0.004442912649686237]
	[-1.6919123743029196, -1.6919123743029196] [0.008150739470558208, -0.004442912649686237]
	[-0.939323920165111, -0.939323920165111] [0.008986270230284003, 0.0023282985371229706]
	[-1.3420157459190294, -1.3420157459190294] [0.009179904689014721, -0.0013796291640375737]
	[-1.3781296342215894, -1.3781296342215894] [0.009124106120312808, -0.0017101795914253688]
	[-1.3781296342215894, -1.3781296342215894] [0.009124106120312808, -0.0017101795914253688]
	[-1.3781296342215894, -1.3781296342215894] [0.009124106120312808, -0.0017101795914253688]
	[-1.6088493385398237, -1.6088493385398237] [0.008491255343992738, -0.003751347679537614]
	[-1.34130873465952, -1.34130873465952] [0.00918087780793031, -0.0013731385237878326]
	[-1.34130873465952, -1.34130873465952] [0.00918087780793031, -0.0013731385237878326]
	[-1.1657546757069175, -1.1657546757069175] [0.009279590730109161, 0.0002514410692978053]
	[-0.673647969228858, -0.673647969228858] [0.008059667415247837, 0.00460605990899486]
	[-0.9140430213543623, -0.9140430213543623] [0.0089245435034813, 0.002554711330880104]
	[-0.49044545813975204, -0.49044545813975204] [0.007085662010217311, 0.005997284436027747]
	[-0.3992953875993642, -0.3992953875993642] [0.006510351104950088, 0.0066173525839215075]
	[0.3386702361567492, 0.3386702361567492] [0.0003645600235780404, 0.009275835418918679]
	[0.7277431816441442, 0.7277431816441442] [-0.0031812969549930435, 0.008720858697044085]
	[0.9140195420404658, 0.9140195420404658] [-0.004741374082536218, 0.00798081440324929]
	[0.23024577751741138, 0.23024577751741138] [0.0013661773224355705, 0.009181916262595747]
	[0.23024577751741138, 0.23024577751741138] [0.0013661773224355705, 0.009181916262595747]
	[0.23024577751741138, 0.23024577751741138] [0.0013661773224355705, 0.009181916262595747]
	[-0.3754001782628501, -0.3754001782628501] [0.006350384571763992, 0.0067710148811208]
	[-0.3754001782628501, -0.3754001782628501] [0.006350384571763992, 0.0067710148811208]
