source:
	0.6737922978452614,0.7309715219699042
target:
	0.5021623454800488,0.022238708261939077
points:
	[-0.22907024074756963, -0.22907024074756963] [-0.0032808010780141983, -0.006512468691980816]
	[0.1963173583282166, 0.1963173583282166] [-0.00030088666213133657, -0.007285970861462521]
	[0.26685858576595695, 0.26685858576595695] [0.00021339682612352595, -0.007289057961913175]
	[0.05772966417507544, 0.05772966417507544] [-0.0013045185017152938, -0.007174547766668778]
	[0.05772966417507544, 0.05772966417507544] [-0.0013045185017152938, -0.007174547766668778]
	[0.27171220588502687, 0.27171220588502687] [0.0002487724920352026, -0.007287936362560808]
	[0.5450049080708084, 0.5450049080708084] [0.0022065786704527123, -0.006950317600558452]
	[0.7199926051452529, 0.7199926051452529] [0.003382903953198145, -0.006460020512426088]
	[1.275271902890719, 1.275271902890719] [0.006280231415882572, -0.003706021794389643]
	[1.4182147533980944, 1.4182147533980944] [0.006744126808060414, -0.0027735640923422502]
	[1.4182147533980944, 1.4182147533980944] [0.006744126808060414, -0.0027735640923422502]
	[1.5578966937886318, 1.5578966937886318] [0.007064599457689962, -0.0018075781255415069]
	[1.5578966937886318, 1.5578966937886318] [0.007064599457689962, -0.0018075781255415069]
	[1.8353558704964592, 1.8353558704964592] [0.007289529306267111, 0.00019663842605752166]
	[1.8353558704964592, 1.8353558704964592] [0.007289529306267111, 0.00019663842605752166]
	[1.9155811279273824, 1.9155811279273824] [0.007250325392864144, 0.0007801832317595969]
	[1.9155811279273824, 1.9155811279273824] [0.007250325392864144, 0.0007801832317595969]
	[1.9155811279273824, 1.9155811279273824] [0.007250325392864144, 0.0007801832317595969]
	[2.14096600677057, 2.14096600677057] [0.006892594829215772, 0.002380764729618921]
	[2.3206714143081806, 2.3206714143081806] [0.0063560619246641305, 0.0035744063825150557]
	[2.823670825664861, 2.823670825664861] [0.0038457414023783717, 0.006195657934679922]
	[3.2797192205808785, 3.2797192205808785] [0.0007241145541323445, 0.007256139627241413]
	[3.2797192205808785, 3.2797192205808785] [0.0007241145541323445, 0.007256139627241413]
	[2.9680890896025955, 2.9680890896025955] [0.002914047342669594, 0.0066846265611632885]
	[3.6607174312879254, 3.6607174312879254] [-0.002025984702487709, 0.0070050903036874]
	[3.6464479588777365, 3.6464479588777365] [-0.0019258228920536944, 0.007033285886836351]
	[2.946349370268566, 2.946349370268566] [0.0030586692166374115, 0.006619701413260581]
	[2.946349370268566, 2.946349370268566] [0.0030586692166374115, 0.006619701413260581]
	[2.863939021930773, 2.863939021930773] [0.003593203285805221, 0.006345454619206413]
	[2.4158713780391046, 2.4158713780391046] [0.005987511480594361, 0.004162404406984042]
	[2.4158713780391046, 2.4158713780391046] [0.005987511480594361, 0.004162404406984042]
	[2.4158713780391046, 2.4158713780391046] [0.005987511480594361, 0.004162404406984042]
	[2.3486748486300706, 2.3486748486300706] [0.0062534873274941154, 0.0037509732633544545]
	[2.4676741850378936, 2.4676741850378936] [0.005763951635205501, 0.004466851880747925]
	[3.15804941780474, 3.15804941780474] [0.0015994378968658823, 0.007114611907307292]
	[3.8315000816021327, 3.8315000816021327] [-0.0031870515609187127, 0.006558857105134632]
	[4.194896619567961, 4.194896619567961] [-0.005310273231693113, 0.004997689704482765]
	[3.409610360468835, 3.409610360468835] [-0.00022184558185385153, 0.0072888057125527345]
	[3.4275810575739722, 3.4275810575739722] [-0.00035278763040863824, 0.007283642293891163]
	[2.878417507467578, 2.878417507467578] [0.003500957313851259, 0.006396811867182027]
	[3.324614179240868, 3.324614179240868] [0.000397730262576715, 0.007281326446174495]
	[3.7387165384433776, 3.7387165384433776] [-0.002565661852164118, 0.006825927295091798]
	[3.7387165384433776, 3.7387165384433776] [-0.002565661852164118, 0.006825927295091798]
	[3.7387165384433776, 3.7387165384433776] [-0.002565661852164118, 0.006825927295091798]
	[3.7387165384433776, 3.7387165384433776] [-0.002565661852164118, 0.006825927295091798]
	[4.448294083988264, 4.448294083988264] [-0.006393589155525466, 0.0035068393016898583]
	[4.7404590851624455, 4.7404590851624455] [-0.0071327065394655755, 0.0015167074864305477]
	[4.389091706638228, 4.389091706638228] [-0.006174895946838113, 0.003878990103525877]
	[4.389091706638228, 4.389091706638228] [-0.006174895946838113, 0.003878990103525877]
	[4.389091706638228, 4.389091706638228] [-0.006174895946838113, 0.003878990103525877]
	[4.3635943597717635, 4.3635943597717635] [-0.006073995620249968, 0.004035155682586938]
	[4.3635943597717635, 4.3635943597717635] [-0.006073995620249968, 0.004035155682586938]
	[4.394349691190028, 4.394349691190028] [-0.006195206166271576, 0.0038464691256943797]
	[4.181171343854905, 4.181171343854905] [-0.005241180540968489, 0.005070101647354093]
	[4.853917630413235, 4.853917630413235] [-0.0072585611284784095, 0.0006994244217009395]
	[4.7548099282828975, 4.7548099282828975] [-0.007153737357488048, 0.0014141944695159018]
	[5.134064890581165, 5.134064890581165] [-0.007168973049249384, -0.0013348144427842573]
	[4.550431441852833, 4.550431441852833] [-0.006717825917224327, 0.0028366739543695496]
	[4.398815432680761, 4.398815432680761] [-0.0062123216710230226, 0.0038187646737220093]
	[4.398815432680761, 4.398815432680761] [-0.0062123216710230226, 0.0038187646737220093]
	[4.398815432680761, 4.398815432680761] [-0.0062123216710230226, 0.0038187646737220093]
	[4.398815432680761, 4.398815432680761] [-0.0062123216710230226, 0.0038187646737220093]
	[3.7364804607975675, 3.7364804607975675] [-0.002550392147239736, 0.006831647244466545]
	[4.281817131346067, 4.281817131346067] [-0.005724080792025226, 0.004517831699377181]
	[4.281817131346067, 4.281817131346067] [-0.005724080792025226, 0.004517831699377181]
	[4.2518934569337254, 4.2518934569337254] [-0.005586348286774266, 0.0046870691264780445]
	[4.543822654062097, 4.543822654062097] [-0.0066989323738899055, 0.0028810083699252263]
	[3.9735351630830404, 3.9735351630830404] [-0.0040834164960574446, 0.006041656552408073]
	[3.9735351630830404, 3.9735351630830404] [-0.0040834164960574446, 0.006041656552408073]
	[3.9735351630830404, 3.9735351630830404] [-0.0040834164960574446, 0.006041656552408073]
	[4.183973897176734, 4.183973897176734] [-0.005255369169679581, 0.005055393067597296]
	[4.128135546778399, 4.128135546778399] [-0.00496504024219279, 0.005340812632075348]
	[4.836074815403681, 4.836074815403681] [-0.007244926681029478, 0.0008288193796217895]
	[4.787627204717439, 4.787627204717439] [-0.007196287190841184, 0.0011787089736082226]
	[5.091022124986177, 5.091022124986177] [-0.00721976953530491, -0.0010251009875190701]
