source:
	0.3042260826137204,0.07402628598082506
target:
	0.951440375859363,0.17704109937480306
points:
	[-0.1987223071738677, -0.1987223071738677] [0.006548137372791518, -0.00026783626165302274]
	[-0.33293963080108546, -0.33293963080108546] [0.006453405404273368, -0.0011416645760031964]
	[0.3017929503143235, 0.3017929503143235] [0.005873441475235119, 0.002907322574636874]
	[0.28521265667682255, 0.28521265667682255] [0.005920836224584903, 0.002809544040880738]
	[1.0326118105759927, 1.0326118105759927] [0.0024329509220296077, 0.006085276421576965]
	[1.0326118105759927, 1.0326118105759927] [0.0024329509220296077, 0.006085276421576965]
	[1.6527629916654107, 1.6527629916654107] [-0.0015565956681742182, 0.0063660701568413885]
	[1.6527629916654107, 1.6527629916654107] [-0.0015565956681742182, 0.0063660701568413885]
	[2.4186392553142313, 2.4186392553142313] [-0.005534717162860522, 0.0035095220818713276]
	[2.832273414760619, 2.832273414760619] [-0.00647856929389988, 0.0009889283190114841]
	[2.7610760140982014, 2.7610760140982014] [-0.006391806412763906, 0.0014472906058409579]
	[3.2127113751226073, 3.2127113751226073] [-0.0063825811181395875, -0.0014874466667323838]
	[3.2127113751226073, 3.2127113751226073] [-0.0063825811181395875, -0.0014874466667323838]
	[2.627895774031821, 2.627895774031821] [-0.006143023276116919, 0.002283222359975266]
	[1.9759794737486893, 1.9759794737486893] [-0.003497972417973857, 0.005542023843245299]
	[1.9026992864917445, 1.9026992864917445] [-0.0030828274232935055, 0.005783252924971794]
	[1.460257911176602, 1.460257911176602] [-0.0003098965904350117, 0.006546281648328464]
	[1.3001270041094053, 1.3001270041094053] [0.0007378559488436736, 0.0065119434821534865]
	[1.009858127390545, 1.009858127390545] [0.00257077164764659, 0.00602834740635124]
	[0.638315846518517, 0.638315846518517] [0.0045839731849142045, 0.004683698234941359]
	[0.638315846518517, 0.638315846518517] [0.0045839731849142045, 0.004683698234941359]
	[0.8023285981913454, 0.8023285981913454] [0.0037577096070207025, 0.005369307015370754]
	[0.9854292303494897, 0.9854292303494897] [0.0027172558360163525, 0.0059637538545483535]
	[1.490659434662398, 1.490659434662398] [-0.0005087396698009062, 0.0065338367950520575]
	[2.219591413009106, 2.219591413009106] [-0.004731476742971177, 0.0045346407957773385]
	[1.4803996238120147, 1.4803996238120147] [-0.00044167814054554805, 0.0065387123913022436]
	[1.3234253422287545, 1.3234253422287545] [0.0005859519634208883, 0.00652736544193509]
	[0.799602750353337, 0.799602750353337] [0.003772331542469856, 0.005359044135822383]
	[0.7157705947855278, 0.7157705947855278] [0.004207817836687353, 0.005024351537189754]
	[0.3048309685970272, 0.3048309685970272] [0.005864581885081348, 0.0029251527531363166]
	[0.6844100332516674, 0.6844100332516674] [0.00436328950322638, 0.004889943151718613]
	[0.6844100332516674, 0.6844100332516674] [0.00436328950322638, 0.004889943151718613]
	[0.33005815157883905, 0.33005815157883905] [0.005788930305684117, 0.003072153191482689]
	[0.33005815157883905, 0.33005815157883905] [0.005788930305684117, 0.003072153191482689]
	[0.6722464499638021, 0.6722464499638021] [0.004422444490970857, 0.004836509489320452]
	[0.1690947884734021, 0.1690947884734021] [0.006206470301328569, 0.0021046533478774423]
	[0.2298846316820424, 0.2298846316820424] [0.0060671433592938894, 0.002477823797968961]
	[0.2298846316820424, 0.2298846316820424] [0.0060671433592938894, 0.002477823797968961]
	[0.09277520871043171, 0.09277520871043171] [0.006348874098662456, 0.0016253113533530319]
	[-0.392865776234746, -0.392865776234746] [0.006373446704621158, -0.0015261115356876734]
	[-0.392865776234746, -0.392865776234746] [0.006373446704621158, -0.0015261115356876734]
	[0.24886228856569675, 0.24886228856569675] [0.006019030379489384, 0.002592510869174739]
	[-0.017572026258996842, -0.017572026258996842] [0.006489244595126571, 0.0009162662825979468]
	[-0.3229147019053924, -0.3229147019053924] [0.006464526040445166, -0.0010769133616088172]
	[-0.5681624215953349, -0.5681624215953349] [0.006009618435116454, -0.002614254306740976]
	[-0.844317745924934, -0.844317745924934] [0.005069119885236347, -0.004153776944553801]
	[-1.0980677087994788, -1.0980677087994788] [0.0038640499224384273, -0.00529329363562129]
	[-1.064863506510142, -1.064863506510142] [0.004037647321864022, -0.005162096804618213]
	[-0.40800905123265374, -0.40800905123265374] [0.006349606499681648, -0.0016224477234123283]
	[-0.18370226559163325, -0.18370226559163325] [0.006551421511909212, -0.0001694564525135694]
	[-0.18370226559163325, -0.18370226559163325] [0.006551421511909212, -0.0001694564525135694]
	[-0.388858047246024, -0.388858047246024] [0.006379511744953017, -0.0015005563008470505]
	[-1.0624759187648434, -1.0624759187648434] [0.004049960760774172, -0.005152441863058211]
	[-1.0624759187648434, -1.0624759187648434] [0.004049960760774172, -0.005152441863058211]
	[-1.0624759187648434, -1.0624759187648434] [0.004049960760774172, -0.005152441863058211]
	[-1.0624759187648434, -1.0624759187648434] [0.004049960760774172, -0.005152441863058211]
	[-0.9235771188414217, -0.9235771188414217] [0.004724324829023388, -0.004542091393386796]
	[-1.17753661238824, -1.17753661238824] [0.0034316453888864223, -0.005583336747943816]
