source:
	0.6275093980768632,0.8600110002235198
target:
	0.39816603811311024,0.139093541908355
points:
	[-0.5262557732510685, -0.5262557732510685] [-0.0056042809853406785, -0.005081738923208769]
	[-0.6748051589790077, -0.6748051589790077] [-0.0062946759104892495, -0.004196318747213138]
	[-0.6096045640405138, -0.6096045640405138] [-0.006007892278643762, -0.004597528272291402]
	[-0.6096045640405138, -0.6096045640405138] [-0.006007892278643762, -0.004597528272291402]
	[-0.6096045640405138, -0.6096045640405138] [-0.006007892278643762, -0.004597528272291402]
	[-1.1290420525634444, -1.1290420525634444] [-0.007497618333496516, -0.0010088385259906724]
	[-1.1290420525634444, -1.1290420525634444] [-0.007497618333496516, -0.0010088385259906724]
	[-1.1290420525634444, -1.1290420525634444] [-0.007497618333496516, -0.0010088385259906724]
	[-0.6203430882806532, -0.6203430882806532] [-0.0060569155991430325, -0.004532748533854918]
	[-0.9189726224166932, -0.9189726224166932] [-0.0071224231006574625, -0.0025501225502957783]
	[-0.9189726224166932, -0.9189726224166932] [-0.0071224231006574625, -0.0025501225502957783]
	[-0.9189726224166932, -0.9189726224166932] [-0.0071224231006574625, -0.0025501225502957783]
	[-0.9189726224166932, -0.9189726224166932] [-0.0071224231006574625, -0.0025501225502957783]
	[-0.9189726224166932, -0.9189726224166932] [-0.0071224231006574625, -0.0025501225502957783]
	[-0.9189726224166932, -0.9189726224166932] [-0.0071224231006574625, -0.0025501225502957783]
	[-0.9189726224166932, -0.9189726224166932] [-0.0071224231006574625, -0.0025501225502957783]
	[-0.4232642710370314, -0.4232642710370314] [-0.0050521330929214, -0.005630984554917065]
	[-0.4232642710370314, -0.4232642710370314] [-0.0050521330929214, -0.005630984554917065]
	[-0.4232642710370314, -0.4232642710370314] [-0.0050521330929214, -0.005630984554917065]
	[0.3094471174509759, 0.3094471174509759] [1.09245080276813e-05, -0.007565177889609104]
	[0.3094471174509759, 0.3094471174509759] [1.09245080276813e-05, -0.007565177889609104]
	[0.3094471174509759, 0.3094471174509759] [1.09245080276813e-05, -0.007565177889609104]
	[0.9171180180735237, 0.9171180180735237] [0.0043283590642534155, -0.0062046227651003415]
	[0.9171180180735237, 0.9171180180735237] [0.0043283590642534155, -0.0062046227651003415]
	[0.9171180180735237, 0.9171180180735237] [0.0043283590642534155, -0.0062046227651003415]
	[0.9171180180735237, 0.9171180180735237] [0.0043283590642534155, -0.0062046227651003415]
	[0.9171180180735237, 0.9171180180735237] [0.0043283590642534155, -0.0062046227651003415]
	[0.9171180180735237, 0.9171180180735237] [0.0043283590642534155, -0.0062046227651003415]
	[0.9171180180735237, 0.9171180180735237] [0.0043283590642534155, -0.0062046227651003415]
	[0.8687821893974076, 0.8687821893974076] [0.0040235149469512, -0.006406509448831429]
	[0.23558780161429205, 0.23558780161429205] [-0.0005473562543466402, -0.007545358638072396]
	[0.23558780161429205, 0.23558780161429205] [-0.0005473562543466402, -0.007545358638072396]
	[0.23558780161429205, 0.23558780161429205] [-0.0005473562543466402, -0.007545358638072396]
	[0.23558780161429205, 0.23558780161429205] [-0.0005473562543466402, -0.007545358638072396]
	[0.23558780161429205, 0.23558780161429205] [-0.0005473562543466402, -0.007545358638072396]
	[0.8743404129004592, 0.8743404129004592] [0.004059061424223011, -0.006384047008026396]
	[0.8743404129004592, 0.8743404129004592] [0.004059061424223011, -0.006384047008026396]
	[0.8743404129004592, 0.8743404129004592] [0.004059061424223011, -0.006384047008026396]
	[0.8743404129004592, 0.8743404129004592] [0.004059061424223011, -0.006384047008026396]
	[0.8743404129004592, 0.8743404129004592] [0.004059061424223011, -0.006384047008026396]
	[0.8743404129004592, 0.8743404129004592] [0.004059061424223011, -0.006384047008026396]
	[0.8743404129004592, 0.8743404129004592] [0.004059061424223011, -0.006384047008026396]
	[0.8743404129004592, 0.8743404129004592] [0.004059061424223011, -0.006384047008026396]
	[0.8743404129004592, 0.8743404129004592] [0.004059061424223011, -0.006384047008026396]
	[0.8180172994580098, 0.8180172994580098] [0.003693245535675157, -0.006602421772313673]
	[0.8180172994580098, 0.8180172994580098] [0.003693245535675157, -0.006602421772313673]
	[0.8180172994580098, 0.8180172994580098] [0.003693245535675157, -0.006602421772313673]
	[0.8180172994580098, 0.8180172994580098] [0.003693245535675157, -0.006602421772313673]
	[0.8180172994580098, 0.8180172994580098] [0.003693245535675157, -0.006602421772313673]
	[0.8180172994580098, 0.8180172994580098] [0.003693245535675157, -0.006602421772313673]
	[0.8180172994580098, 0.8180172994580098] [0.003693245535675157, -0.006602421772313673]
	[0.4994989813619265, 0.4994989813619265] [0.001439864239639941, -0.00742689886949541]
	[0.4994989813619265, 0.4994989813619265] [0.001439864239639941, -0.00742689886949541]
	[0.3729288179033, 0.3729288179033] [0.0004908303623270614, -0.007549246412836449]
	[0.5757973000501948, 0.5757973000501948] [0.0020017854968257653, -0.007295539093926105]
	[1.3054035039206944, 1.3054035039206944] [0.006355237148772176, -0.004104022006419093]
	[1.3054035039206944, 1.3054035039206944] [0.006355237148772176, -0.004104022006419093]
	[1.3480861017839676, 1.3480861017839676] [0.006524566166945229, -0.0038291085358683336]
	[1.3480861017839676, 1.3480861017839676] [0.006524566166945229, -0.0038291085358683336]
	[1.3480861017839676, 1.3480861017839676] [0.006524566166945229, -0.0038291085358683336]
	[1.3480861017839676, 1.3480861017839676] [0.006524566166945229, -0.0038291085358683336]
	[1.3480861017839676, 1.3480861017839676] [0.006524566166945229, -0.0038291085358683336]
	[0.8549037808978679, 0.8549037808978679] [0.0039342181671332185, -0.0064617306706257135]
