source:
	0.14091338153171007,0.8676217105705013
target:
	0.9822338999786306,0.530198744360557
points:
	[0.6622429563649382, 0.6622429563649382] [0.004560009518817659, -0.007834140698051292]
	[-0.04063200150116297, -0.04063200150116297] [0.008543325192109087, -0.003029693375648021]
	[-0.5396851025237677, -0.5396851025237677] [0.00895134234669119, 0.0014286068321635195]
	[-1.2799888882799744, -1.2799888882799744] [0.005644838230673161, 0.007092478314249678]
	[-1.2799888882799744, -1.2799888882799744] [0.005644838230673161, 0.007092478314249678]
	[-1.7404608976415181, -1.7404608976415181] [0.001905196268790891, 0.008862148411415626]
	[-1.7404608976415181, -1.7404608976415181] [0.001905196268790891, 0.008862148411415626]
	[-1.7404608976415181, -1.7404608976415181] [0.001905196268790891, 0.008862148411415626]
	[-1.7404608976415181, -1.7404608976415181] [0.001905196268790891, 0.008862148411415626]
	[-1.519572717795565, -1.519572717795565] [0.003800570176842581, 0.0082294054232044]
	[-1.879053110821398, -1.879053110821398] [0.000662631601655263, 0.009040374253815991]
	[-2.3826423377835653, -2.3826423377835653] [-0.003782264115825698, 0.008237834997540829]
	[-2.3826423377835653, -2.3826423377835653] [-0.003782264115825698, 0.008237834997540829]
	[-2.912756948837411, -2.912756948837411] [-0.0074284598968856145, 0.0051947503163225685]
	[-3.5607256631539674, -3.5607256631539674] [-0.009058181718295486, -0.000341747343674692]
	[-4.1556557571762065, -4.1556557571762065] [-0.007310341906965073, -0.00535969667908936]
	[-4.1556557571762065, -4.1556557571762065] [-0.007310341906965073, -0.00535969667908936]
	[-4.46631689305505, -4.46631689305505] [-0.005322012110635115, -0.007337822182556922]
	[-4.46631689305505, -4.46631689305505] [-0.005322012110635115, -0.007337822182556922]
	[-4.46631689305505, -4.46631689305505] [-0.005322012110635115, -0.007337822182556922]
	[-4.46631689305505, -4.46631689305505] [-0.005322012110635115, -0.007337822182556922]
	[-4.8264813792358, -4.8264813792358] [-0.002394490534567404, -0.008742646187993561]
	[-5.141587130082472, -5.141587130082472] [0.00043290036207993223, -0.009054283216526989]
	[-5.849147967946336, -5.849147967946336] [0.006214104147312829, -0.006599420954517202]
	[-5.600884966173075, -5.600884966173075] [0.004401970468827745, -0.007924020651168175]
	[-5.600884966173075, -5.600884966173075] [0.004401970468827745, -0.007924020651168175]
	[-4.835523552605594, -4.835523552605594] [-0.0023153412020718886, -0.008763939890629074]
	[-4.835523552605594, -4.835523552605594] [-0.0023153412020718886, -0.008763939890629074]
	[-4.835523552605594, -4.835523552605594] [-0.0023153412020718886, -0.008763939890629074]
	[-4.780578710742593, -4.780578710742593] [-0.0027931381898069385, -0.008623562276763199]
	[-4.780578710742593, -4.780578710742593] [-0.0027931381898069385, -0.008623562276763199]
	[-5.311194402270668, -5.311194402270668] [0.0019550089080758552, -0.008851292982266223]
	[-6.003971410094478, -6.003971410094478] [0.007157443868716321, -0.005562233773831012]
	[-6.421298850245406, -6.421298850245406] [0.008797636859777077, -0.0021838115697245973]
	[-5.666665367137574, -5.666665367137574] [0.004913319531791549, -0.007617528369956157]
	[-6.05995665786148, -6.05995665786148] [0.007457470225622601, -0.005153017089290859]
	[-6.05995665786148, -6.05995665786148] [0.007457470225622601, -0.005153017089290859]
	[-6.05995665786148, -6.05995665786148] [0.007457470225622601, -0.005153017089290859]
	[-6.574765024760114, -6.574765024760114] [0.009028066868954633, -0.0008132993902954334]
	[-6.574765024760114, -6.574765024760114] [0.009028066868954633, -0.0008132993902954334]
	[-6.574765024760114, -6.574765024760114] [0.009028066868954633, -0.0008132993902954334]
	[-6.574765024760114, -6.574765024760114] [0.009028066868954633, -0.0008132993902954334]
	[-6.509067193724784, -6.509067193724784] [0.008955196805179562, -0.0014042426674449927]
	[-7.083495108940729, -7.083495108940729] [0.008280918863486334, 0.0036869811587432124]
	[-7.083495108940729, -7.083495108940729] [0.008280918863486334, 0.0036869811587432124]
	[-6.766806341022685, -6.766806341022685] [0.009017329752005712, 0.0009247764227984125]
	[-6.732942058609939, -6.732942058609939] [0.009043470660660078, 0.0006189391717702383]
	[-6.732942058609939, -6.732942058609939] [0.009043470660660078, 0.0006189391717702383]
	[-6.600795796505487, -6.600795796505487] [0.009046176747722992, -0.0005780428509437007]
	[-6.600795796505487, -6.600795796505487] [0.009046176747722992, -0.0005780428509437007]
	[-7.024414809866082, -7.024414809866082] [0.008484172119630285, 0.003191593760656174]
	[-6.666060154114284, -6.666060154114284] [0.009064616597477449, 1.316166051865384e-05]
	[-7.309695152456351, -7.309695152456351] [0.007243066612522604, 0.005450269106670932]
	[-7.573038953113526, -7.573038953113526] [0.005574599128600829, 0.007147817278300708]
	[-7.573038953113526, -7.573038953113526] [0.005574599128600829, 0.007147817278300708]
	[-7.573038953113526, -7.573038953113526] [0.005574599128600829, 0.007147817278300708]
	[-6.853054276214543, -6.853054276214543] [0.008904150694779362, 0.0016981012022937475]
	[-7.568968117067427, -7.568968117067427] [0.005603650450216759, 0.0071250648362212645]
	[-7.754942667051949, -7.754942667051949] [0.004189568408960609, 0.008038343351413306]
	[-7.754942667051949, -7.754942667051949] [0.004189568408960609, 0.008038343351413306]
	[-7.146254644332879, -7.146254644332879] [0.008033374588559935, 0.004199087997226393]
	[-7.588896078239469, -7.588896078239469] [0.00546055919822484, 0.007235312054863519]
	[-7.146842256800891, -7.146842256800891] [0.008030905765324942, 0.00420380778307499]
	[-6.523221056148709, -6.523221056148709] [0.008974174608627386, -0.0012773556209759072]
	[-6.523221056148709, -6.523221056148709] [0.008974174608627386, -0.0012773556209759072]
	[-6.523221056148709, -6.523221056148709] [0.008974174608627386, -0.0012773556209759072]
	[-5.775459924109787, -5.775459924109787] [0.0057113822657019, -0.007039002763431556]
	[-5.775459924109787, -5.775459924109787] [0.0057113822657019, -0.007039002763431556]
	[-6.421219558718032, -6.421219558718032] [0.00879746367436638, -0.0021845091409227898]
	[-6.421219558718032, -6.421219558718032] [0.00879746367436638, -0.0021845091409227898]
	[-6.485109954493285, -6.485109954493285] [0.008918988454070267, -0.0016183609747928648]
	[-6.408118953549198, -6.408118953549198] [0.008768091175906953, -0.0022995704858851094]
	[-6.408118953549198, -6.408118953549198] [0.008768091175906953, -0.0022995704858851094]
	[-6.408118953549198, -6.408118953549198] [0.008768091175906953, -0.0022995704858851094]
	[-6.109255102575147, -6.109255102575147] [0.0077023428210571945, -0.004779263788020071]
	[-6.109255102575147, -6.109255102575147] [0.0077023428210571945, -0.004779263788020071]
	[-6.109255102575147, -6.109255102575147] [0.0077023428210571945, -0.004779263788020071]
	[-6.109255102575147, -6.109255102575147] [0.0077023428210571945, -0.004779263788020071]
