source:
	0.6793280695251213,0.201245166491279
target:
	0.22658420564410275,0.9986429640313719
points:
	[0, 0] [-0.004527438638810186, 0.007973977975400929]
	[0, 0] [-0.004527438638810186, 0.007973977975400929]
	[0, 0] [-0.004527438638810186, 0.007973977975400929]
	[0, 0] [-0.004527438638810186, 0.007973977975400929]
	[0, 0] [-0.004527438638810186, 0.007973977975400929]
	[-0.09701375306222346, -0.09701375306222346] [-0.005278522614241838, 0.007497948012043566]
	[0.17748301307489708, 0.17748301307489708] [-0.00304849073036165, 0.008648047736181249]
	[-0.26181242208985367, -0.26181242208985367] [-0.006437072393106627, 0.006530400017324747]
	[-0.26181242208985367, -0.26181242208985367] [-0.006437072393106627, 0.006530400017324747]
	[-0.26181242208985367, -0.26181242208985367] [-0.006437072393106627, 0.006530400017324747]
	[-0.26181242208985367, -0.26181242208985367] [-0.006437072393106627, 0.006530400017324747]
	[-0.26181242208985367, -0.26181242208985367] [-0.006437072393106627, 0.006530400017324747]
	[-0.981104616747577, -0.981104616747577] [-0.009145000535536742, 0.0006715583261364676]
	[-0.981104616747577, -0.981104616747577] [-0.009145000535536742, 0.0006715583261364676]
	[-0.981104616747577, -0.981104616747577] [-0.009145000535536742, 0.0006715583261364676]
	[-1.74242032979984, -1.74242032979984] [-0.007083621714215511, -0.005822742377116219]
	[-1.0429224253036826, -1.0429224253036826] [-0.009169020385632424, 0.00010531167184864953]
	[-1.0429224253036826, -1.0429224253036826] [-0.009169020385632424, 0.00010531167184864953]
	[-1.0429224253036826, -1.0429224253036826] [-0.009169020385632424, 0.00010531167184864953]
	[-1.0429224253036826, -1.0429224253036826] [-0.009169020385632424, 0.00010531167184864953]
	[-1.0429224253036826, -1.0429224253036826] [-0.009169020385632424, 0.00010531167184864953]
	[-1.0429224253036826, -1.0429224253036826] [-0.009169020385632424, 0.00010531167184864953]
	[-1.0429224253036826, -1.0429224253036826] [-0.009169020385632424, 0.00010531167184864953]
	[-1.649116209904544, -1.649116209904544] [-0.0075953081989989625, -0.005137442821345038]
	[-1.649116209904544, -1.649116209904544] [-0.0075953081989989625, -0.005137442821345038]
	[-1.958284496774991, -1.958284496774991] [-0.005672040006265881, -0.007204858607057453]
	[-2.19768456444528, -2.19768456444528] [-0.0038018607575798402, -0.008344332217759848]
	[-2.19768456444528, -2.19768456444528] [-0.0038018607575798402, -0.008344332217759848]
	[-2.19768456444528, -2.19768456444528] [-0.0038018607575798402, -0.008344332217759848]
	[-1.67777081445952, -1.67777081445952] [-0.0074449989626110555, -0.005352944594061369]
	[-2.2675752690152553, -2.2675752690152553] [-0.003209862454907766, -0.008589459144843988]
	[-2.2675752690152553, -2.2675752690152553] [-0.003209862454907766, -0.008589459144843988]
	[-2.2675752690152553, -2.2675752690152553] [-0.003209862454907766, -0.008589459144843988]
	[-2.2675752690152553, -2.2675752690152553] [-0.003209862454907766, -0.008589459144843988]
	[-2.42067519789474, -2.42067519789474] [-0.0018624027042298877, -0.008978501074658717]
	[-2.42067519789474, -2.42067519789474] [-0.0018624027042298877, -0.008978501074658717]
	[-2.42067519789474, -2.42067519789474] [-0.0018624027042298877, -0.008978501074658717]
	[-2.42067519789474, -2.42067519789474] [-0.0018624027042298877, -0.008978501074658717]
	[-2.42067519789474, -2.42067519789474] [-0.0018624027042298877, -0.008978501074658717]
	[-2.42067519789474, -2.42067519789474] [-0.0018624027042298877, -0.008978501074658717]
	[-2.42067519789474, -2.42067519789474] [-0.0018624027042298877, -0.008978501074658717]
	[-2.42067519789474, -2.42067519789474] [-0.0018624027042298877, -0.008978501074658717]
	[-2.42067519789474, -2.42067519789474] [-0.0018624027042298877, -0.008978501074658717]
	[-2.42067519789474, -2.42067519789474] [-0.0018624027042298877, -0.008978501074658717]
	[-2.42067519789474, -2.42067519789474] [-0.0018624027042298877, -0.008978501074658717]
	[-2.42067519789474, -2.42067519789474] [-0.0018624027042298877, -0.008978501074658717]
	[-2.42067519789474, -2.42067519789474] [-0.0018624027042298877, -0.008978501074658717]
	[-2.42067519789474, -2.42067519789474] [-0.0018624027042298877, -0.008978501074658717]
	[-1.9399850253477993, -1.9399850253477993] [-0.005802928078723759, -0.007099862751738933]
	[-1.8016510589043309, -1.8016510589043309] [-0.006726516032128403, -0.006231854254544957]
	[-1.8016510589043309, -1.8016510589043309] [-0.006726516032128403, -0.006231854254544957]
	[-2.201291982016107, -2.201291982016107] [-0.003771734594550536, -0.008357992793047936]
	[-1.710788404728665, -1.710788404728665] [-0.007264231986182018, -0.0055957983372616794]
	[-1.710788404728665, -1.710788404728665] [-0.007264231986182018, -0.0055957983372616794]
	[-1.710788404728665, -1.710788404728665] [-0.007264231986182018, -0.0055957983372616794]
	[-1.710788404728665, -1.710788404728665] [-0.007264231986182018, -0.0055957983372616794]
	[-1.6869674734156617, -1.6869674734156617] [-0.007395455609383963, -0.0054211863747709145]
	[-1.6869674734156617, -1.6869674734156617] [-0.007395455609383963, -0.0054211863747709145]
	[-1.6869674734156617, -1.6869674734156617] [-0.007395455609383963, -0.0054211863747709145]
	[-2.035064254367221, -2.035064254367221] [-0.005102685569059542, -0.007618702341191841]
	[-1.6019261891847913, -1.6019261891847913] [-0.00782919884290595, -0.0047734338644848376]
	[-1.6019261891847913, -1.6019261891847913] [-0.00782919884290595, -0.0047734338644848376]
	[-1.6019261891847913, -1.6019261891847913] [-0.00782919884290595, -0.0047734338644848376]
	[-1.6019261891847913, -1.6019261891847913] [-0.00782919884290595, -0.0047734338644848376]
	[-1.2560969831904993, -1.2560969831904993] [-0.008983752576544638, -0.0018369036512016913]
	[-1.2560969831904993, -1.2560969831904993] [-0.008983752576544638, -0.0018369036512016913]
	[-1.2560969831904993, -1.2560969831904993] [-0.008983752576544638, -0.0018369036512016913]
	[-1.2560969831904993, -1.2560969831904993] [-0.008983752576544638, -0.0018369036512016913]
	[-1.2560969831904993, -1.2560969831904993] [-0.008983752576544638, -0.0018369036512016913]
	[-1.2560969831904993, -1.2560969831904993] [-0.008983752576544638, -0.0018369036512016913]
	[-1.0556513482914442, -1.0556513482914442] [-0.00916961805615699, -1.1405462297721853e-05]
	[-1.5040814845911723, -1.5040814845911723] [-0.008258062327979416, -0.003985778715330006]
	[-1.5040814845911723, -1.5040814845911723] [-0.008258062327979416, -0.003985778715330006]
	[-1.5040814845911723, -1.5040814845911723] [-0.008258062327979416, -0.003985778715330006]
	[-1.5040814845911723, -1.5040814845911723] [-0.008258062327979416, -0.003985778715330006]
	[-1.5040814845911723, -1.5040814845911723] [-0.008258062327979416, -0.003985778715330006]
	[-1.5040814845911723, -1.5040814845911723] [-0.008258062327979416, -0.003985778715330006]
	[-1.5040814845911723, -1.5040814845911723] [-0.008258062327979416, -0.003985778715330006]
	[-1.749100372417993, -1.749100372417993] [-0.007044567790728562, -0.005869931006596265]
	[-2.1550455929722534, -2.1550455929722534] [-0.004154091176904633, -0.008174689711195992]
	[-2.1550455929722534, -2.1550455929722534] [-0.004154091176904633, -0.008174689711195992]
	[-2.1550455929722534, -2.1550455929722534] [-0.004154091176904633, -0.008174689711195992]
	[-2.1550455929722534, -2.1550455929722534] [-0.004154091176904633, -0.008174689711195992]
	[-2.1550455929722534, -2.1550455929722534] [-0.004154091176904633, -0.008174689711195992]
	[-2.1550455929722534, -2.1550455929722534] [-0.004154091176904633, -0.008174689711195992]
	[-2.1550455929722534, -2.1550455929722534] [-0.004154091176904633, -0.008174689711195992]
	[-2.1550455929722534, -2.1550455929722534] [-0.004154091176904633, -0.008174689711195992]
	[-1.8845040207966453, -1.8845040207966453] [-0.006187704716365204, -0.006767151226582893]
	[-2.4328695242203993, -2.4328695242203993] [-0.0017527801762563077, -0.009000543707693076]
	[-2.961594815231131, -2.961594815231131] [0.003026732784333164, -0.008655686803056898]
	[-2.961594815231131, -2.961594815231131] [0.003026732784333164, -0.008655686803056898]
