source:
	0.5861186024166057,0.0453440083521538
target:
	0.9500641360674051,0.5038270199501373
points:
	[0, 0] [0.003639455336507994, 0.004584830115979836]
	[-0.5882320900808374, -0.5882320900808374] [0.005571828060677699, 0.0017947240459404283]
	[0.14877345843921796, 0.14877345843921796] [0.0029196649552364054, 0.005073643551531443]
	[0.09463505660342217, 0.09463505660342217] [0.0031899320739236375, 0.004908221236108396]
	[0.09463505660342217, 0.09463505660342217] [0.0031899320739236375, 0.004908221236108396]
	[0.09463505660342217, 0.09463505660342217] [0.0031899320739236375, 0.004908221236108396]
	[0.3164510517075797, 0.3164510517075797] [0.0020319612876904996, 0.005489757341099819]
	[0.3164510517075797, 0.3164510517075797] [0.0020319612876904996, 0.005489757341099819]
	[0.7366368473201224, 0.7366368473201224] [-0.00038422982254701253, 0.005841118881027649]
	[0.7366368473201224, 0.7366368473201224] [-0.00038422982254701253, 0.005841118881027649]
	[1.3786140963123859, 1.3786140963123859] [-0.003805281233619479, 0.004448161088797887]
	[1.6450791971260865, 1.6450791971260865] [-0.004842287140445337, 0.003289157580340279]
	[2.0853224904788283, 2.0853224904788283] [-0.005782271405153452, 0.0009119428359151202]
	[2.0853224904788283, 2.0853224904788283] [-0.005782271405153452, 0.0009119428359151202]
	[1.8177311144273354, 1.8177311144273354] [-0.005335357409669937, 0.002408373652470126]
	[1.8177311144273354, 1.8177311144273354] [-0.005335357409669937, 0.002408373652470126]
	[2.0235714505852447, 2.0235714505852447] [-0.005714972819176101, 0.0012670390739478274]
	[2.575604856107272, 2.575604856107272] [-0.0055305305488558025, -0.0019182111945781498]
	[2.575604856107272, 2.575604856107272] [-0.0055305305488558025, -0.0019182111945781498]
	[3.1747881134787903, 3.1747881134787903] [-0.0034852826984932616, -0.0047030954541042135]
	[3.519543241673784, 3.519543241673784] [-0.0016907151147193375, -0.005604264870586665]
	[3.6482471898194344, 3.6482471898194344] [-0.0009574299992193863, -0.005774913863896756]
	[3.6482471898194344, 3.6482471898194344] [-0.0009574299992193863, -0.005774913863896756]
	[3.6482471898194344, 3.6482471898194344] [-0.0009574299992193863, -0.005774913863896756]
	[3.0925598886586227, 3.0925598886586227] [-0.0038597980293913797, -0.004400938707950682]
	[3.016458367798699, 3.016458367798699] [-0.004183221471373246, -0.004094747911688099]
	[2.514156550746522, 2.514156550746522] [-0.0056378891479672, -0.001574962950061327]
	[2.514156550746522, 2.514156550746522] [-0.0056378891479672, -0.001574962950061327]
	[2.514156550746522, 2.514156550746522] [-0.0056378891479672, -0.001574962950061327]
	[2.514156550746522, 2.514156550746522] [-0.0056378891479672, -0.001574962950061327]
	[2.0819136256686157, 2.0819136256686157] [-0.005779129125328754, 0.0009316484807099139]
	[2.2186598116148932, 2.2186598116148932] [-0.0058521825006044095, 0.00013513814580537925]
	[2.6564160319229315, 2.6564160319229315] [-0.005357637718304418, -0.002358393609691568]
	[2.6415901107220767, 2.6415901107220767] [-0.00539201298032454, -0.002278705412914066]
	[2.249196336251602, 2.249196336251602] [-0.005853580201005854, -4.36023992971597e-05]
	[2.7665644016408777, 2.7665644016408777] [-0.005065921118463486, -0.0029330437365197703]
	[2.7665644016408777, 2.7665644016408777] [-0.005065921118463486, -0.0029330437365197703]
	[3.2139618613218217, 3.2139618613218217] [-0.0032984180558619136, -0.00483598393996468]
	[3.372568587517672, 3.372568587517672] [-0.0024932095448088757, -0.005296244754966118]
	[2.7635656333679854, 2.7635656333679854] [-0.005074693845868817, -0.0029178390479142856]
	[2.7635656333679854, 2.7635656333679854] [-0.005074693845868817, -0.0029178390479142856]
	[2.715556745941329, 2.715556745941329] [-0.005208875157790589, -0.0026709402706508152]
	[2.8008569958182843, 2.8008569958182843] [-0.004962380728285677, -0.0031050088319312563]
	[2.8008569958182843, 2.8008569958182843] [-0.004962380728285677, -0.0031050088319312563]
	[2.8008569958182843, 2.8008569958182843] [-0.004962380728285677, -0.0031050088319312563]
	[2.1502294366572317, 2.1502294366572317] [-0.0058292454533233505, 0.0005349764328839518]
	[1.3668207267178318, 1.3668207267178318] [-0.0037525590189255898, 0.004492727807058025]
	[1.3668207267178318, 1.3668207267178318] [-0.0037525590189255898, 0.004492727807058025]
	[1.3366415452433063, 1.3366415452433063] [-0.0036152839981104944, 0.004603913981802699]
	[0.9846959146158093, 0.9846959146158093] [-0.0018065973020375567, 0.005567989630656904]
	[0.9846959146158093, 0.9846959146158093] [-0.0018065973020375567, 0.005567989630656904]
	[0.9846959146158093, 0.9846959146158093] [-0.0018065973020375567, 0.005567989630656904]
	[0.8677854073369268, 0.8677854073369268] [-0.001144790392769875, 0.005740710521830377]
	[0.5504254822513022, 0.5504254822513022] [0.0007038202414711625, 0.005811276917040494]
	[0.5504254822513022, 0.5504254822513022] [0.0007038202414711625, 0.005811276917040494]
	[1.2692465973368, 1.2692465973368] [-0.0032970309427300727, 0.004836929739154026]
	[0.9936752318804998, 0.9936752318804998] [-0.0018565205448035972, 0.005551543371491783]
	[0.9936752318804998, 0.9936752318804998] [-0.0018565205448035972, 0.005551543371491783]
