source:
	0.2177669711428124,0.3575773031150734
target:
	0.7759358426655036,0.79197281509306
points:
	[0.13452407782406642, 0.13452407782406642] [0.004948654053937807, 0.005053317529187936]
	[0.13452407782406642, 0.13452407782406642] [0.004948654053937807, 0.005053317529187936]
	[-0.4873577748201219, -0.4873577748201219] [0.006966074441572427, 0.0012243373190524607]
	[-1.1979053170868337, -1.1979053170868337] [0.006078890932447455, -0.0036155608178761534]
	[-1.1979053170868337, -1.1979053170868337] [0.006078890932447455, -0.0036155608178761534]
	[-1.4639549420082807, -1.4639549420082807] [0.004914406819746319, -0.005086629592017098]
	[-1.4639549420082807, -1.4639549420082807] [0.004914406819746319, -0.005086629592017098]
	[-1.7260162837915587, -1.7260162837915587] [0.003428815485997422, -0.006186147376141101]
	[-1.3072009368549933, -1.3072009368549933] [0.005648240578931327, -0.0042570615873941346]
	[-1.3535089843567074, -1.3535089843567074] [0.005445119757846839, -0.004513963426863264]
	[-1.3281207545156166, -1.3281207545156166] [0.005557954222948315, -0.004374281638390944]
	[-1.3281207545156166, -1.3281207545156166] [0.005557954222948315, -0.004374281638390944]
	[-1.792138399079622, -1.792138399079622] [0.0030125794446307862, -0.006399184329751818]
	[-1.287780869061335, -1.287780869061335] [0.005729842754636589, -0.004146576540170427]
	[-1.6908351407613502, -1.6908351407613502] [0.003644284603734963, -0.00606171466858458]
	[-2.086388355964208, -2.086388355964208] [0.0010271935600201208, -0.006997861701020274]
	[-2.086388355964208, -2.086388355964208] [0.0010271935600201208, -0.006997861701020274]
	[-1.3010584449712357, -1.3010584449712357] [0.005674282826439752, -0.004222287223996499]
	[-1.9004986807825937, -1.9004986807825937] [0.0023028487637785666, -0.006687457107714165]
	[-1.2843485261976118, -1.2843485261976118] [0.005744041447546488, -0.004126885368558378]
	[-1.2843485261976118, -1.2843485261976118] [0.005744041447546488, -0.004126885368558378]
	[-0.5299619685923432, -0.5299619685923432] [0.00701189940240671, 0.0009265321186454323]
	[-0.23736867275293377, -0.23736867275293377] [0.006446641866245558, 0.0029096397792034586]
	[-0.23736867275293377, -0.23736867275293377] [0.006446641866245558, 0.0029096397792034586]
	[0.04276811348146364, 0.04276811348146364] [0.005390858593215698, 0.004578628465414685]
	[0.06046679695748296, 0.06046679695748296] [0.005308982824446271, 0.004673317490400974]
	[0.06046679695748296, 0.06046679695748296] [0.005308982824446271, 0.004673317490400974]
	[0.06046679695748296, 0.06046679695748296] [0.005308982824446271, 0.004673317490400974]
	[0.3881869010077141, 0.3881869010077141] [0.0035221594408406326, 0.0061334808933957196]
	[0.3881869010077141, 0.3881869010077141] [0.0035221594408406326, 0.0061334808933957196]
	[0.35878916541268197, 0.35878916541268197] [0.0037009220572358395, 0.0060273021263761465]
	[0.7375775926089423, 0.7375775926089423] [0.001209709587410457, 0.006968629543208649]
	[0.7375775926089423, 0.7375775926089423] [0.001209709587410457, 0.006968629543208649]
	[0.0375992181202357, 0.0375992181202357] [0.0054144529243508755, 0.004550702640949134]
	[0.5015339201048487, 0.5015339201048487] [0.0028058339957302463, 0.00649249494299053]
	[0.3768476160795527, 0.3768476160795527] [0.00359148080175075, 0.006093148664443446]
	[0.3768476160795527, 0.3768476160795527] [0.00359148080175075, 0.006093148664443446]
	[-0.24384335875378055, -0.24384335875378055] [0.006465345612399014, 0.0028678391008886794]
	[0.4484418844956464, 0.4484418844956464] [0.003146418289897384, 0.006334449221625538]
	[0.4484418844956464, 0.4484418844956464] [0.003146418289897384, 0.006334449221625538]
	[-0.16393475652938022, -0.16393475652938022] [0.00621579352705841, 0.003374774929581518]
	[-0.16393475652938022, -0.16393475652938022] [0.00621579352705841, 0.003374774929581518]
	[-0.8513406193721407, -0.8513406193721407] [0.006945564297680006, -0.0013357887494458123]
	[-0.41134309334942726, -0.41134309334942726] [0.006852980324733063, 0.0017498158946513995]
	[-1.0670066239347558, -1.0670066239347558] [0.006498807770859914, -0.002791181211201445]
	[-1.0670066239347558, -1.0670066239347558] [0.006498807770859914, -0.002791181211201445]
	[-1.0670066239347558, -1.0670066239347558] [0.006498807770859914, -0.002791181211201445]
	[-1.0009054939625006, -1.0009054939625006] [0.006668981029759118, -0.002355819819312629]
	[-1.0009054939625006, -1.0009054939625006] [0.006668981029759118, -0.002355819819312629]
	[-1.0009054939625006, -1.0009054939625006] [0.006668981029759118, -0.002355819819312629]
	[-1.2142235445275655, -1.2142235445275655] [0.006019084667706421, -0.003714271767027106]
	[-1.311164999163633, -1.311164999163633] [0.0056313209881678405, -0.004279418059102609]
	[-1.311164999163633, -1.311164999163633] [0.0056313209881678405, -0.004279418059102609]
	[-1.311164999163633, -1.311164999163633] [0.0056313209881678405, -0.004279418059102609]
	[-0.6955035950575795, -0.6955035950575795] [0.007068721515854557, -0.00024160117476541344]
	[-0.2643022321274077, -0.2643022321274077] [0.006522661238327406, 0.002734974472709818]
	[0.3704984125661546, 0.3704984125661546] [0.003630094792398415, 0.006070222960860258]
	[0.5954402005421742, 0.5954402005421742] [0.0021846812448732835, 0.006726987650847301]
	[-0.1643465304487477, -0.1643465304487477] [0.006217182644350867, 0.003372215141881597]
	[0.040103603888731826, 0.040103603888731826] [0.005403039241758559, 0.0045642482347447175]
