source:
	0.6022387776054424,0.7165179607475779
target:
	0.8061823840723362,0.2416377795577318
points:
	[-0.5204663015739986, -0.5204663015739986] [0.00413089572939526, -0.003105820114466778]
	[-0.2542606985699969, -0.2542606985699969] [0.0031683330674807464, -0.004083146297167231]
	[-0.2543308969446983, -0.2543308969446983] [0.003168619689907765, -0.004082923875275076]
	[-0.6330509953670931, -0.6330509953670931] [0.004453672755572345, -0.002622063518840661]
	[-0.6330509953670931, -0.6330509953670931] [0.004453672755572345, -0.002622063518840661]
	[-0.6330509953670931, -0.6330509953670931] [0.004453672755572345, -0.002622063518840661]
	[-0.6330509953670931, -0.6330509953670931] [0.004453672755572345, -0.002622063518840661]
	[-0.6330509953670931, -0.6330509953670931] [0.004453672755572345, -0.002622063518840661]
	[-0.09729656130579978, -0.09729656130579978] [0.0024911038290115106, -0.004528224798267708]
	[-0.09729656130579978, -0.09729656130579978] [0.0024911038290115106, -0.004528224798267708]
	[-0.3071915403139419, -0.3071915403139419] [0.003379919251679496, -0.003909803570857331]
	[-0.04659392428295822, -0.04659392428295822] [0.0022584079234592314, -0.004648656984745056]
	[-0.04659392428295822, -0.04659392428295822] [0.0022584079234592314, -0.004648656984745056]
	[0.14962268980088184, 0.14962268980088184] [0.0013087698730596886, -0.004999753946939165]
	[0.48557770995232086, 0.48557770995232086] [-0.00041266936853428626, -0.005151710599678124]
	[0.3706969942854591, 0.3706969942854591] [0.00018058202349804082, -0.005165056460809676]
	[0.780289874742583, 0.780289874742583] [-0.0018912661714062654, -0.004809732880260266]
	[0.9576850392595031, 0.9576850392595031] [-0.0027103413293926982, -0.004400507696703672]
	[0.3079998435363387, 0.3079998435363387] [0.0005038494152818595, -0.005143593479006925]
	[0.3079998435363387, 0.3079998435363387] [0.0005038494152818595, -0.005143593479006925]
	[0.3079998435363387, 0.3079998435363387] [0.0005038494152818595, -0.005143593479006925]
	[0.3079998435363387, 0.3079998435363387] [0.0005038494152818595, -0.005143593479006925]
	[0.9082064681044775, 0.9082064681044775] [-0.0024893823683590703, -0.004529171396035418]
	[0.9082064681044775, 0.9082064681044775] [-0.0024893823683590703, -0.004529171396035418]
	[0.9082064681044775, 0.9082064681044775] [-0.0024893823683590703, -0.004529171396035418]
	[0.9082064681044775, 0.9082064681044775] [-0.0024893823683590703, -0.004529171396035418]
	[0.9082064681044775, 0.9082064681044775] [-0.0024893823683590703, -0.004529171396035418]
	[0.9082064681044775, 0.9082064681044775] [-0.0024893823683590703, -0.004529171396035418]
	[0.9082064681044775, 0.9082064681044775] [-0.0024893823683590703, -0.004529171396035418]
	[0.9082064681044775, 0.9082064681044775] [-0.0024893823683590703, -0.004529171396035418]
	[1.6038446201847925, 1.6038446201847925] [-0.0048135963648929655, -0.0018814112114186124]
	[1.6038446201847925, 1.6038446201847925] [-0.0048135963648929655, -0.0018814112114186124]
	[1.6038446201847925, 1.6038446201847925] [-0.0048135963648929655, -0.0018814112114186124]
	[1.326791595254756, 1.326791595254756] [-0.004115425306295236, -0.003126290558931974]
	[1.326791595254756, 1.326791595254756] [-0.004115425306295236, -0.003126290558931974]
	[0.5797349463148528, 0.5797349463148528] [-0.0008951958526798285, -0.005090092582253025]
	[1.194923766566872, 1.194923766566872] [-0.0036686319186908056, -0.0036402689400270205]
	[1.7694980896013295, 1.7694980896013295] [-0.005057940991613857, -0.0010619091467327399]
	[1.237795190770525, 1.237795190770525] [-0.0038212767494288026, -0.0034796928190340697]
	[0.48713363639556906, 0.48713363639556906] [-0.00042068454853308386, -0.005151062280849257]
	[0.028290396653468552, 0.028290396653468552] [0.0019042924241843154, -0.004804590354416977]
	[-0.6382847500522726, -0.6382847500522726] [0.004467334932365718, -0.0025987182826592444]
	[-1.084016116798208, -1.084016116798208] [0.005151210640161057, -0.0004188640009047544]
