source:
	0.39306248185868586,0.522366583223234
target:
	0.2697967574989081,0.005176286795949614
points:
	[0.7127761042380253, 0.7127761042380253] [0.0024495302769029057, -0.00471887969486236]
	[-0.024012517493258834, -0.024012517493258834] [-0.0013564803610039147, -0.005140815614497275]
	[0.3965070068343649, 0.3965070068343649] [0.0008603599901796322, -0.005246694658482272]
	[0.3965070068343649, 0.3965070068343649] [0.0008603599901796322, -0.005246694658482272]
	[0.9392743054599052, 0.9392743054599052] [0.003446668751674361, -0.0040482710714921]
	[0.9392743054599052, 0.9392743054599052] [0.003446668751674361, -0.0040482710714921]
	[0.6044916833163383, 0.6044916833163383] [0.0019252001467621072, -0.004955968981637745]
	[0.6044916833163383, 0.6044916833163383] [0.0019252001467621072, -0.004955968981637745]
	[0.9597810180986674, 0.9597810180986674] [0.0035289549846587876, -0.003976745009212962]
	[0.9597810180986674, 0.9597810180986674] [0.0035289549846587876, -0.003976745009212962]
	[0.9857507301458794, 0.9857507301458794] [0.0036310283567582992, -0.0038837684308497883]
	[0.9857507301458794, 0.9857507301458794] [0.0036310283567582992, -0.0038837684308497883]
	[0.9857507301458794, 0.9857507301458794] [0.0036310283567582992, -0.0038837684308497883]
	[0.9857507301458794, 0.9857507301458794] [0.0036310283567582992, -0.0038837684308497883]
	[1.058466144618035, 1.058466144618035] [0.003903594019251592, -0.003609706066276243]
	[1.058466144618035, 1.058466144618035] [0.003903594019251592, -0.003609706066276243]
	[1.058466144618035, 1.058466144618035] [0.003903594019251592, -0.003609706066276243]
	[0.9563397241361752, 0.9563397241361752] [0.0035152489672678876, -0.00398886560943965]
	[0.47340079532452656, 0.47340079532452656] [0.0012608585190993454, -0.005165100187495196]
	[0.47340079532452656, 0.47340079532452656] [0.0012608585190993454, -0.005165100187495196]
	[1.167510936535917, 1.167510936535917] [0.004273248681767871, -0.003163442722069968]
	[1.167510936535917, 1.167510936535917] [0.004273248681767871, -0.003163442722069968]
	[1.167510936535917, 1.167510936535917] [0.004273248681767871, -0.003163442722069968]
	[1.167510936535917, 1.167510936535917] [0.004273248681767871, -0.003163442722069968]
	[1.167510936535917, 1.167510936535917] [0.004273248681767871, -0.003163442722069968]
	[1.167510936535917, 1.167510936535917] [0.004273248681767871, -0.003163442722069968]
	[1.167510936535917, 1.167510936535917] [0.004273248681767871, -0.003163442722069968]
	[1.0420056974794272, 1.0420056974794272] [0.0038436505062017833, -0.003673469060469011]
	[1.0420056974794272, 1.0420056974794272] [0.0038436505062017833, -0.003673469060469011]
	[1.0420056974794272, 1.0420056974794272] [0.0038436505062017833, -0.003673469060469011]
	[0.47728470890323527, 0.47728470890323527] [0.0012809097615398197, -0.005160164177120753]
	[0.7091876636364836, 0.7091876636364836] [0.002432581122585147, -0.004727639287645652]
	[0.8960155157090584, 0.8960155157090584] [0.0032683756459444702, -0.004193536072224176]
	[0.8960155157090584, 0.8960155157090584] [0.0032683756459444702, -0.004193536072224176]
	[1.430530712127236, 1.430530712127236] [0.004948776136972108, -0.0019436149048059168]
	[1.430530712127236, 1.430530712127236] [0.004948776136972108, -0.0019436149048059168]
	[0.649103760577728, 0.649103760577728] [0.0021443074012447126, -0.004865179330817668]
	[0.649103760577728, 0.649103760577728] [0.0021443074012447126, -0.004865179330817668]
	[0.649103760577728, 0.649103760577728] [0.0021443074012447126, -0.004865179330817668]
	[0.649103760577728, 0.649103760577728] [0.0021443074012447126, -0.004865179330817668]
	[0.45780467870896135, 0.45780467870896135] [0.0011801529381271138, -0.0051841357230186635]
	[0.45780467870896135, 0.45780467870896135] [0.0011801529381271138, -0.0051841357230186635]
	[0.45780467870896135, 0.45780467870896135] [0.0011801529381271138, -0.0051841357230186635]
	[0.8886360058665148, 0.8886360058665148] [0.003237340693264857, -0.004217540680038512]
	[0.9656481787952734, 0.9656481787952734] [0.003552226313366112, -0.003955971735323409]
	[0.5334834868868183, 0.5334834868868183] [0.00156872983994163, -0.005080069964215553]
