source:
	0.15093894044165546,0.6042281114430217
target:
	0.9192093310071207,0.03741567164549786
points:
	[0, 0] [0.007682703905654652, -0.005668124397975239]
	[0.6407546487445412, 0.6407546487445412] [0.002770392065632405, -0.00913654755887389]
	[0.45199290247681834, 0.45199290247681834] [0.004435589710626698, -0.00845441407856665]
	[0.8396409324830061, 0.8396409324830061] [0.0009106019904559486, -0.009503808579083495]
	[0.5379442141702798, 0.5379442141702798] [0.003693441966897317, -0.008803979777921182]
	[0.5379442141702798, 0.5379442141702798] [0.003693441966897317, -0.008803979777921182]
	[0.5379442141702798, 0.5379442141702798] [0.003693441966897317, -0.008803979777921182]
	[-0.025816721847712887, -0.025816721847712887] [0.007826459911122106, -0.005467915393683592]
	[0.1365125180052807, 0.1365125180052807] [0.006839859964179536, -0.006660922545961431]
	[0.488238566409193, 0.488238566409193] [0.004126307646441395, -0.008609596895314129]
	[0.488238566409193, 0.488238566409193] [0.004126307646441395, -0.008609596895314129]
	[0.488238566409193, 0.488238566409193] [0.004126307646441395, -0.008609596895314129]
	[0.488238566409193, 0.488238566409193] [0.004126307646441395, -0.008609596895314129]
	[0.488238566409193, 0.488238566409193] [0.004126307646441395, -0.008609596895314129]
	[0.488238566409193, 0.488238566409193] [0.004126307646441395, -0.008609596895314129]
	[0.488238566409193, 0.488238566409193] [0.004126307646441395, -0.008609596895314129]
	[0.488238566409193, 0.488238566409193] [0.004126307646441395, -0.008609596895314129]
	[0.488238566409193, 0.488238566409193] [0.004126307646441395, -0.008609596895314129]
	[0.488238566409193, 0.488238566409193] [0.004126307646441395, -0.008609596895314129]
	[0.488238566409193, 0.488238566409193] [0.004126307646441395, -0.008609596895314129]
	[0.488238566409193, 0.488238566409193] [0.004126307646441395, -0.008609596895314129]
	[-0.17010405536045742, -0.17010405536045742] [0.00853134854014211, -0.004285751460304075]
	[-0.17010405536045742, -0.17010405536045742] [0.00853134854014211, -0.004285751460304075]
	[-0.17010405536045742, -0.17010405536045742] [0.00853134854014211, -0.004285751460304075]
	[-0.17010405536045742, -0.17010405536045742] [0.00853134854014211, -0.004285751460304075]
	[-0.17010405536045742, -0.17010405536045742] [0.00853134854014211, -0.004285751460304075]
	[0.19803379971900065, 0.19803379971900065] [0.0064173900202585355, -0.00706885272309231]
	[0.7282447365491633, 0.7282447365491633] [0.0019614578666724792, -0.009343674680239679]
	[0.7282447365491633, 0.7282447365491633] [0.0019614578666724792, -0.009343674680239679]
	[1.284528092453332, 1.284528092453332] [-0.0032680580071083516, -0.008970583612845844]
	[1.3184665165989888, 1.3184665165989888] [-0.00357056511621087, -0.008854526426849798]
	[1.3184665165989888, 1.3184665165989888] [-0.00357056511621087, -0.008854526426849798]
	[1.3184665165989888, 1.3184665165989888] [-0.00357056511621087, -0.008854526426849798]
	[1.3184665165989888, 1.3184665165989888] [-0.00357056511621087, -0.008854526426849798]
	[0.5470122870922437, 0.5470122870922437] [0.0036134560756757726, -0.008837109747086161]
	[0.5470122870922437, 0.5470122870922437] [0.0036134560756757726, -0.008837109747086161]
	[0.5470122870922437, 0.5470122870922437] [0.0036134560756757726, -0.008837109747086161]
	[0.5470122870922437, 0.5470122870922437] [0.0036134560756757726, -0.008837109747086161]
	[0.5470122870922437, 0.5470122870922437] [0.0036134560756757726, -0.008837109747086161]
	[1.0517838825973715, 1.0517838825973715] [-0.00111088911178282, -0.009482483792456795]
	[1.0517838825973715, 1.0517838825973715] [-0.00111088911178282, -0.009482483792456795]
	[1.5173641558172948, 1.5173641558172948] [-0.0052497268385717725, -0.00797445556845498]
	[1.5173641558172948, 1.5173641558172948] [-0.0052497268385717725, -0.00797445556845498]
	[0.9772370117751726, 0.9772370117751726] [-0.00040156885357715377, -0.009538884418459013]
	[1.4069925993867174, 1.4069925993867174] [-0.004339416339076269, -0.008504177757375567]
	[1.4069925993867174, 1.4069925993867174] [-0.004339416339076269, -0.008504177757375567]
	[1.7780346945999828, 1.7780346945999828] [-0.007127621743488458, -0.006352053351053812]
	[1.5351192880496833, 1.5351192880496833] [-0.00539047946007157, -0.007879993951991963]
	[1.4353853775320806, 1.4353853775320806] [-0.004579092138555869, -0.008377558634799236]
	[1.3194500973516219, 1.3194500973516219] [-0.003579272529436029, -0.008851010205219969]
	[1.4732514180204626, 1.4732514180204626] [-0.004892958866614723, -0.008198202670250338]
	[1.4732514180204626, 1.4732514180204626] [-0.004892958866614723, -0.008198202670250338]
	[1.4732514180204626, 1.4732514180204626] [-0.004892958866614723, -0.008198202670250338]
	[2.002067170891869, 2.002067170891869] [-0.008360690994162031, -0.004609817739674892]
	[2.002067170891869, 2.002067170891869] [-0.008360690994162031, -0.004609817739674892]
	[1.7040431771659625, 1.7040431771659625] [-0.006638550358399691, -0.006861575812586693]
	[2.003572795838439, 2.003572795838439] [-0.008367622171677217, -0.004597224454487648]
	[2.003572795838439, 2.003572795838439] [-0.008367622171677217, -0.004597224454487648]
	[2.003572795838439, 2.003572795838439] [-0.008367622171677217, -0.004597224454487648]
	[2.003572795838439, 2.003572795838439] [-0.008367622171677217, -0.004597224454487648]
	[2.003572795838439, 2.003572795838439] [-0.008367622171677217, -0.004597224454487648]
	[1.9823196052308998, 1.9823196052308998] [-0.00826803409106365, -0.004774011495785561]
	[1.9823196052308998, 1.9823196052308998] [-0.00826803409106365, -0.004774011495785561]
	[2.220170095512738, 2.220170095512738] [-0.009160086233374675, -0.002691541136602443]
	[2.220170095512738, 2.220170095512738] [-0.009160086233374675, -0.002691541136602443]
	[2.220170095512738, 2.220170095512738] [-0.009160086233374675, -0.002691541136602443]
	[2.220170095512738, 2.220170095512738] [-0.009160086233374675, -0.002691541136602443]
	[1.6187662224154602, 1.6187662224154602] [-0.006030001336430051, -0.007402071154449625]
	[1.6187662224154602, 1.6187662224154602] [-0.006030001336430051, -0.007402071154449625]
	[2.2238959026917904, 2.2238959026917904] [-0.009170050795030712, -0.0026573938190339835]
	[2.2238959026917904, 2.2238959026917904] [-0.009170050795030712, -0.0026573938190339835]
	[2.2238959026917904, 2.2238959026917904] [-0.009170050795030712, -0.0026573938190339835]
	[1.7858991422328072, 1.7858991422328072] [-0.007177356200562593, -0.006295802686165533]
	[1.7858991422328072, 1.7858991422328072] [-0.007177356200562593, -0.006295802686165533]
	[1.7858991422328072, 1.7858991422328072] [-0.007177356200562593, -0.006295802686165533]
	[1.7858991422328072, 1.7858991422328072] [-0.007177356200562593, -0.006295802686165533]
	[1.0987057972035164, 1.0987057972035164] [-0.0015544394785810128, -0.009419941156945312]
	[1.5598714630815382, 1.5598714630815382] [-0.005583855324978732, -0.007744167689467349]
	[1.1683978135740916, 1.1683978135740916] [-0.0022066294601301374, -0.009288829846572129]
	[1.1683978135740916, 1.1683978135740916] [-0.0022066294601301374, -0.009288829846572129]
	[0.4713250581912176, 0.4713250581912176] [0.004271329005954365, -0.00853857845403884]
	[0.4713250581912176, 0.4713250581912176] [0.004271329005954365, -0.00853857845403884]
	[0.3283020094375341, 0.3283020094375341] [0.005444771479231394, -0.007842578468324802]
	[0.3283020094375341, 0.3283020094375341] [0.005444771479231394, -0.007842578468324802]
