source:
	0.21965323626444844,0.7396756315106042
target:
	0.7252346251398697,0.9279169655020425
points:
	[0, 0] [0.005055813888754213, 0.0018824133399143828]
	[-0.6469369379327277, -0.6469369379327277] [0.005168820158265388, -0.0015453259305133588]
	[-0.6469369379327277, -0.6469369379327277] [0.005168820158265388, -0.0015453259305133588]
	[-1.4095126236170272, -1.4095126236170272] [0.0026698730942123715, -0.004687911232180967]
	[-1.8063175592945777, -1.8063175592945777] [0.0006506717981648756, -0.0053554981347285055]
	[-1.8063175592945777, -1.8063175592945777] [0.0006506717981648756, -0.0053554981347285055]
	[-2.129965433747681, -2.129965433747681] [-0.0010863038540953327, -0.005284380568863795]
	[-1.4807926961687894, -1.4807926961687894] [0.0023292215950857184, -0.0048661546236216085]
	[-0.7300383113493458, -0.7300383113493458] [0.005022711957134145, -0.001969034955420878]
	[-0.4031073268943435, -0.4031073268943435] [0.00538900297878908, -0.00025175574394646746]
	[-0.4031073268943435, -0.4031073268943435] [0.00538900297878908, -0.00025175574394646746]
	[0.35238889286541175, 0.35238889286541175] [0.0040954407991659544, 0.003511708803493613]
	[0.40106854296902567, 0.40106854296902567] [0.00391970800987352, 0.003706834657405288]
	[0.40106854296902567, 0.40106854296902567] [0.00391970800987352, 0.003706834657405288]
	[0.40106854296902567, 0.40106854296902567] [0.00391970800987352, 0.003706834657405288]
	[0.40106854296902567, 0.40106854296902567] [0.00391970800987352, 0.003706834657405288]
	[0.40106854296902567, 0.40106854296902567] [0.00391970800987352, 0.003706834657405288]
	[0.40106854296902567, 0.40106854296902567] [0.00391970800987352, 0.003706834657405288]
	[0.40106854296902567, 0.40106854296902567] [0.00391970800987352, 0.003706834657405288]
	[0.40106854296902567, 0.40106854296902567] [0.00391970800987352, 0.003706834657405288]
	[0.40106854296902567, 0.40106854296902567] [0.00391970800987352, 0.003706834657405288]
	[0.9063081534238864, 0.9063081534238864] [0.001635802442987703, 0.005140903075095179]
	[0.9063081534238864, 0.9063081534238864] [0.001635802442987703, 0.005140903075095179]
	[0.6875428665287633, 0.6875428665287633] [0.0027125169216105274, 0.004663366381701546]
	[0.8042629884662209, 0.8042629884662209] [0.002150987155985644, 0.00494752345267735]
	[0.8042629884662209, 0.8042629884662209] [0.002150987155985644, 0.00494752345267735]
	[0.8042629884662209, 0.8042629884662209] [0.002150987155985644, 0.00494752345267735]
	[0.8042629884662209, 0.8042629884662209] [0.002150987155985644, 0.00494752345267735]
	[1.379925971593246, 1.379925971593246] [-0.0008890715232889989, 0.0053211169773351346]
	[1.379925971593246, 1.379925971593246] [-0.0008890715232889989, 0.0053211169773351346]
	[2.0193490494187545, 2.0193490494187545] [-0.003888710638220019, 0.0037393399995456506]
	[1.3545104586164727, 1.3545104586164727] [-0.0007535600331255793, 0.005341992262862554]
	[1.6954841931795768, 1.6954841931795768] [-0.0024965657293415018, 0.004782456860138432]
	[1.9655177945990274, 1.9655177945990274] [-0.0036818814777434695, 0.003943156456933604]
	[2.1594483503495767, 2.1594483503495767] [-0.004372776409312165, 0.003159677283231727]
	[2.1594483503495767, 2.1594483503495767] [-0.004372776409312165, 0.003159677283231727]
	[2.1594483503495767, 2.1594483503495767] [-0.004372776409312165, 0.003159677283231727]
	[2.1594483503495767, 2.1594483503495767] [-0.004372776409312165, 0.003159677283231727]
	[2.7309060431101067, 2.7309060431101067] [-0.00538694008252912, 0.00029259290361999783]
	[2.7309060431101067, 2.7309060431101067] [-0.00538694008252912, 0.00029259290361999783]
	[2.1896103088189163, 2.1896103088189163] [-0.00446607511269806, 0.0030263686404247946]
	[2.8992320027744736, 2.8992320027744736] [-0.005359823058345954, -0.0006140283733107457]
	[2.496601548677454, 2.496601548677454] [-0.005171817317329432, 0.001535265350413082]
	[2.776602061234403, 2.776602061234403] [-0.0053946824340873846, 4.621142019693215e-05]
	[2.776602061234403, 2.776602061234403] [-0.0053946824340873846, 4.621142019693215e-05]
	[2.8972864615215523, 2.8972864615215523] [-0.005361007531310682, -0.0006035994609323006]
	[3.1643539550621953, 3.1643539550621953] [-0.00501166181722215, -0.001996992711505278]
	[2.852349107285037, 2.852349107285037] [-0.0053827105592712445, -0.000362161697474298]
	[2.852349107285037, 2.852349107285037] [-0.0053827105592712445, -0.000362161697474298]
	[2.852349107285037, 2.852349107285037] [-0.0053827105592712445, -0.000362161697474298]
	[3.584950689568916, 3.584950689568916] [-0.0037594900894115774, -0.003869233558164167]
