source:
	0.8569621308556559,0.7075994744639628
target:
	0.7423460940120142,0.108294538911625
points:
	[0.768372338890525, 0.768372338890525] [0.0033408260006573057, -0.005105801190924456]
	[0.615318448457889, 0.615318448457889] [0.002523356796857328, -0.005555447294653007]
	[0.5535888287876551, 0.5535888287876551] [0.0021758327450687913, -0.005700532960469564]
	[1.0549105777333487, 1.0549105777333487] [0.0046476834186952925, -0.003953398918335756]
	[1.419729482387444, 1.419729482387444] [0.005752306032444257, -0.0020350182989395693]
	[2.111541462179745, 2.111541462179745] [0.005728007746019038, 0.0021024393997115293]
	[2.504370900443177, 2.504370900443177] [0.004486881406608862, 0.004134999324176627]
	[1.918075934520214, 1.918075934520214] [0.006025362065727379, 0.0009619439405739662]
	[2.692101897135825, 2.692101897135825] [0.0036363320091034675, 0.00489973608345215]
	[2.6882380942685846, 2.6882380942685846] [0.0036552364330098503, 0.0048856494744006045]
	[2.6882380942685846, 2.6882380942685846] [0.0036552364330098503, 0.0048856494744006045]
	[2.809304405550406, 2.809304405550406] [0.003038437933108119, 0.005291334339707059]
	[3.563375701444817, 3.563375701444817] [-0.0014077704322368499, 0.005937045273368997]
	[3.90847011368013, 3.90847011368013] [-0.003333189716732906, 0.0051107896141574325]
	[3.938171329367529, 3.938171329367529] [-0.00348349396523466, 0.005009550275432635]
	[4.066317369437691, 4.066317369437691] [-0.004095129654602268, 0.004523299379867596]
	[3.669125515600573, 3.669125515600573] [-0.0020265780946767354, 0.005755284996773825]
	[4.113442342722042, 4.113442342722042] [-0.004303664814373953, 0.004325366265812999]
	[3.5609887490931857, 3.5609887490931857] [-0.0013935949911035523, 0.005940388637848922]
	[3.193665155100537, 3.193665155100537] [0.0008326747292347299, 0.006044582447382726]
	[3.167291181420657, 3.167291181420657] [0.0009917863246984803, 0.006020521908776228]
	[3.4743605839580094, 3.4743605839580094] [-0.0008744076136754429, 0.006038686570195533]
	[3.1737710895276106, 3.1737710895276106] [0.0009527533469011591, 0.006026822150012569]
	[3.0200003839200367, 3.0200003839200367] [0.001864612175135595, 0.005809780168323892]
	[3.0200003839200367, 3.0200003839200367] [0.001864612175135595, 0.005809780168323892]
	[3.0200003839200367, 3.0200003839200367] [0.001864612175135595, 0.005809780168323892]
	[2.3430607462413136, 2.3430607462413136] [0.005092759787802498, 0.003360672836152805]
	[2.3430607462413136, 2.3430607462413136] [0.005092759787802498, 0.003360672836152805]
	[1.5898131538158315, 1.5898131538158315] [0.006013760745617563, -0.0010319912123573332]
	[1.5898131538158315, 1.5898131538158315] [0.006013760745617563, -0.0010319912123573332]
	[2.2605233286335693, 2.2605233286335693] [0.005352489035410594, 0.0029293660224906765]
	[2.594466920091959, 2.594466920091959] [0.004096639884018111, 0.004521931647933829]
	[2.2352870992411913, 2.2352870992411913] [0.005424703019625085, 0.002793370959393678]
	[1.5955926327957735, 1.5955926327957735] [0.006019624647259814, -0.0009972177665964596]
	[2.0428669103648147, 2.0428669103648147] [0.00585877647535091, 0.0017044243543754725]
	[2.0428669103648147, 2.0428669103648147] [0.00585877647535091, 0.0017044243543754725]
	[1.7429891193809297, 1.7429891193809297] [0.006100807338709149, -0.00010234248319278395]
	[1.6317010937064003, 1.6317010937064003] [0.0060517009918482365, -0.0007792555891211412]
	[1.6317010937064003, 1.6317010937064003] [0.0060517009918482365, -0.0007792555891211412]
	[0.9435191477892224, 0.9435191477892224] [0.004179414250768307, -0.004445539414782897]
	[1.5306955742056205, 1.5306955742056205] [0.00594228180267412, -0.0013855003231762514]
	[1.8728762090763302, 1.8728762090763302] [0.0060626729590654415, 0.0006887094883404396]
	[1.65753981921383, 1.65753981921383] [0.006069813657073588, -0.000622644630842061]
	[1.65753981921383, 1.65753981921383] [0.006069813657073588, -0.000622644630842061]
	[2.351981951220905, 2.351981951220905] [0.005062576274571159, 0.0034059720539168677]
	[2.043391826278823, 2.043391826278823] [0.005857880988770162, 0.0017074994844270314]
	[2.750676332738159, 2.750676332738159] [0.003343260539634288, 0.005104207395084738]
	[2.3351721583528526, 2.3351721583528526] [0.005119112015935802, 0.003320394003159139]
	[2.430009069592165, 2.430009069592165] [0.0047816844239268776, 0.003790226673681742]
	[2.430009069592165, 2.430009069592165] [0.0047816844239268776, 0.003790226673681742]
	[1.8205742036402692, 1.8205742036402692] [0.006090387096050643, 0.0003708223134781508]
	[1.8205742036402692, 1.8205742036402692] [0.006090387096050643, 0.0003708223134781508]
	[1.4407951598860835, 1.4407951598860835] [0.005793895618663202, -0.0019133995212576038]
	[1.080690603210042, 1.080690603210042] [0.004748046492305415, -0.003832281132017812]
	[1.6501942117638557, 1.6501942117638557] [0.006065076238554786, -0.0006672139000587399]
	[1.6501942117638557, 1.6501942117638557] [0.006065076238554786, -0.0006672139000587399]
	[1.6501942117638557, 1.6501942117638557] [0.006065076238554786, -0.0006672139000587399]
	[1.6501942117638557, 1.6501942117638557] [0.006065076238554786, -0.0006672139000587399]
	[2.0553049185468386, 2.0553049185468386] [0.00583712419551841, 0.0017771621462339994]
	[2.7438436815828644, 2.7438436815828644] [0.003378057496871291, 0.0050812450950279055]
	[3.081514212129237, 3.081514212129237] [0.0015039290108443955, 0.005913418782587114]
	[2.764768994790291, 2.764768994790291] [0.0032709990652312814, 0.005150814429114056]
	[2.764768994790291, 2.764768994790291] [0.0032709990652312814, 0.005150814429114056]
	[2.1107568471631057, 2.1107568471631057] [0.005729655588234322, 0.002097944472127108]
	[2.197571190789725, 2.197571190789725] [0.005526174732276852, 0.0025868353245342745]
