source:
	0.6413122367425035,0.1489480798571159
target:
	0.31168573047832016,0.889502470736598
points:
	[-0.3146424921433364, -0.3146424921433364] [-0.005426283848738382, 0.006021867446332759]
	[-0.3146424921433364, -0.3146424921433364] [-0.005426283848738382, 0.006021867446332759]
	[-0.3146424921433364, -0.3146424921433364] [-0.005426283848738382, 0.006021867446332759]
	[-0.3146424921433364, -0.3146424921433364] [-0.005426283848738382, 0.006021867446332759]
	[-0.3146424921433364, -0.3146424921433364] [-0.005426283848738382, 0.006021867446332759]
	[-0.3146424921433364, -0.3146424921433364] [-0.005426283848738382, 0.006021867446332759]
	[-0.3146424921433364, -0.3146424921433364] [-0.005426283848738382, 0.006021867446332759]
	[-0.3146424921433364, -0.3146424921433364] [-0.005426283848738382, 0.006021867446332759]
	[-0.3146424921433364, -0.3146424921433364] [-0.005426283848738382, 0.006021867446332759]
	[-0.3146424921433364, -0.3146424921433364] [-0.005426283848738382, 0.006021867446332759]
	[-0.3146424921433364, -0.3146424921433364] [-0.005426283848738382, 0.006021867446332759]
	[-0.3146424921433364, -0.3146424921433364] [-0.005426283848738382, 0.006021867446332759]
	[-0.3146424921433364, -0.3146424921433364] [-0.005426283848738382, 0.006021867446332759]
	[-0.3146424921433364, -0.3146424921433364] [-0.005426283848738382, 0.006021867446332759]
	[-1.0207153200316035, -1.0207153200316035] [-0.008036237487757721, 0.001061287420371473]
	[-0.47974583965488193, -0.47974583965488193] [-0.006342213501823191, 0.00504814538673094]
	[-0.47974583965488193, -0.47974583965488193] [-0.006342213501823191, 0.00504814538673094]
	[-0.47974583965488193, -0.47974583965488193] [-0.006342213501823191, 0.00504814538673094]
	[-0.47974583965488193, -0.47974583965488193] [-0.006342213501823191, 0.00504814538673094]
	[-0.47974583965488193, -0.47974583965488193] [-0.006342213501823191, 0.00504814538673094]
	[-0.47974583965488193, -0.47974583965488193] [-0.006342213501823191, 0.00504814538673094]
	[-0.47974583965488193, -0.47974583965488193] [-0.006342213501823191, 0.00504814538673094]
	[-0.5693952739296182, -0.5693952739296182] [-0.006768701726336687, 0.004460058395152245]
	[-0.5693952739296182, -0.5693952739296182] [-0.006768701726336687, 0.004460058395152245]
	[-1.3192557191169354, -1.3192557191169354] [-0.007992920765774252, -0.0013493189320305315]
	[-1.3192557191169354, -1.3192557191169354] [-0.007992920765774252, -0.0013493189320305315]
	[-1.6836188189301746, -1.6836188189301746] [-0.006987357238613406, -0.004109048888523728]
	[-1.6836188189301746, -1.6836188189301746] [-0.006987357238613406, -0.004109048888523728]
	[-1.6836188189301746, -1.6836188189301746] [-0.006987357238613406, -0.004109048888523728]
	[-1.6836188189301746, -1.6836188189301746] [-0.006987357238613406, -0.004109048888523728]
	[-1.6836188189301746, -1.6836188189301746] [-0.006987357238613406, -0.004109048888523728]
	[-1.6836188189301746, -1.6836188189301746] [-0.006987357238613406, -0.004109048888523728]
	[-1.6836188189301746, -1.6836188189301746] [-0.006987357238613406, -0.004109048888523728]
	[-1.6836188189301746, -1.6836188189301746] [-0.006987357238613406, -0.004109048888523728]
	[-1.6836188189301746, -1.6836188189301746] [-0.006987357238613406, -0.004109048888523728]
	[-1.6247314141589575, -1.6247314141589575] [-0.007217077018512433, -0.0036906968525118617]
	[-1.6247314141589575, -1.6247314141589575] [-0.007217077018512433, -0.0036906968525118617]
	[-1.6247314141589575, -1.6247314141589575] [-0.007217077018512433, -0.0036906968525118617]
	[-1.6247314141589575, -1.6247314141589575] [-0.007217077018512433, -0.0036906968525118617]
	[-1.6247314141589575, -1.6247314141589575] [-0.007217077018512433, -0.0036906968525118617]
	[-2.030001184232507, -2.030001184232507] [-0.005177346570995981, -0.0062371889847973525]
	[-2.030001184232507, -2.030001184232507] [-0.005177346570995981, -0.0062371889847973525]
	[-1.6920673680659202, -1.6920673680659202] [-0.006952392779915089, -0.004167934570271682]
	[-1.6920673680659202, -1.6920673680659202] [-0.006952392779915089, -0.004167934570271682]
	[-1.6920673680659202, -1.6920673680659202] [-0.006952392779915089, -0.004167934570271682]
	[-1.6920673680659202, -1.6920673680659202] [-0.006952392779915089, -0.004167934570271682]
	[-1.6920673680659202, -1.6920673680659202] [-0.006952392779915089, -0.004167934570271682]
	[-1.6920673680659202, -1.6920673680659202] [-0.006952392779915089, -0.004167934570271682]
	[-1.2987836623198539, -1.2987836623198539] [-0.008018867291645877, -0.0011854160903468432]
	[-1.2987836623198539, -1.2987836623198539] [-0.008018867291645877, -0.0011854160903468432]
	[-1.7875502449503258, -1.7875502449503258] [-0.0065233624882105315, -0.004811775742456102]
	[-1.7875502449503258, -1.7875502449503258] [-0.0065233624882105315, -0.004811775742456102]
	[-1.8031327524438525, -1.8031327524438525] [-0.006447594023358191, -0.00491283780092901]
	[-1.8031327524438525, -1.8031327524438525] [-0.006447594023358191, -0.00491283780092901]
	[-1.7532121650855674, -1.7532121650855674] [-0.0066847116772282, -0.004584983504944178]
	[-1.7532121650855674, -1.7532121650855674] [-0.0066847116772282, -0.004584983504944178]
	[-1.382342563820154, -1.382342563820154] [-0.007891952507906535, -0.0018505484487656649]
	[-1.382342563820154, -1.382342563820154] [-0.007891952507906535, -0.0018505484487656649]
	[-1.382342563820154, -1.382342563820154] [-0.007891952507906535, -0.0018505484487656649]
	[-2.1542603148000268, -2.1542603148000268] [-0.004364393227693281, -0.006830777093592375]
	[-2.1542603148000268, -2.1542603148000268] [-0.004364393227693281, -0.006830777093592375]
	[-2.1542603148000268, -2.1542603148000268] [-0.004364393227693281, -0.006830777093592375]
	[-2.1542603148000268, -2.1542603148000268] [-0.004364393227693281, -0.006830777093592375]
	[-2.1542603148000268, -2.1542603148000268] [-0.004364393227693281, -0.006830777093592375]
	[-2.1542603148000268, -2.1542603148000268] [-0.004364393227693281, -0.006830777093592375]
	[-1.793743487436573, -1.793743487436573] [-0.006493437079284101, -0.004852083969353748]
	[-1.793743487436573, -1.793743487436573] [-0.006493437079284101, -0.004852083969353748]
	[-1.793743487436573, -1.793743487436573] [-0.006493437079284101, -0.004852083969353748]
	[-1.793743487436573, -1.793743487436573] [-0.006493437079284101, -0.004852083969353748]
	[-2.003227852723822, -2.003227852723822] [-0.005342461470619662, -0.006096355418053124]
	[-2.003227852723822, -2.003227852723822] [-0.005342461470619662, -0.006096355418053124]
	[-2.097255309128849, -2.097255309128849] [-0.004746481575969735, -0.00657102401435736]
	[-1.9021513615617642, -1.9021513615617642] [-0.005930343706224784, -0.005526162092657196]
	[-1.408651779295002, -1.408651779295002] [-0.007840540498561732, -0.0020575151612308037]
	[-1.408651779295002, -1.408651779295002] [-0.007840540498561732, -0.0020575151612308037]
