source:
	0.20151367595042724,0.2497647500487301
target:
	0.4042301345099394,0.6382049241941824
points:
	[0, 0] [0.002027164585595121, 0.0038844017414545236]
	[0, 0] [0.002027164585595121, 0.0038844017414545236]
	[0.4867741719520386, 0.4867741719520386] [-2.5332364240393686e-05, 0.004381475940528255]
	[0.18799038151711545, 0.18799038151711545] [0.0012655129098798513, 0.00419481229866527]
	[0.18799038151711545, 0.18799038151711545] [0.0012655129098798513, 0.00419481229866527]
	[0.31640554034673163, 0.31640554034673163] [0.000717894598604789, 0.004322337387502281]
	[0.31640554034673163, 0.31640554034673163] [0.000717894598604789, 0.004322337387502281]
	[0.3496385414322512, 0.3496385414322512] [0.0005738803984171146, 0.00434380414319276]
	[0.4556700212387247, 0.4556700212387247] [0.00011094000319970778, 0.004380144456726972]
	[0.4556700212387247, 0.4556700212387247] [0.00011094000319970778, 0.004380144456726972]
	[0.4556700212387247, 0.4556700212387247] [0.00011094000319970778, 0.004380144456726972]
	[0.9312666336681596, 0.9312666336681596] [-0.0019069042011623258, 0.003944830733212193]
	[0.9312666336681596, 0.9312666336681596] [-0.0019069042011623258, 0.003944830733212193]
	[0.8048837809004288, 0.8048837809004288] [-0.0013944625224597904, 0.0041537269312704045]
	[0.8332870097077856, 0.8332870097077856] [-0.001511863467458522, 0.004112449635177344]
	[0.8332870097077856, 0.8332870097077856] [-0.001511863467458522, 0.004112449635177344]
	[0.37546750669085205, 0.37546750669085205] [0.000461505489344907, 0.004357176359686453]
	[-0.1541231071174194, -0.1541231071174194] [0.002599444369630917, 0.0035271606307765596]
	[-0.1541231071174194, -0.1541231071174194] [0.002599444369630917, 0.0035271606307765596]
	[-0.1541231071174194, -0.1541231071174194] [0.002599444369630917, 0.0035271606307765596]
	[-0.1541231071174194, -0.1541231071174194] [0.002599444369630917, 0.0035271606307765596]
	[-0.1541231071174194, -0.1541231071174194] [0.002599444369630917, 0.0035271606307765596]
	[-0.1541231071174194, -0.1541231071174194] [0.002599444369630917, 0.0035271606307765596]
	[-0.1541231071174194, -0.1541231071174194] [0.002599444369630917, 0.0035271606307765596]
	[0.5372089376833562, 0.5372089376833562] [-0.00024618519441160476, 0.004374627526562518]
	[0.5372089376833562, 0.5372089376833562] [-0.00024618519441160476, 0.004374627526562518]
	[0.870379611817206, 0.870379611817206] [-0.0016633300107190038, 0.004053554788275038]
	[0.870379611817206, 0.870379611817206] [-0.0016633300107190038, 0.004053554788275038]
	[0.870379611817206, 0.870379611817206] [-0.0016633300107190038, 0.004053554788275038]
	[0.870379611817206, 0.870379611817206] [-0.0016633300107190038, 0.004053554788275038]
	[0.9601434694306528, 0.9601434694306528] [-0.002020007597951413, 0.0038881283994133395]
	[0.6405001699144328, 0.6405001699144328] [-0.0006959306838083679, 0.0043259280656802405]
	[0.6405001699144328, 0.6405001699144328] [-0.0006959306838083679, 0.0043259280656802405]
	[1.288394178560857, 1.288394178560857] [-0.0031656393303628855, 0.003029306979519506]
	[1.8001381650648156, 1.8001381650648156] [-0.004243542254632238, 0.0010910189179188]
	[1.8001381650648156, 1.8001381650648156] [-0.004243542254632238, 0.0010910189179188]
	[1.8001381650648156, 1.8001381650648156] [-0.004243542254632238, 0.0010910189179188]
