source:
	0.10861542638870214,0.7670842679436897
target:
	0.8108244386454165,0.05569385212582767
points:
	[0, 0] [0.007022090122567146, -0.007113904158178619]
	[-0.5283157310337856, -0.5283157310337856] [0.009650652121112938, -0.0026042841047905006]
	[-0.5283157310337856, -0.5283157310337856] [0.009650652121112938, -0.0026042841047905006]
	[-0.5283157310337856, -0.5283157310337856] [0.009650652121112938, -0.0026042841047905006]
	[-0.5283157310337856, -0.5283157310337856] [0.009650652121112938, -0.0026042841047905006]
	[-0.36481323160069185, -0.36481323160069185] [0.00909803116283208, -0.004140436090720695]
	[-0.36481323160069185, -0.36481323160069185] [0.00909803116283208, -0.004140436090720695]
	[-0.36481323160069185, -0.36481323160069185] [0.00909803116283208, -0.004140436090720695]
	[-0.36481323160069185, -0.36481323160069185] [0.00909803116283208, -0.004140436090720695]
	[-0.17959134880548905, -0.17959134880548905] [0.008179891224301487, -0.0057451511398571254]
	[0.23706864507923903, 0.23706864507923903] [0.0051549556258830434, -0.008564100335492507]
	[0.23706864507923903, 0.23706864507923903] [0.0051549556258830434, -0.008564100335492507]
	[0.23706864507923903, 0.23706864507923903] [0.0051549556258830434, -0.008564100335492507]
	[-0.14978382999398832, -0.14978382999398832] [0.008005034281962054, -0.005986385237003913]
	[-0.14978382999398832, -0.14978382999398832] [0.008005034281962054, -0.005986385237003913]
	[0.08719515721042717, 0.08719515721042717] [0.006375900302105136, -0.007698394468902053]
	[0.08719515721042717, 0.08719515721042717] [0.006375900302105136, -0.007698394468902053]
	[0.08719515721042717, 0.08719515721042717] [0.006375900302105136, -0.007698394468902053]
	[0.08719515721042717, 0.08719515721042717] [0.006375900302105136, -0.007698394468902053]
	[0.08719515721042717, 0.08719515721042717] [0.006375900302105136, -0.007698394468902053]
	[0.08719515721042717, 0.08719515721042717] [0.006375900302105136, -0.007698394468902053]
	[0.08719515721042717, 0.08719515721042717] [0.006375900302105136, -0.007698394468902053]
	[0.08719515721042717, 0.08719515721042717] [0.006375900302105136, -0.007698394468902053]
	[0.08719515721042717, 0.08719515721042717] [0.006375900302105136, -0.007698394468902053]
	[0.08719515721042717, 0.08719515721042717] [0.006375900302105136, -0.007698394468902053]
	[0.08719515721042717, 0.08719515721042717] [0.006375900302105136, -0.007698394468902053]
	[0.5100933001972016, 0.5100933001972016] [0.0026547453276614752, -0.009636893135573605]
	[0.5100933001972016, 0.5100933001972016] [0.0026547453276614752, -0.009636893135573605]
	[0.5014768792009031, 0.5014768792009031] [0.002737681281418864, -0.009613661282912711]
	[0.5014768792009031, 0.5014768792009031] [0.002737681281418864, -0.009613661282912711]
	[1.0187563112007652, 1.0187563112007652] [-0.002374617899181403, -0.009709715335378963]
	[1.0187563112007652, 1.0187563112007652] [-0.002374617899181403, -0.009709715335378963]
	[1.0187563112007652, 1.0187563112007652] [-0.002374617899181403, -0.009709715335378963]
	[1.0187563112007652, 1.0187563112007652] [-0.002374617899181403, -0.009709715335378963]
	[1.6209015966099423, 1.6209015966099423] [-0.007456672681895846, -0.00665698239266669]
	[1.6209015966099423, 1.6209015966099423] [-0.007456672681895846, -0.00665698239266669]
	[1.6209015966099423, 1.6209015966099423] [-0.007456672681895846, -0.00665698239266669]
	[2.2813957992057214, 2.2813957992057214] [-0.009972559954593459, -0.000682224312997575]
	[1.5782406596164091, 1.5782406596164091] [-0.0071659813327427215, -0.006968937766976324]
	[1.5782406596164091, 1.5782406596164091] [-0.0071659813327427215, -0.006968937766976324]
	[1.5429744600451227, 1.5429744600451227] [-0.006915808602306017, -0.007217269112169519]
	[1.5429744600451227, 1.5429744600451227] [-0.006915808602306017, -0.007217269112169519]
	[1.5429744600451227, 1.5429744600451227] [-0.006915808602306017, -0.007217269112169519]
	[1.5429744600451227, 1.5429744600451227] [-0.006915808602306017, -0.007217269112169519]
	[1.046551714236138, 1.046551714236138] [-0.0026435513627277953, -0.009639969826396042]
	[0.8272613093080192, 0.8272613093080192] [-0.00048319289831989375, -0.009984182825059812]
	[0.753976249834341, 0.753976249834341] [0.0002491407218900043, -0.009992762929335522]
	[0.5381261823522623, 0.5381261823522623] [0.002383587781683462, -0.00970751725974337]
	[-0.07196263158799288, -0.07196263158799288] [0.007515409123878626, -0.006590599954626895]
	[-0.07196263158799288, -0.07196263158799288] [0.007515409123878626, -0.006590599954626895]
	[-0.07196263158799288, -0.07196263158799288] [0.007515409123878626, -0.006590599954626895]
	[0.33628376978594526, 0.33628376978594526] [0.004281309701070422, -0.009032594826777431]
	[0.6285327988993444, 0.6285327988993444] [0.001497424701433492, -0.009883071451969925]
	[0.6285327988993444, 0.6285327988993444] [0.001497424701433492, -0.009883071451969925]
	[0.6285327988993444, 0.6285327988993444] [0.001497424701433492, -0.009883071451969925]
	[0.6285327988993444, 0.6285327988993444] [0.001497424701433492, -0.009883071451969925]
	[0.6285327988993444, 0.6285327988993444] [0.001497424701433492, -0.009883071451969925]
	[0.6285327988993444, 0.6285327988993444] [0.001497424701433492, -0.009883071451969925]
	[0.6285327988993444, 0.6285327988993444] [0.001497424701433492, -0.009883071451969925]
	[0.6285327988993444, 0.6285327988993444] [0.001497424701433492, -0.009883071451969925]
	[1.0634018985191986, 1.0634018985191986] [-0.0028056036630370773, -0.009594059106924402]
	[1.0634018985191986, 1.0634018985191986] [-0.0028056036630370773, -0.009594059106924402]
	[1.0634018985191986, 1.0634018985191986] [-0.0028056036630370773, -0.009594059106924402]
	[1.0634018985191986, 1.0634018985191986] [-0.0028056036630370773, -0.009594059106924402]
	[1.0634018985191986, 1.0634018985191986] [-0.0028056036630370773, -0.009594059106924402]
	[1.0634018985191986, 1.0634018985191986] [-0.0028056036630370773, -0.009594059106924402]
	[1.0634018985191986, 1.0634018985191986] [-0.0028056036630370773, -0.009594059106924402]
	[1.0634018985191986, 1.0634018985191986] [-0.0028056036630370773, -0.009594059106924402]
	[0.43353194260597805, 0.43353194260597805] [0.0033840615776646807, -0.009405610522437114]
	[0.04387791903231503, 0.04387791903231503] [0.006703288330872115, -0.007415073001285952]
	[-0.6397386500668334, -0.6397386500668334] [0.00988038421041071, -0.0015150544267031538]
	[-0.6397386500668334, -0.6397386500668334] [0.00988038421041071, -0.0015150544267031538]
	[-0.6397386500668334, -0.6397386500668334] [0.00988038421041071, -0.0015150544267031538]
	[-0.8818955843692422, -0.8818955843692422] [0.00995541009263315, 0.000898438617104195]
	[-0.8818955843692422, -0.8818955843692422] [0.00995541009263315, 0.000898438617104195]
	[-0.8818955843692422, -0.8818955843692422] [0.00995541009263315, 0.000898438617104195]
	[-0.8818955843692422, -0.8818955843692422] [0.00995541009263315, 0.000898438617104195]
	[-0.8818955843692422, -0.8818955843692422] [0.00995541009263315, 0.000898438617104195]
	[-0.8818955843692422, -0.8818955843692422] [0.00995541009263315, 0.000898438617104195]
