source:
	0.5566245631688199,0.22583626534720647
target:
	0.005311402725519998,0.6760863304930809
points:
	[0, 0] [-0.005513131604432999, 0.004502500651458744]
	[-0.6073586602617882, -0.6073586602617882] [-0.00709673309771015, 0.0005509188180210512]
	[-0.6073586602617882, -0.6073586602617882] [-0.00709673309771015, 0.0005509188180210512]
	[-1.0744477650540043, -1.0744477650540043] [-0.006584623758958304, -0.002703675675288407]
	[-0.9540137211797567, -0.9540137211797567] [-0.006861756603661458, -0.0018929945896100108]
	[-0.22471457514969195, -0.22471457514969195] [-0.006377802824458925, 0.0031608168780408903]
	[-0.16875488241159087, -0.16875488241159087] [-0.006191033385744186, 0.003512582784901343]
	[-0.9250907617205821, -0.9250907617205821] [-0.0069136301176320105, -0.0016937682252173673]
	[-0.6439488072606058, -0.6439488072606058] [-0.00711213663944463, 0.00029093749509757335]
	[-0.6601405237398192, -0.6601405237398192] [-0.007115914930996146, 0.00017574668989920654]
	[-0.641193274423727, -0.641193274423727] [-0.007111307951566194, 0.00031053409180928636]
	[-0.9226372796063931, -0.9226372796063931] [-0.00691776493496369, -0.0016768006765180013]
	[-0.65452476348108, -0.65452476348108] [-0.007114815778739461, 0.00021570498089846864]
	[-0.951974888362908, -0.951974888362908] [-0.006865601838874321, -0.0018790006903218347]
	[-0.41218672045183524, -0.41218672045183524] [-0.006855154369511138, 0.0019167657066936328]
	[-0.8771234564930389, -0.8771234564930389] [-0.006986892332088827, -0.0013603189861141965]
	[-0.6062351162016795, -0.6062351162016795] [-0.007096109636990292, 0.0005588919609351084]
	[-0.6062351162016795, -0.6062351162016795] [-0.007096109636990292, 0.0005588919609351084]
	[-0.6062351162016795, -0.6062351162016795] [-0.007096109636990292, 0.0005588919609351084]
	[0.03542521926139042, 0.03542521926139042] [-0.0053502039107142145, 0.004694938798106183]
	[0.06131810136285728, 0.06131810136285728] [-0.005226858598493474, 0.0048318817654759766]
	[-0.3192374631767899, -0.3192374631767899] [-0.006647657390243057, 0.0025447560641702507]
	[-0.36412645413258327, -0.36412645413258327] [-0.0067551541011514294, 0.0022438861989596106]
	[-0.2597059877618361, -0.2597059877618361] [-0.006484477614171549, 0.002935759233229533]
	[-0.2597059877618361, -0.2597059877618361] [-0.006484477614171549, 0.002935759233229533]
	[0.15325182083510314, 0.15325182083510314] [-0.004761198553100399, 0.005291325027073942]
	[0.8323269329573438, 0.8323269329573438] [-0.00038160396382236464, 0.007107848522512242]
	[0.8323269329573438, 0.8323269329573438] [-0.00038160396382236464, 0.007107848522512242]
	[0.8323269329573438, 0.8323269329573438] [-0.00038160396382236464, 0.007107848522512242]
	[0.8323269329573438, 0.8323269329573438] [-0.00038160396382236464, 0.007107848522512242]
	[1.3089937989783935, 1.3089937989783935] [0.0029221578241038016, 0.0064906182952946265]
	[1.5252960275913543, 1.5252960275913543] [0.004247078151234266, 0.005712220179710593]
	[2.2792276090691095, 2.2792276090691095] [0.007006206855080203, 0.0012570591505619635]
	[3.0377292810734575, 3.0377292810734575] [0.0059502261589273785, -0.003906653409479874]
	[2.6753392049429165, 2.6753392049429165] [0.006948720045920989, -0.0015435096137051453]
	[2.6753392049429165, 2.6753392049429165] [0.006948720045920989, -0.0015435096137051453]
	[2.0021509246445786, 2.0021509246445786] [0.006395122309258612, 0.0031256267937498873]
	[2.57844238090372, 2.57844238090372] [0.0070654520648628805, -0.0008640134971800274]
	[1.9321603200152822, 1.9321603200152822] [0.006160878915389914, 0.0035652073143210617]
	[2.559980321096403, 2.559980321096403] [0.007080198540394436, -0.0007334308643498028]
	[2.559980321096403, 2.559980321096403] [0.007080198540394436, -0.0007334308643498028]
	[2.8165415933141578, 2.8165415933141578] [0.006662339155228921, -0.002506066476550052]
	[2.990542799049631, 2.990542799049631] [0.006127875938585296, -0.0036216389501842632]
	[3.409863748996192, 3.409863748996192] [0.004122475940218105, -0.005802785910793818]
	[3.657884884902917, 3.657884884902917] [0.002571825144514912, -0.006637231925300279]
	[3.918751574426853, 3.918751574426853] [0.0007729504006650222, -0.0070759932081861255]
	[3.918751574426853, 3.918751574426853] [0.0007729504006650222, -0.0070759932081861255]
	[3.918751574426853, 3.918751574426853] [0.0007729504006650222, -0.0070759932081861255]
	[3.806874381111652, 3.806874381111652] [0.0015581099854590184, -0.006945460782222968]
	[3.806874381111652, 3.806874381111652] [0.0015581099854590184, -0.006945460782222968]
	[3.035588829430967, 3.035588829430967] [0.005958574524674965, -0.003893908298622208]
	[3.035588829430967, 3.035588829430967] [0.005958574524674965, -0.003893908298622208]
	[2.399303299850992, 2.399303299850992] [0.007106338955084885, 0.0004087528099322051]
	[2.399303299850992, 2.399303299850992] [0.007106338955084885, 0.0004087528099322051]
	[2.399303299850992, 2.399303299850992] [0.007106338955084885, 0.0004087528099322051]
	[3.055047228369116, 3.055047228369116] [0.005881682075062578, -0.004009108151705559]
	[3.453199751548761, 3.453199751548761] [0.0038672146802146107, -0.005975933635953215]
	[3.453199751548761, 3.453199751548761] [0.0038672146802146107, -0.005975933635953215]
	[4.025200150637782, 4.025200150637782] [1.6767571430134595e-05, -0.00711806512001209]
	[4.478431605593875, 4.478431605593875] [-0.0031017339514088833, -0.006406744781779733]
	[3.8124683174434324, 3.8124683174434324] [0.0015192333444558096, -0.006954068035997204]
	[3.8124683174434324, 3.8124683174434324] [0.0015192333444558096, -0.006954068035997204]
	[3.8124683174434324, 3.8124683174434324] [0.0015192333444558096, -0.006954068035997204]
	[3.8124683174434324, 3.8124683174434324] [0.0015192333444558096, -0.006954068035997204]
	[3.781537558645059, 3.781537558645059] [0.0017335669736004123, -0.006903758233906102]
	[3.973693611512719, 3.973693611512719] [0.0003832101503799623, -0.007107762108063983]
	[3.973693611512719, 3.973693611512719] [0.0003832101503799623, -0.007107762108063983]
	[3.973693611512719, 3.973693611512719] [0.0003832101503799623, -0.007107762108063983]
