source:
	0.0600082595552911,0.13905494423409948
target:
	0.2552271642067031,0.547801337841332
points:
	[0, 0] [0.00195218904651412, 0.004087463936072326]
	[0.12598294769393809, 0.12598294769393809] [0.0014231275989908007, 0.004300361768387894]
	[0.905322777360855, 0.905322777360855] [-0.002009955813224118, 0.004059369548453079]
	[0.5587594225344457, 0.5587594225344457] [-0.0005116191600715955, 0.004500738754590096]
	[-0.199698615568626, -0.199698615568626] [0.002724238386100937, 0.003618967907804066]
	[-0.9675768094674448, -0.9675768094674448] [0.004473552038859671, 0.0007111509387155872]
	[-0.9675768094674448, -0.9675768094674448] [0.004473552038859671, 0.0007111509387155872]
	[-0.48530360137905465, -0.48530360137905465] [0.003633483964067304, 0.0027048470908514082]
	[-0.48530360137905465, -0.48530360137905465] [0.003633483964067304, 0.0027048470908514082]
	[-0.10850232398877024, -0.10850232398877024] [0.002383338641712738, 0.0038520254958840107]
	[-0.7152192028690838, -0.7152192028690838] [0.00415429319735693, 0.0018056166626434075]
	[-1.3281220210323244, -1.3281220210323244] [0.004436806300825365, -0.000912772343455868]
	[-0.7379773767571288, -0.7379773767571288] [0.004194306408817672, 0.001710613121361049]
	[-0.9300873752077831, -0.9300873752077831] [0.004443754311262921, 0.0008783229036941834]
	[-0.26534643357876175, -0.26534643357876175] [0.0029557769941388184, 0.003432460613458116]
	[-0.26534643357876175, -0.26534643357876175] [0.0029557769941388184, 0.003432460613458116]
	[-0.26534643357876175, -0.26534643357876175] [0.0029557769941388184, 0.003432460613458116]
	[-0.26534643357876175, -0.26534643357876175] [0.0029557769941388184, 0.003432460613458116]
	[0.1654901408515671, 0.1654901408515671] [0.0012521660910808558, 0.004353215315415592]
	[0.7028813584879041, 0.7028813584879041] [-0.0011527268593116298, 0.004380596339523093]
	[0.7028813584879041, 0.7028813584879041] [-0.0011527268593116298, 0.004380596339523093]
	[0.7028813584879041, 0.7028813584879041] [-0.0011527268593116298, 0.004380596339523093]
	[0.7028813584879041, 0.7028813584879041] [-0.0011527268593116298, 0.004380596339523093]
	[0.7028813584879041, 0.7028813584879041] [-0.0011527268593116298, 0.004380596339523093]
	[1.3966891712846485, 1.3966891712846485] [-0.003687492528326899, 0.0026307417880808586]
	[2.040914139991735, 2.040914139991735] [-0.0045283598031315465, -0.00011118001350962817]
	[2.040914139991735, 2.040914139991735] [-0.0045283598031315465, -0.00011118001350962817]
	[2.040914139991735, 2.040914139991735] [-0.0045283598031315465, -0.00011118001350962817]
	[2.6997214912247527, 2.6997214912247527] [-0.0035126162677715806, -0.0028600577716906403]
	[2.7981755694946004, 2.7981755694946004] [-0.003214476096280965, -0.0031914803662971]
	[3.183261353983968, 3.183261353983968] [-0.0017802244903556092, -0.004165237600180774]
	[2.4076732228932265, 2.4076732228932265] [-0.004187330318472029, -0.0017276192595669084]
	[2.4076732228932265, 2.4076732228932265] [-0.004187330318472029, -0.0017276192595669084]
	[1.8449589438592247, 1.8449589438592247] [-0.004463343815647002, 0.0007726354155403707]
	[1.8449589438592247, 1.8449589438592247] [-0.004463343815647002, 0.0007726354155403707]
	[1.8449589438592247, 1.8449589438592247] [-0.004463343815647002, 0.0007726354155403707]
	[1.1106896367677106, 1.1106896367677106] [-0.0027955313898451913, 0.0035641840230846377]
	[1.0161181728483157, 1.0161181728483157] [-0.0024464715414323143, 0.0038122408763066606]
	[1.5356973767659712, 1.5356973767659712] [-0.004016440728963549, 0.002094422921175266]
	[1.4565609979525054, 1.4565609979525054] [-0.003838298575979932, 0.002405383034706116]
