source:
	0.5183881691900373,0.6955043571593659
target:
	0.851087125997034,0.33287549155391793
points:
	[0, 0] [0.0033269895680699667, -0.0036262886560544795]
	[0.015684415284198398, 0.015684415284198398] [0.0032697064699562, -0.003678022376685921]
	[0.171697712351485, 0.171697712351485] [0.0026584991298033256, -0.004141402103142212]
	[0.7846107705304822, 0.7846107705304822] [-0.0002077649669832395, -0.004916875300591855]
	[0.6575214084807917, 0.6575214084807917] [0.0004171124051772239, -0.004903554450041628]
	[0.6575214084807917, 0.6575214084807917] [0.0004171124051772239, -0.004903554450041628]
	[0.6575214084807917, 0.6575214084807917] [0.0004171124051772239, -0.004903554450041628]
	[0.08008987164599113, 0.08008987164599113] [0.0030262063650281757, -0.003880838058891242]
	[0.08008987164599113, 0.08008987164599113] [0.0030262063650281757, -0.003880838058891242]
	[0.08008987164599113, 0.08008987164599113] [0.0030262063650281757, -0.003880838058891242]
	[0.08008987164599113, 0.08008987164599113] [0.0030262063650281757, -0.003880838058891242]
	[0.08008987164599113, 0.08008987164599113] [0.0030262063650281757, -0.003880838058891242]
	[0.08008987164599113, 0.08008987164599113] [0.0030262063650281757, -0.003880838058891242]
	[0.08008987164599113, 0.08008987164599113] [0.0030262063650281757, -0.003880838058891242]
	[0.08008987164599113, 0.08008987164599113] [0.0030262063650281757, -0.003880838058891242]
	[0.609170444607843, 0.609170444607843] [0.0006536241496459526, -0.004877663833647764]
	[0.609170444607843, 0.609170444607843] [0.0006536241496459526, -0.004877663833647764]
	[1.0043004553531911, 1.0043004553531911] [-0.0012742901475415436, -0.00475342125452335]
	[1.0043004553531911, 1.0043004553531911] [-0.0012742901475415436, -0.00475342125452335]
	[1.0043004553531911, 1.0043004553531911] [-0.0012742901475415436, -0.00475342125452335]
	[0.7954569149673966, 0.7954569149673966] [-0.0002610808405854657, -0.004914332690992234]
	[0.7954569149673966, 0.7954569149673966] [-0.0002610808405854657, -0.004914332690992234]
	[1.0030268567047824, 1.0030268567047824] [-0.0012682351648098348, -0.004755040333142881]
	[1.0030268567047824, 1.0030268567047824] [-0.0012682351648098348, -0.004755040333142881]
	[0.5454071108683716, 0.5454071108683716] [0.0009631012562107802, -0.004826102461962551]
	[0.7891794635262657, 0.7891794635262657] [-0.00023022641425229115, -0.004915874774773695]
	[0.5714192303042913, 0.5714192303042913] [0.000837252445721024, -0.004849519290116284]
	[0.5714192303042913, 0.5714192303042913] [0.000837252445721024, -0.004849519290116284]
	[0.5714192303042913, 0.5714192303042913] [0.000837252445721024, -0.004849519290116284]
	[0.5714192303042913, 0.5714192303042913] [0.000837252445721024, -0.004849519290116284]
	[0.5714192303042913, 0.5714192303042913] [0.000837252445721024, -0.004849519290116284]
	[0.029033664962731742, 0.029033664962731742] [0.0032203177586160353, -0.0037213414969091436]
	[0.11761885171955351, 0.11761885171955351] [0.002878465815259932, -0.0039916492272562935]
	[0.7853459354965053, 0.7853459354965053] [-0.00021137962497582712, -0.0049167212303750625]
	[0.7853459354965053, 0.7853459354965053] [-0.00021137962497582712, -0.0049167212303750625]
	[1.2105201239447498, 1.2105201239447498] [-0.0022206063981531662, -0.004391780530440588]
	[1.2105201239447498, 1.2105201239447498] [-0.0022206063981531662, -0.004391780530440588]
	[1.567467375219371, 1.567467375219371] [-0.0036151931962468916, -0.003339042850411772]
	[0.9168574508726928, 0.9168574508726928] [-0.0008542975238138885, -0.00484654565065483]
	[0.9168574508726928, 0.9168574508726928] [-0.0008542975238138885, -0.00484654565065483]
	[0.9168574508726928, 0.9168574508726928] [-0.0008542975238138885, -0.00484654565065483]
