source:
	0.3613371317294729,0.346701556959895
target:
	0.9220160555611709,0.02603879397540254
points:
	[0, 0] [0.005606789238316982, -0.003206627629844925]
	[0.14930565212396016, 0.14930565212396016] [0.005067420658950145, -0.004004971183995869]
	[0.23352413337692532, 0.23352413337692532] [0.004712566288120692, -0.0044170425965186656]
	[-0.18346431370979235, -0.18346431370979235] [0.006097700719439661, -0.002129927758290651]
	[-0.18346431370979235, -0.18346431370979235] [0.006097700719439661, -0.002129927758290651]
	[-0.18346431370979235, -0.18346431370979235] [0.006097700719439661, -0.002129927758290651]
	[-0.18346431370979235, -0.18346431370979235] [0.006097700719439661, -0.002129927758290651]
	[0.3062185312155954, 0.3062185312155954] [0.004379308526018387, -0.004747652383371666]
	[0.3062185312155954, 0.3062185312155954] [0.004379308526018387, -0.004747652383371666]
	[0.3062185312155954, 0.3062185312155954] [0.004379308526018387, -0.004747652383371666]
	[0.4234839267004664, 0.4234839267004664] [0.003793772449294863, -0.0052274120673965665]
	[1.0092077689399144, 1.0092077689399144] [0.00027166914672986176, -0.0064532737578772426]
	[1.0092077689399144, 1.0092077689399144] [0.00027166914672986176, -0.0064532737578772426]
	[1.0092077689399144, 1.0092077689399144] [0.00027166914672986176, -0.0064532737578772426]
	[0.7465302302211427, 0.7465302302211427] [0.0019380537571062246, -0.006161371109903902]
	[0.7465302302211427, 0.7465302302211427] [0.0019380537571062246, -0.006161371109903902]
	[0.7465302302211427, 0.7465302302211427] [0.0019380537571062246, -0.006161371109903902]
	[0.3479467467948436, 0.3479467467948436] [0.004177442783060809, -0.004926207274734302]
	[0.3479467467948436, 0.3479467467948436] [0.004177442783060809, -0.004926207274734302]
	[0.6109778680103091, 0.6109778680103091] [0.0027529087451746447, -0.005842947865601144]
	[0.7477920583408064, 0.7477920583408064] [0.001930277624952917, -0.006163811694884759]
	[0.7477920583408064, 0.7477920583408064] [0.001930277624952917, -0.006163811694884759]
	[0.7477920583408064, 0.7477920583408064] [0.001930277624952917, -0.006163811694884759]
	[0.7477920583408064, 0.7477920583408064] [0.001930277624952917, -0.006163811694884759]
	[0.7477920583408064, 0.7477920583408064] [0.001930277624952917, -0.006163811694884759]
	[1.3186784194611731, 1.3186784194611731] [-0.0017066099287733486, -0.00622944852056779]
	[2.0008754420799226, 2.0008754420799226] [-0.005252318844076841, -0.0037592144231936688]
	[2.0008754420799226, 2.0008754420799226] [-0.005252318844076841, -0.0037592144231936688]
	[2.5909445967055027, 2.5909445967055027] [-0.006455859688114426, -0.0002010522488585742]
	[2.5909445967055027, 2.5909445967055027] [-0.006455859688114426, -0.0002010522488585742]
	[2.8337490298183496, 2.8337490298183496] [-0.006314831544934177, 0.0013569999552307413]
	[2.5858978200975726, 2.5858978200975726] [-0.006454762811584596, -0.00023363083181916975]
	[2.5858978200975726, 2.5858978200975726] [-0.006454762811584596, -0.00023363083181916975]
	[3.0941309686339915, 3.0941309686339915] [-0.00575261028313959, 0.0029370088950680137]
	[3.4646995690250098, 3.4646995690250098] [-0.0042985076469194755, 0.004820931271939768]
	[2.976871582391592, 2.976871582391592] [-0.006056710246731393, 0.0022438376292706515]
	[2.792333803180519, 2.792333803180519] [-0.006365601049184059, 0.0010943809218086718]
	[2.792333803180519, 2.792333803180519] [-0.006365601049184059, 0.0010943809218086718]
	[2.792333803180519, 2.792333803180519] [-0.006365601049184059, 0.0010943809218086718]
	[2.6618837119861967, 2.6618837119861967] [-0.006453872909687102, 0.00025704237977217743]
	[2.6618837119861967, 2.6618837119861967] [-0.006453872909687102, 0.00025704237977217743]
	[2.6618837119861967, 2.6618837119861967] [-0.006453872909687102, 0.00025704237977217743]
	[2.6618837119861967, 2.6618837119861967] [-0.006453872909687102, 0.00025704237977217743]
	[3.2923700328509513, 3.2923700328509513] [-0.005061520948335908, 0.004012424704458485]
	[3.2923700328509513, 3.2923700328509513] [-0.005061520948335908, 0.004012424704458485]
	[3.7623388662113793, 3.7623388662113793] [-0.002695702383578439, 0.005869560032793046]
	[3.7623388662113793, 3.7623388662113793] [-0.002695702383578439, 0.005869560032793046]
	[3.502267112739456, 3.502267112739456] [-0.004114406769533027, 0.004978976125089655]
	[3.2415639747792944, 3.2415639747792944] [-0.005258757607253817, 0.0037502019609005196]
	[2.9779477079902015, 2.9779477079902015] [-0.006054292089110338, 0.0022503541097187267]
	[2.9779477079902015, 2.9779477079902015] [-0.006054292089110338, 0.0022503541097187267]
	[2.9779477079902015, 2.9779477079902015] [-0.006054292089110338, 0.0022503541097187267]
	[2.9779477079902015, 2.9779477079902015] [-0.006054292089110338, 0.0022503541097187267]
	[2.9779477079902015, 2.9779477079902015] [-0.006054292089110338, 0.0022503541097187267]
	[2.9779477079902015, 2.9779477079902015] [-0.006054292089110338, 0.0022503541097187267]
	[2.9779477079902015, 2.9779477079902015] [-0.006054292089110338, 0.0022503541097187267]
	[2.9779477079902015, 2.9779477079902015] [-0.006054292089110338, 0.0022503541097187267]
	[2.9901515049457577, 2.9901515049457577] [-0.00602637907084076, 0.002324070053575076]
	[2.422570937687666, 2.422570937687666] [-0.0063308726875929144, -0.0012800770808361753]
	[2.422570937687666, 2.422570937687666] [-0.0063308726875929144, -0.0012800770808361753]
	[2.422570937687666, 2.422570937687666] [-0.0063308726875929144, -0.0012800770808361753]
	[2.747513596756278, 2.747513596756278] [-0.00640824230573478, 0.0008080698425154722]
	[2.747513596756278, 2.747513596756278] [-0.00640824230573478, 0.0008080698425154722]
