source:
	0.6810511169398737,0.4508042084925321
target:
	0.42469140855178467,0.12297601859390506
points:
	[-0.5264305948483043, -0.5264305948483043] [-0.0038636755957430335, -0.0015463418472522008]
	[-0.5264305948483043, -0.5264305948483043] [-0.0038636755957430335, -0.0015463418472522008]
	[-0.25014529842198735, -0.25014529842198735] [-0.003295330312016282, -0.0025416452058480378]
	[-0.8110377287811645, -0.8110377287811645] [-0.004142430291851296, -0.00039929124064575687]
	[-0.27566425737864286, -0.27566425737864286] [-0.0033591104824913045, -0.002456733397037756]
	[-0.2242888781624534, -0.2242888781624534] [-0.0032285182953049668, -0.002625991590730013]
	[-0.2242888781624534, -0.2242888781624534] [-0.0032285182953049668, -0.002625991590730013]
	[-0.4306119777480345, -0.4306119777480345] [-0.0036980108443696604, -0.0019088944477440415]
	[-0.4306119777480345, -0.4306119777480345] [-0.0036980108443696604, -0.0019088944477440415]
	[-1.0438833914814065, -1.0438833914814065] [-0.004122776836906621, 0.0005673388500445501]
	[-1.0438833914814065, -1.0438833914814065] [-0.004122776836906621, 0.0005673388500445501]
	[-0.7135622690933638, -0.7135622690933638] [-0.004083906798339955, -0.0008005419915134589]
	[-0.12315706394758064, -0.12315706394758064] [-0.0029469034641022743, -0.002938523811536271]
	[-0.12315706394758064, -0.12315706394758064] [-0.0029469034641022743, -0.002938523811536271]
	[-0.06317046454608763, -0.06317046454608763] [-0.002765436642994069, -0.0031099071354767707]
	[0.4105881891021472, 0.4105881891021472] [-0.0010420048487982646, -0.004029067896273844]
	[0.4105881891021472, 0.4105881891021472] [-0.0010420048487982646, -0.004029067896273844]
	[0.4105881891021472, 0.4105881891021472] [-0.0010420048487982646, -0.004029067896273844]
	[-0.11952106856263556, -0.11952106856263556] [-0.002936199548935391, -0.002949219291021819]
	[-0.11952106856263556, -0.11952106856263556] [-0.002936199548935391, -0.002949219291021819]
	[-0.4349561630391282, -0.4349561630391282] [-0.0037062685151936217, -0.0018928116417087316]
	[-0.4349561630391282, -0.4349561630391282] [-0.0037062685151936217, -0.0018928116417087316]
	[-0.4349561630391282, -0.4349561630391282] [-0.0037062685151936217, -0.0018928116417087316]
	[-0.69886734819488, -0.69886734819488] [-0.004071702387566238, -0.0008604660857878332]
	[-0.5457837741337356, -0.5457837741337356] [-0.0038928768199727954, -0.0014712825297073752]
	[-1.1118384704278763, -1.1118384704278763] [-0.004074737338451721, 0.0008459774467035284]
	[-1.1118384704278763, -1.1118384704278763] [-0.004074737338451721, 0.0008459774467035284]
	[-0.6017389554148437, -0.6017389554148437] [-0.003969067072903865, -0.001251266873410299]
	[-1.1387935036638048, -1.1387935036638048] [-0.004050456540441424, 0.0009554915131485606]
	[-0.7885005618668208, -0.7885005618668208] [-0.004132380185155133, -0.0004925405800955526]
	[-0.7885005618668208, -0.7885005618668208] [-0.004132380185155133, -0.0004925405800955526]
	[-0.7885005618668208, -0.7885005618668208] [-0.004132380185155133, -0.0004925405800955526]
	[-0.25010543527938, -0.25010543527938] [-0.0032952289914327548, -0.0025417765660507427]
	[-0.25010543527938, -0.25010543527938] [-0.0032952289914327548, -0.0025417765660507427]
	[-0.25010543527938, -0.25010543527938] [-0.0032952289914327548, -0.0025417765660507427]
