source:
	0.1645549687695831,0.23028777089166486
target:
	0.29214890866674215,0.6646340081715816
points:
	[0, 0] [0.0012759393989715902, 0.004343462372799168]
	[0, 0] [0.0012759393989715902, 0.004343462372799168]
	[-0.26502305535146453, -0.26502305535146453] [0.002369081535959012, 0.0038576079906787117]
	[-0.26502305535146453, -0.26502305535146453] [0.002369081535959012, 0.0038576079906787117]
	[-0.452648154182665, -0.452648154182665] [0.003047049088841565, 0.003348011138565692]
	[-0.452648154182665, -0.452648154182665] [0.003047049088841565, 0.003348011138565692]
	[-0.452648154182665, -0.452648154182665] [0.003047049088841565, 0.003348011138565692]
	[-0.452648154182665, -0.452648154182665] [0.003047049088841565, 0.003348011138565692]
	[-1.2025302497482273, -1.2025302497482273] [0.00451158208605853, 0.00037324765843327627]
	[-1.2025302497482273, -1.2025302497482273] [0.00451158208605853, 0.00037324765843327627]
	[-1.1388069667753653, -1.1388069667753653] [0.004478656719450815, 0.0006597883926595086]
	[-0.8575509635821079, -0.8575509635821079] [0.0041195469158845106, 0.0018769709485222663]
	[-0.8575509635821079, -0.8575509635821079] [0.0041195469158845106, 0.0018769709485222663]
	[-1.508290347097175, -1.508290347097175] [0.004414682105985375, -0.0010021320456220794]
	[-1.508290347097175, -1.508290347097175] [0.004414682105985375, -0.0010021320456220794]
	[-1.508290347097175, -1.508290347097175] [0.004414682105985375, -0.0010021320456220794]
	[-1.0727463350797315, -1.0727463350797315] [0.004425333484788957, 0.0009539970032320754]
	[-1.2095685126904845, -1.2095685126904845] [0.004514097334544835, 0.00034148497481641577]
	[-1.2095685126904845, -1.2095685126904845] [0.004514097334544835, 0.00034148497481641577]
	[-0.49906322735488373, -0.49906322735488373] [0.0031991098499571597, 0.00320302714657201]
	[-0.49906322735488373, -0.49906322735488373] [0.0031991098499571597, 0.00320302714657201]
	[-0.49906322735488373, -0.49906322735488373] [0.0031991098499571597, 0.00320302714657201]
	[-0.7866536669982606, -0.7866536669982606] [0.003976237237154872, 0.0021640758229861416]
	[-1.310932100152808, -1.310932100152808] [0.004525481861816022, -0.00011704978489662916]
	[-1.1421683082238057, -1.1421683082238057] [0.00448084918805781, 0.0006447303991994043]
	[-1.1421683082238057, -1.1421683082238057] [0.00448084918805781, 0.0006447303991994043]
	[-1.7040623198416607, -1.7040623198416607] [0.004135413389444541, -0.0018417499374706026]
	[-1.7040623198416607, -1.7040623198416607] [0.004135413389444541, -0.0018417499374706026]
	[-1.7040623198416607, -1.7040623198416607] [0.004135413389444541, -0.0018417499374706026]
	[-1.8938258291725927, -1.8938258291725927] [0.0037137749205241994, -0.002588737640908332]
	[-1.8938258291725927, -1.8938258291725927] [0.0037137749205241994, -0.002588737640908332]
	[-1.5753215975782884, -1.5753215975782884] [0.004337643948422578, -0.0012955816108926313]
	[-1.5753215975782884, -1.5753215975782884] [0.004337643948422578, -0.0012955816108926313]
	[-1.3260055333584564, -1.3260055333584564] [0.0045232034825265395, -0.00018524845324575243]
	[-0.5496479036823133, -0.5496479036823133] [0.003356972768523251, 0.0030371731207100286]
	[-0.5496479036823133, -0.5496479036823133] [0.003356972768523251, 0.0030371731207100286]
	[-0.07691174326991468, -0.07691174326991468] [0.001605901409046239, 0.004232584009584862]
	[-0.6111719355182925, -0.6111719355182925] [0.0035373626294690507, 0.0028250225417518287]
	[-0.6111719355182925, -0.6111719355182925] [0.0035373626294690507, 0.0028250225417518287]
	[-0.235257042884495, -0.235257042884495] [0.002253223439886018, 0.003926406864261316]
