source:
	0.8441458180435019,0.3520735893488327
target:
	0.38283724530210284,0.737103972414768
points:
	[-0.3107119113651481, -0.3107119113651481] [-0.005569371996631127, 0.0022555476230844192]
	[0.4025974625461789, 0.4025974625461789] [-0.0027356674470467367, 0.005349908703522849]
	[0.4025974625461789, 0.4025974625461789] [-0.0027356674470467367, 0.005349908703522849]
	[0.4025974625461789, 0.4025974625461789] [-0.0027356674470467367, 0.005349908703522849]
	[0.4025974625461789, 0.4025974625461789] [-0.0027356674470467367, 0.005349908703522849]
	[0.8597759854672337, 0.8597759854672337] [-9.317174330732619e-05, 0.0060080544723820385]
	[0.6193066059208053, 0.6193066059208053] [-0.0015213602467550604, 0.00581299084090575]
	[0.6448944165421131, 0.6448944165421131] [-0.0013721367510087068, 0.005850011987457121]
	[0.15069312355279602, 0.15069312355279602] [-0.003982785987734619, 0.004499201628374252]
	[0.15069312355279602, 0.15069312355279602] [-0.003982785987734619, 0.004499201628374252]
	[0.1342988332385188, 0.1342988332385188] [-0.004056008681096256, 0.004433304985643618]
	[-0.4385089223762305, -0.4385089223762305] [-0.005811422416323623, 0.0015273405042465352]
	[-0.5678753183528361, -0.5678753183528361] [-0.005959897064540788, 0.00076487024843358]
	[-1.0097708704973347, -1.0097708704973347] [-0.005714504727004096, -0.0018573732101838326]
	[-1.0097708704973347, -1.0097708704973347] [-0.005714504727004096, -0.0018573732101838326]
	[-1.0097708704973347, -1.0097708704973347] [-0.005714504727004096, -0.0018573732101838326]
	[-1.0097708704973347, -1.0097708704973347] [-0.005714504727004096, -0.0018573732101838326]
	[-1.0097708704973347, -1.0097708704973347] [-0.005714504727004096, -0.0018573732101838326]
	[-1.0097708704973347, -1.0097708704973347] [-0.005714504727004096, -0.0018573732101838326]
	[-0.7869838525641979, -0.7869838525641979] [-0.005983657354534312, -0.0005488571584558111]
	[-0.7869838525641979, -0.7869838525641979] [-0.005983657354534312, -0.0005488571584558111]
	[-1.286702850870548, -1.286702850870548] [-0.004988958478946717, -0.0033489838477076]
	[-1.286702850870548, -1.286702850870548] [-0.004988958478946717, -0.0033489838477076]
	[-1.416470038796085, -1.416470038796085] [-0.004513642018550138, -0.003966413398177173]
	[-1.48867829460906, -1.48867829460906] [-0.004215721024801629, -0.004281716449965627]
	[-1.48867829460906, -1.48867829460906] [-0.004215721024801629, -0.004281716449965627]
	[-1.48867829460906, -1.48867829460906] [-0.004215721024801629, -0.004281716449965627]
	[-1.4601748937478913, -1.4601748937478913] [-0.00433603557784896, -0.004159831124515608]
	[-1.698263079683434, -1.698263079683434] [-0.0032326426989859876, -0.005065118033921158]
	[-1.698263079683434, -1.698263079683434] [-0.0032326426989859876, -0.005065118033921158]
	[-1.698263079683434, -1.698263079683434] [-0.0032326426989859876, -0.005065118033921158]
	[-1.8117579166396665, -1.8117579166396665] [-0.0026382136828554483, -0.005398632056406052]
	[-1.8117579166396665, -1.8117579166396665] [-0.0026382136828554483, -0.005398632056406052]
	[-1.8235174966447882, -1.8235174966447882] [-0.0025745470862961373, -0.005429282348276319]
	[-1.6127491733892043, -1.6127491733892043] [-0.003653440668546264, -0.004770510538534945]
	[-1.6127491733892043, -1.6127491733892043] [-0.003653440668546264, -0.004770510538534945]
	[-2.1615254005449813, -2.1615254005449813] [-0.000628476340090825, -0.005975819358615753]
	[-2.1615254005449813, -2.1615254005449813] [-0.000628476340090825, -0.005975819358615753]
	[-1.8686410064558268, -1.8686410064558268] [-0.002327021327526517, -0.00553988910160641]
	[-1.7082693292215794, -1.7082693292215794] [-0.0031817988768912233, -0.005097210553221684]
	[-1.6438837412595146, -1.6438837412595146] [-0.003503166270435456, -0.004881928471264617]
	[-1.3871485095394813, -1.3871485095394813] [-0.004627986493175584, -0.003832380531190125]
	[-1.3871485095394813, -1.3871485095394813] [-0.004627986493175584, -0.003832380531190125]
	[-0.9816982755928874, -0.9816982755928874] [-0.005764387595818983, -0.0016962414810483173]
	[-1.7076980407250701, -1.7076980407250701] [-0.0031847103352634623, -0.005095391996434311]
	[-1.7076980407250701, -1.7076980407250701] [-0.0031847103352634623, -0.005095391996434311]
	[-1.7076980407250701, -1.7076980407250701] [-0.0031847103352634623, -0.005095391996434311]
	[-1.5371560656338743, -1.5371560656338743] [-0.004003281545466122, -0.004480974936840322]
	[-1.5371560656338743, -1.5371560656338743] [-0.004003281545466122, -0.004480974936840322]
	[-1.447566483125019, -1.447566483125019] [-0.004388138397551472, -0.004104831411982122]
	[-1.6012481117194395, -1.6012481117194395] [-0.0037080637691858103, -0.004728177513642256]
	[-1.6012481117194395, -1.6012481117194395] [-0.0037080637691858103, -0.004728177513642256]
	[-1.028400320291244, -1.028400320291244] [-0.005678913288427554, -0.001963502834065103]
	[-1.028400320291244, -1.028400320291244] [-0.005678913288427554, -0.001963502834065103]
