source:
	0.9581846590732784,0.3543387469817664
target:
	0.5875543577971285,0.6288211848885761
points:
	[0, 0] [-0.0037063030127614995, 0.0027448243790680975]
	[0, 0] [-0.0037063030127614995, 0.0027448243790680975]
	[0, 0] [-0.0037063030127614995, 0.0027448243790680975]
	[-0.1887285479968922, -0.1887285479968922] [-0.004155449261371668, 0.0020007459435163666]
	[-0.1887285479968922, -0.1887285479968922] [-0.004155449261371668, 0.0020007459435163666]
	[-0.1887285479968922, -0.1887285479968922] [-0.004155449261371668, 0.0020007459435163666]
	[0.35752800021034925, 0.35752800021034925] [-0.0025113564415840555, 0.003868311222955801]
	[0.35752800021034925, 0.35752800021034925] [-0.0025113564415840555, 0.003868311222955801]
	[0.35752800021034925, 0.35752800021034925] [-0.0025113564415840555, 0.003868311222955801]
	[0.35752800021034925, 0.35752800021034925] [-0.0025113564415840555, 0.003868311222955801]
	[0.11164974037632286, 0.11164974037632286] [-0.0033774036113342516, 0.0031406826870089707]
	[0.11164974037632286, 0.11164974037632286] [-0.0033774036113342516, 0.0031406826870089707]
	[0.11164974037632286, 0.11164974037632286] [-0.0033774036113342516, 0.0031406826870089707]
	[0.11164974037632286, 0.11164974037632286] [-0.0033774036113342516, 0.0031406826870089707]
	[0.860850361052546, 0.860850361052546] [-0.0003340747519538474, 0.004599906189743277]
	[0.8621186206368655, 0.8621186206368655] [-0.0003282406097290438, 0.004600326183702221]
	[0.8621186206368655, 0.8621186206368655] [-0.0003282406097290438, 0.004600326183702221]
	[0.8621186206368655, 0.8621186206368655] [-0.0003282406097290438, 0.004600326183702221]
	[0.11175329733666739, 0.11175329733666739] [-0.0033770783536726475, 0.0031410324238197824]
	[0.11175329733666739, 0.11175329733666739] [-0.0033770783536726475, 0.0031410324238197824]
	[0.11175329733666739, 0.11175329733666739] [-0.0033770783536726475, 0.0031410324238197824]
	[0.11175329733666739, 0.11175329733666739] [-0.0033770783536726475, 0.0031410324238197824]
	[0.6180091190310506, 0.6180091190310506] [-0.0014303727613660933, 0.004384606784863777]
	[0.6180091190310506, 0.6180091190310506] [-0.0014303727613660933, 0.004384606784863777]
	[0.6180091190310506, 0.6180091190310506] [-0.0014303727613660933, 0.004384606784863777]
	[1.0871002532128675, 1.0871002532128675] [0.0007063113158469978, 0.004557616396696635]
	[1.0871002532128675, 1.0871002532128675] [0.0007063113158469978, 0.004557616396696635]
	[1.0871002532128675, 1.0871002532128675] [0.0007063113158469978, 0.004557616396696635]
	[1.0871002532128675, 1.0871002532128675] [0.0007063113158469978, 0.004557616396696635]
	[1.0871002532128675, 1.0871002532128675] [0.0007063113158469978, 0.004557616396696635]
	[1.0871002532128675, 1.0871002532128675] [0.0007063113158469978, 0.004557616396696635]
	[1.0871002532128675, 1.0871002532128675] [0.0007063113158469978, 0.004557616396696635]
	[1.0871002532128675, 1.0871002532128675] [0.0007063113158469978, 0.004557616396696635]
	[0.812833657423343, 0.812833657423343] [-0.0005544771719327192, 0.0045785694228805815]
	[1.5250324045112214, 1.5250324045112214] [0.0025723948235244123, 0.0038279926549350043]
	[1.2503145788000913, 1.2503145788000913] [0.0014374945393988336, 0.004382277072884606]
	[1.2503145788000913, 1.2503145788000913] [0.0014374945393988336, 0.004382277072884606]
	[1.2503145788000913, 1.2503145788000913] [0.0014374945393988336, 0.004382277072884606]
	[1.7254197016180208, 1.7254197016180208] [0.003282877771723758, 0.003239360497112599]
