source:
	0.12563498231861647,0.009218609683494638
target:
	0.8651615542500527,0.8625691148970425
points:
	[0, 0] [0.007395265719314362, 0.008533505052135477]
	[0, 0] [0.007395265719314362, 0.008533505052135477]
	[-0.3305713105443851, -0.3305713105443851] [0.009764698881845042, 0.0056710950689423355]
	[-0.3305713105443851, -0.3305713105443851] [0.009764698881845042, 0.0056710950689423355]
	[-0.3305713105443851, -0.3305713105443851] [0.009764698881845042, 0.0056710950689423355]
	[-0.6610292735826879, -0.6610292735826879] [0.011076504210037775, 0.0021958410732799733]
	[-0.5181591550250987, -0.5181591550250987] [0.010650996388876281, 0.0037505918810545494]
	[-0.05975489930392208, -0.05975489930392208] [0.007891682034649152, 0.008076634088411073]
	[-0.05975489930392208, -0.05975489930392208] [0.007891682034649152, 0.008076634088411073]
	[-0.05975489930392208, -0.05975489930392208] [0.007891682034649152, 0.008076634088411073]
	[0.6936285472269136, 0.6936285472269136] [0.00023071233702878321, 0.011289704838995156]
	[0.6936285472269136, 0.6936285472269136] [0.00023071233702878321, 0.011289704838995156]
	[0.6936285472269136, 0.6936285472269136] [0.00023071233702878321, 0.011289704838995156]
	[0.9344950835425758, 0.9344950835425758] [-0.0024690419750416697, 0.011018824586114901]
	[0.9344950835425758, 0.9344950835425758] [-0.0024690419750416697, 0.011018824586114901]
	[1.4033315863913742, 1.4033315863913742] [-0.007181459978528581, 0.00871420083030453]
	[1.4033315863913742, 1.4033315863913742] [-0.007181459978528581, 0.00871420083030453]
	[1.4033315863913742, 1.4033315863913742] [-0.007181459978528581, 0.00871420083030453]
	[1.4033315863913742, 1.4033315863913742] [-0.007181459978528581, 0.00871420083030453]
	[1.7467514642264594, 1.7467514642264594] [-0.009696276927998826, 0.005787303108499293]
	[1.8504936461074668, 1.8504936461074668] [-0.010243456999168286, 0.004752078728333335]
	[1.6692859667973587, 1.6692859667973587] [-0.009219330199034002, 0.006520323168008438]
	[1.6692859667973587, 1.6692859667973587] [-0.009219330199034002, 0.006520323168008438]
	[1.6692859667973587, 1.6692859667973587] [-0.009219330199034002, 0.006520323168008438]
	[1.6692859667973587, 1.6692859667973587] [-0.009219330199034002, 0.006520323168008438]
	[1.6692859667973587, 1.6692859667973587] [-0.009219330199034002, 0.006520323168008438]
	[2.339392088758267, 2.339392088758267] [-0.011275274818528466, -0.000615500853570341]
	[2.9415446884001772, 2.9415446884001772] [-0.00894352917467082, -0.00689376163178709]
	[3.7251285355923303, 3.7251285355923303] [-0.001469720035308278, -0.011196007616641806]
	[3.312312935643369, 3.312312935643369] [-0.00583798218748422, -0.009665848514885014]
	[3.3846753910901834, 3.3846753910901834] [-0.005123869797576978, -0.01006263493482529]
	[3.3846753910901834, 3.3846753910901834] [-0.005123869797576978, -0.01006263493482529]
	[3.36886642288102, 3.36886642288102] [-0.005282302772805958, -0.009980377795980192]
	[2.637488665453507, 2.637488665453507] [-0.010597230906979387, -0.003899918029683283]
	[3.4100876576762205, 3.4100876576762205] [-0.004866528592121161, -0.010189581100131405]
	[3.4100876576762205, 3.4100876576762205] [-0.004866528592121161, -0.010189581100131405]
	[3.4100876576762205, 3.4100876576762205] [-0.004866528592121161, -0.010189581100131405]
	[3.4100876576762205, 3.4100876576762205] [-0.004866528592121161, -0.010189581100131405]
	[3.4100876576762205, 3.4100876576762205] [-0.004866528592121161, -0.010189581100131405]
	[3.4100876576762205, 3.4100876576762205] [-0.004866528592121161, -0.010189581100131405]
	[4.027784288054108, 4.027784288054108] [0.0019341218408739647, -0.011125189267546966]
	[3.5142270975512853, 3.5142270975512853] [-0.003780943326898005, -0.01064025991660323]
	[3.5142270975512853, 3.5142270975512853] [-0.003780943326898005, -0.01064025991660323]
	[4.18329162204334, 4.18329162204334] [0.003633867073949246, -0.010691383148262693]
	[4.18329162204334, 4.18329162204334] [0.003633867073949246, -0.010691383148262693]
	[4.319784229287125, 4.319784229287125] [0.005054837514212929, -0.01009748885807722]
	[4.319784229287125, 4.319784229287125] [0.005054837514212929, -0.01009748885807722]
	[4.319784229287125, 4.319784229287125] [0.005054837514212929, -0.01009748885807722]
	[4.319784229287125, 4.319784229287125] [0.005054837514212929, -0.01009748885807722]
	[3.536598559836408, 3.536598559836408] [-0.0035419789004298313, -0.010722175572289319]
	[4.171337715238301, 4.171337715238301] [0.0035058066906897174, -0.010734057153826]
	[4.558819445970432, 4.558819445970432] [0.007301848422345705, -0.008613574934437818]
	[4.558819445970432, 4.558819445970432] [0.007301848422345705, -0.008613574934437818]
	[4.558819445970432, 4.558819445970432] [0.007301848422345705, -0.008613574934437818]
	[4.558819445970432, 4.558819445970432] [0.007301848422345705, -0.008613574934437818]
	[4.558819445970432, 4.558819445970432] [0.007301848422345705, -0.008613574934437818]
	[4.558819445970432, 4.558819445970432] [0.007301848422345705, -0.008613574934437818]
	[4.7911218043186246, 4.7911218043186246] [0.009088718513547117, -0.006701183426499664]
	[5.53393913434393, 5.53393913434393] [0.011226891389388158, 0.0012114343832704962]
	[5.53393913434393, 5.53393913434393] [0.011226891389388158, 0.0012114343832704962]
	[5.53393913434393, 5.53393913434393] [0.011226891389388158, 0.0012114343832704962]
	[5.810246239438323, 5.810246239438323] [0.010470564069782237, 0.004228232679817079]
	[5.810246239438323, 5.810246239438323] [0.010470564069782237, 0.004228232679817079]
	[5.569696228285309, 5.569696228285309] [0.011176406829188966, 0.0016120154845863514]
	[5.705215365274098, 5.705215365274098] [0.01085614312951479, 0.0031072206045880835]
	[5.705215365274098, 5.705215365274098] [0.01085614312951479, 0.0031072206045880835]
	[5.729691993279073, 5.729691993279073] [0.01077684461631699, 0.003371985120051308]
	[6.335679160643159, 6.335679160643159] [0.006937327984362938, 0.008909777997877543]
	[6.055640544540073, 6.055640544540073] [0.009129680885055074, 0.006645268276837882]
	[6.055640544540073, 6.055640544540073] [0.009129680885055074, 0.006645268276837882]
	[6.055640544540073, 6.055640544540073] [0.009129680885055074, 0.006645268276837882]
	[6.055640544540073, 6.055640544540073] [0.009129680885055074, 0.006645268276837882]
	[6.055640544540073, 6.055640544540073] [0.009129680885055074, 0.006645268276837882]
	[6.055640544540073, 6.055640544540073] [0.009129680885055074, 0.006645268276837882]
	[6.055640544540073, 6.055640544540073] [0.009129680885055074, 0.006645268276837882]
	[6.055640544540073, 6.055640544540073] [0.009129680885055074, 0.006645268276837882]
	[6.055640544540073, 6.055640544540073] [0.009129680885055074, 0.006645268276837882]
	[5.315224148342147, 5.315224148342147] [0.011222285421689144, -0.0012533847965534096]
	[5.315224148342147, 5.315224148342147] [0.011222285421689144, -0.0012533847965534096]
	[5.315224148342147, 5.315224148342147] [0.011222285421689144, -0.0012533847965534096]
	[5.315224148342147, 5.315224148342147] [0.011222285421689144, -0.0012533847965534096]
	[5.197570164410381, 5.197570164410381] [0.010997577224444173, -0.0025620223899245485]
	[5.197570164410381, 5.197570164410381] [0.010997577224444173, -0.0025620223899245485]
	[5.157084392381552, 5.157084392381552] [0.010884868282806565, -0.003005046755050496]
	[5.157084392381552, 5.157084392381552] [0.010884868282806565, -0.003005046755050496]
	[5.157084392381552, 5.157084392381552] [0.010884868282806565, -0.003005046755050496]
	[5.157084392381552, 5.157084392381552] [0.010884868282806565, -0.003005046755050496]
	[5.157084392381552, 5.157084392381552] [0.010884868282806565, -0.003005046755050496]
	[5.157084392381552, 5.157084392381552] [0.010884868282806565, -0.003005046755050496]
	[5.167594186551976, 5.167594186551976] [0.0109158489815282, -0.002890485174941681]
	[5.167594186551976, 5.167594186551976] [0.0109158489815282, -0.002890485174941681]
	[5.8550187620422705, 5.8550187620422705] [0.010270825885259944, 0.004692632434866617]
	[5.8550187620422705, 5.8550187620422705] [0.010270825885259944, 0.004692632434866617]
	[5.87680673241269, 5.87680673241269] [0.01016615327353644, 0.004915281391034722]
	[5.87680673241269, 5.87680673241269] [0.01016615327353644, 0.004915281391034722]
	[5.87680673241269, 5.87680673241269] [0.01016615327353644, 0.004915281391034722]
	[5.87680673241269, 5.87680673241269] [0.01016615327353644, 0.004915281391034722]
	[5.87680673241269, 5.87680673241269] [0.01016615327353644, 0.004915281391034722]
	[5.87680673241269, 5.87680673241269] [0.01016615327353644, 0.004915281391034722]
	[5.87680673241269, 5.87680673241269] [0.01016615327353644, 0.004915281391034722]
	[6.604918323622133, 6.604918323622133] [0.004317416827171137, 0.010434106357256832]
