source:
	0.9852878105642269,0.4045943656542451
target:
	0.8230273602660938,0.8019200297991451
points:
	[-0.4802176024564744, -0.4802176024564744] [-0.0032746128954578664, 0.002774261000125066]
	[-0.8390730699235778, -0.8390730699235778] [-0.004040346426733477, 0.0014474855660406114]
	[-0.8390730699235778, -0.8390730699235778] [-0.004040346426733477, 0.0014474855660406114]
	[-0.8390730699235778, -0.8390730699235778] [-0.004040346426733477, 0.0014474855660406114]
	[-0.3627064128268626, -0.3627064128268626] [-0.002926772602809919, 0.0031390469641843738]
	[-0.814412329278015, -0.814412329278015] [-0.0040034254682185305, 0.0015466732791165434]
	[-0.8187169219186656, -0.8187169219186656] [-0.004010046155357891, 0.0015294258869959251]
	[-0.8187169219186656, -0.8187169219186656] [-0.004010046155357891, 0.0015294258869959251]
	[-0.90997256574053, -0.90997256574053] [-0.004132735836799729, 0.0011576304311588933]
	[-0.90997256574053, -0.90997256574053] [-0.004132735836799729, 0.0011576304311588933]
	[-0.90997256574053, -0.90997256574053] [-0.004132735836799729, 0.0011576304311588933]
	[-1.1225762472406247, -1.1225762472406247] [-0.0042839532023044215, 0.0002595354934870563]
	[-0.8538743214138398, -0.8538743214138398] [-0.004061327676861009, 0.001387527013458345]
	[-1.4567765712984069, -1.4567765712984069] [-0.004132065800004278, -0.0011600197999813986]
	[-1.5953808760468582, -1.5953808760468582] [-0.003932169001556315, -0.001719785060730989]
	[-1.5953808760468582, -1.5953808760468582] [-0.003932169001556315, -0.001719785060730989]
	[-1.0791921488802787, -1.0791921488802787] [-0.004268666067538021, 0.0004450884358904018]
	[-1.0791921488802787, -1.0791921488802787] [-0.004268666067538021, 0.0004450884358904018]
	[-1.0791921488802787, -1.0791921488802787] [-0.004268666067538021, 0.0004450884358904018]
	[-1.420609337985073, -1.420609337985073] [-0.0041713091422210784, -0.0010098483806674787]
	[-1.420609337985073, -1.420609337985073] [-0.0041713091422210784, -0.0010098483806674787]
	[-1.850749832462725, -1.850749832462725] [-0.0033702275357629934, -0.0026572881042707386]
	[-1.2472050173318445, -1.2472050173318445] [-0.0042829882757416515, -0.0002750002577697544]
	[-1.2472050173318445, -1.2472050173318445] [-0.0042829882757416515, -0.0002750002577697544]
	[-1.846534208799634, -1.846534208799634] [-0.0033813996822691958, -0.002643056923462614]
	[-2.4096147562373886, -2.4096147562373886] [-0.0014485143548585832, -0.004039977707324943]
	[-2.72830599722158, -2.72830599722158] [-0.00010975443436546674, -0.0042904041390119645]
	[-2.181466931556971, -2.181466931556971] [-0.00232471580987267, -0.003607673781710582]
	[-2.181466931556971, -2.181466931556971] [-0.00232471580987267, -0.003607673781710582]
	[-2.4313845562718144, -2.4313845562718144] [-0.0013602285653188057, -0.004070551800678211]
	[-2.4313845562718144, -2.4313845562718144] [-0.0013602285653188057, -0.004070551800678211]
	[-3.095716077465055, -3.095716077465055] [0.0014386818087183848, -0.0040434896271879656]
	[-2.56317569824979, -2.56317569824979] [-0.0008135217561351509, -0.004214000007618493]
	[-3.0907216716202166, -3.0907216716202166] [0.001418469121180867, -0.004050624527671042]
	[-3.0907216716202166, -3.0907216716202166] [0.001418469121180867, -0.004050624527671042]
	[-3.0907216716202166, -3.0907216716202166] [0.001418469121180867, -0.004050624527671042]
	[-2.711239546210337, -2.711239546210337] [-0.00018295686863363254, -0.004287906306827804]
	[-3.042370411134029, -3.042370411134029] [0.0012210348657843454, -0.004114448634805506]
	[-2.6533294241982324, -2.6533294241982324] [-0.00043082458480518096, -0.004270129259055436]
	[-2.643292033124143, -2.643292033124143] [-0.0004736631199793866, -0.00426558987253642]
	[-2.392423560048902, -2.392423560048902] [-0.001517748943642588, -0.004014480272212791]
