source:
	0.26960062841026333,0.9864314428905626
target:
	0.41736703133143405,0.28569399345704494
points:
	[0, 0] [0.0014776640292117078, -0.007007374494335177]
	[0, 0] [0.0014776640292117078, -0.007007374494335177]
	[0, 0] [0.0014776640292117078, -0.007007374494335177]
	[0.515200166446434, 0.515200166446434] [-0.0021667422345123676, -0.006825834482044354]
	[0.7304365902617515, 0.7304365902617515] [-0.003574597491521594, -0.006205565329661182]
	[1.2806023525278136, 1.2806023525278136] [-0.006291568916192285, -0.0034209573016757144]
	[1.2806023525278136, 1.2806023525278136] [-0.006291568916192285, -0.0034209573016757144]
	[1.2806023525278136, 1.2806023525278136] [-0.006291568916192285, -0.0034209573016757144]
	[1.2806023525278136, 1.2806023525278136] [-0.006291568916192285, -0.0034209573016757144]
	[1.2806023525278136, 1.2806023525278136] [-0.006291568916192285, -0.0034209573016757144]
	[1.3821199363776897, 1.3821199363776897] [-0.006605867975169342, -0.0027657361735562293]
	[1.3821199363776897, 1.3821199363776897] [-0.006605867975169342, -0.0027657361735562293]
	[1.3821199363776897, 1.3821199363776897] [-0.006605867975169342, -0.0027657361735562293]
	[1.1463059887472364, 1.1463059887472364] [-0.005776875913675424, -0.004232551590362732]
	[1.1463059887472364, 1.1463059887472364] [-0.005776875913675424, -0.004232551590362732]
	[1.1463059887472364, 1.1463059887472364] [-0.005776875913675424, -0.004232551590362732]
	[1.2587275960245503, 1.2587275960245503] [-0.006215237062547948, -0.003557754424270413]
	[0.5312672969587221, 0.5312672969587221] [-0.0022761294202390966, -0.006790141614827145]
	[0.5312672969587221, 0.5312672969587221] [-0.0022761294202390966, -0.006790141614827145]
	[0.5312672969587221, 0.5312672969587221] [-0.0022761294202390966, -0.006790141614827145]
	[0.5312672969587221, 0.5312672969587221] [-0.0022761294202390966, -0.006790141614827145]
	[0.5312672969587221, 0.5312672969587221] [-0.0022761294202390966, -0.006790141614827145]
	[1.0043068456174014, 1.0043068456174014] [-0.005119731016940351, -0.005007508622185716]
	[0.7768317832613434, 0.7768317832613434] [-0.0038585561205614722, -0.006033103094723557]
	[0.7085219532796122, 0.7085219532796122] [-0.0034377573466850696, -0.0062824050102168825]
	[0.675235724911026, 0.675235724911026] [-0.0032267740974517146, -0.006393333810391886]
	[0.675235724911026, 0.675235724911026] [-0.0032267740974517146, -0.006393333810391886]
	[0.12943082824453367, 0.12943082824453367] [0.0005608640412836831, -0.00713948316156571]
	[0.12943082824453367, 0.12943082824453367] [0.0005608640412836831, -0.00713948316156571]
	[0.1033960378807714, 0.1033960378807714] [0.0007465279224412895, -0.007122463362355811]
	[-0.2411136295729332, -0.2411136295729332] [0.003108169378479644, -0.006451826981698039]
	[-0.2411136295729332, -0.2411136295729332] [0.003108169378479644, -0.006451826981698039]
	[-0.9889013623896403, -0.9889013623896403] [0.006666255459334555, -0.0026168351950357142]
	[-0.9889013623896403, -0.9889013623896403] [0.006666255459334555, -0.0026168351950357142]
	[-1.3873979929074005, -1.3873979929074005] [0.007159342584804907, 0.00017493438908445982]
	[-2.0369327156012806, -2.0369327156012806] [0.005595648840083627, 0.004469396194739969]
	[-1.7244165242095997, -1.7244165242095997] [0.006698745617641351, 0.0025325077368521815]
	[-2.371551885802357, -2.371551885802357] [0.0038174965651103527, 0.00605916729117591]
	[-2.371551885802357, -2.371551885802357] [0.0038174965651103527, 0.00605916729117591]
	[-2.368463236630649, -2.368463236630649] [0.0038361929684159585, 0.006047347500860299]
	[-2.749252426561385, -2.749252426561385] [0.001313896347553721, 0.0070399193656582705]
	[-2.317365790739565, -2.317365790739565] [0.0041400555695608665, 0.005843520186328906]
	[-2.317365790739565, -2.317365790739565] [0.0041400555695608665, 0.005843520186328906]
	[-2.317365790739565, -2.317365790739565] [0.0041400555695608665, 0.005843520186328906]
	[-2.317365790739565, -2.317365790739565] [0.0041400555695608665, 0.005843520186328906]
	[-2.317365790739565, -2.317365790739565] [0.0041400555695608665, 0.005843520186328906]
	[-2.317365790739565, -2.317365790739565] [0.0041400555695608665, 0.005843520186328906]
	[-2.317365790739565, -2.317365790739565] [0.0041400555695608665, 0.005843520186328906]
	[-2.210057157157074, -2.210057157157074] [0.00474209918001897, 0.005366496403981723]
	[-2.210057157157074, -2.210057157157074] [0.00474209918001897, 0.005366496403981723]
	[-2.210057157157074, -2.210057157157074] [0.00474209918001897, 0.005366496403981723]
	[-2.210057157157074, -2.210057157157074] [0.00474209918001897, 0.005366496403981723]
	[-2.210057157157074, -2.210057157157074] [0.00474209918001897, 0.005366496403981723]
	[-2.625503876692229, -2.625503876692229] [0.002172806886111855, 0.006823906397566593]
	[-2.0375596440010515, -2.0375596440010515] [0.005592845749208177, 0.004472903387359196]
	[-2.0375596440010515, -2.0375596440010515] [0.005592845749208177, 0.004472903387359196]
	[-2.0375596440010515, -2.0375596440010515] [0.005592845749208177, 0.004472903387359196]
	[-1.3065472753328082, -1.3065472753328082] [0.007150083762362008, -0.00040384462147279135]
	[-1.3065472753328082, -1.3065472753328082] [0.007150083762362008, -0.00040384462147279135]
	[-1.3065472753328082, -1.3065472753328082] [0.007150083762362008, -0.00040384462147279135]
	[-1.3065472753328082, -1.3065472753328082] [0.007150083762362008, -0.00040384462147279135]
	[-1.3065472753328082, -1.3065472753328082] [0.007150083762362008, -0.00040384462147279135]
	[-1.3065472753328082, -1.3065472753328082] [0.007150083762362008, -0.00040384462147279135]
	[-1.3065472753328082, -1.3065472753328082] [0.007150083762362008, -0.00040384462147279135]
	[-1.3065472753328082, -1.3065472753328082] [0.007150083762362008, -0.00040384462147279135]
	[-1.605510052204145, -1.605510052204145] [0.006951867903628137, 0.001719977016587802]
