source:
	0.8581908274235109,0.3990102765942686
target:
	0.6138986177185375,0.024665013393288526
points:
	[0, 0] [-0.0024429220970497347, -0.0037434526320098004]
	[0, 0] [-0.0024429220970497347, -0.0037434526320098004]
	[0, 0] [-0.0024429220970497347, -0.0037434526320098004]
	[0, 0] [-0.0024429220970497347, -0.0037434526320098004]
	[-0.33439019842720036, -0.33439019842720036] [-0.0035361858721760947, -0.002734354669346529]
	[-0.33439019842720036, -0.33439019842720036] [-0.0035361858721760947, -0.002734354669346529]
	[0.4399831936639293, 0.4399831936639293] [-0.0006158280276663032, -0.0044274215770237655]
	[0.4399831936639293, 0.4399831936639293] [-0.0006158280276663032, -0.0044274215770237655]
	[0.4399831936639293, 0.4399831936639293] [-0.0006158280276663032, -0.0044274215770237655]
	[-0.2853450774531497, -0.2853450774531497] [-0.003397880713564406, -0.0029044298298877896]
	[-0.2853450774531497, -0.2853450774531497] [-0.003397880713564406, -0.0029044298298877896]
	[-0.2853450774531497, -0.2853450774531497] [-0.003397880713564406, -0.0029044298298877896]
	[-0.2853450774531497, -0.2853450774531497] [-0.003397880713564406, -0.0029044298298877896]
	[0.007441004872144774, 0.007441004872144774] [-0.0024149996746051874, -0.003761526625189807]
	[0.007441004872144774, 0.007441004872144774] [-0.0024149996746051874, -0.003761526625189807]
	[0.007441004872144774, 0.007441004872144774] [-0.0024149996746051874, -0.003761526625189807]
	[0.007441004872144774, 0.007441004872144774] [-0.0024149996746051874, -0.003761526625189807]
	[0.042849633099558235, 0.042849633099558235] [-0.0022803232366995054, -0.003844662783200013]
	[0.042849633099558235, 0.042849633099558235] [-0.0022803232366995054, -0.003844662783200013]
	[-0.5520387219713907, -0.5520387219713907] [-0.004043200614135089, -0.0019062619899197]
	[-0.5520387219713907, -0.5520387219713907] [-0.004043200614135089, -0.0019062619899197]
	[-0.37443923239367916, -0.37443923239367916] [-0.003642829354058592, -0.0025905791394134313]
	[-0.37443923239367916, -0.37443923239367916] [-0.003642829354058592, -0.0025905791394134313]
	[-0.9272002120841571, -0.9272002120841571] [-0.004460487627260168, -0.0002921576756033058]
	[-1.1278699930574725, -1.1278699930574725] [-0.0044292148672420515, 0.0006027948574406989]
	[-1.1481549603255607, -1.1481549603255607] [-0.004416076796653971, 0.0006925111597724465]
	[-0.9149059026307135, -0.9149059026307135] [-0.004456558743665214, -0.0003469728297952285]
	[-0.9149059026307135, -0.9149059026307135] [-0.004456558743665214, -0.0003469728297952285]
	[-0.9149059026307135, -0.9149059026307135] [-0.004456558743665214, -0.0003469728297952285]
	[-1.6432483826109974, -1.6432483826109974] [-0.0035567917565311065, 0.0027074967000953755]
	[-1.6432483826109974, -1.6432483826109974] [-0.0035567917565311065, 0.0027074967000953755]
	[-1.854086759832105, -1.854086759832105] [-0.0029114051309942763, 0.0033919059750493054]
	[-1.854086759832105, -1.854086759832105] [-0.0029114051309942763, 0.0033919059750493054]
	[-2.553144803477645, -2.553144803477645] [-4.58500317823552e-05, 0.004469810259389154]
	[-2.553144803477645, -2.553144803477645] [-4.58500317823552e-05, 0.004469810259389154]
	[-2.553144803477645, -2.553144803477645] [-4.58500317823552e-05, 0.004469810259389154]
	[-2.553144803477645, -2.553144803477645] [-4.58500317823552e-05, 0.004469810259389154]
	[-2.553144803477645, -2.553144803477645] [-4.58500317823552e-05, 0.004469810259389154]
	[-2.553144803477645, -2.553144803477645] [-4.58500317823552e-05, 0.004469810259389154]
