source:
	0.9880265822174036,0.30346849894294003
target:
	0.3964786623683274,0.8091362643723324
points:
	[-0.6893920873121469, -0.6893920873121469] [-0.007780969889901127, 0.0001392502052581629]
	[-0.5440380356770149, -0.5440380356770149] [-0.007678747736143817, 0.001264798897800994]
	[-1.0983980431770584, -1.0983980431770584] [-0.007194548530917149, -0.002966707684199825]
	[-1.0983980431770584, -1.0983980431770584] [-0.007194548530917149, -0.002966707684199825]
	[-1.0983980431770584, -1.0983980431770584] [-0.007194548530917149, -0.002966707684199825]
	[-0.5884507983453646, -0.5884507983453646] [-0.007727330589150141, 0.0009226294018710461]
	[-0.5884507983453646, -0.5884507983453646] [-0.007727330589150141, 0.0009226294018710461]
	[0.011273065988738784, 0.011273065988738784] [-0.005858100273439026, 0.005123040526244742]
	[0.011273065988738784, 0.011273065988738784] [-0.005858100273439026, 0.005123040526244742]
	[0.011273065988738784, 0.011273065988738784] [-0.005858100273439026, 0.005123040526244742]
	[0.011273065988738784, 0.011273065988738784] [-0.005858100273439026, 0.005123040526244742]
	[0.6079390368143439, 0.6079390368143439] [-0.0019673267868267337, 0.007529442765639858]
	[-0.07191499365805998, -0.07191499365805998] [-0.006263526621465623, 0.004618562255659638]
	[-0.07191499365805998, -0.07191499365805998] [-0.006263526621465623, 0.004618562255659638]
	[-0.1890074683097286, -0.1890074683097286] [-0.006760201102343855, 0.0038551996190964383]
	[-0.1890074683097286, -0.1890074683097286] [-0.006760201102343855, 0.0038551996190964383]
	[-0.709438937628899, -0.709438937628899] [-0.0077821977899761976, -1.6751265683298484e-05]
	[-0.060423500970955724, -0.060423500970955724] [-0.006210040056598166, 0.0046902329944959725]
	[0.1971970694637415, 0.1971970694637415] [-0.004810122900088641, 0.006117646666264344]
	[-0.20730348835026824, -0.20730348835026824] [-0.006829600538715587, 0.003730876509452995]
	[-0.1132920919231107, -0.1132920919231107] [-0.00644921378530534, 0.0043555165708145304]
	[-0.1132920919231107, -0.1132920919231107] [-0.00644921378530534, 0.0043555165708145304]
	[-0.1132920919231107, -0.1132920919231107] [-0.00644921378530534, 0.0043555165708145304]
	[0.42164838919392317, 0.42164838919392317] [-0.003327853916012706, 0.007034790072268773]
	[0.973999975769541, 0.973999975769541] [0.0008581091763752468, 0.00773476125608496]
	[0.8465278700323062, 0.8465278700323062] [-0.0001321514449472775, 0.007781093691944002]
	[1.1412154497430511, 1.1412154497430511] [0.0021334931614648686, 0.007484055717135932]
	[0.9071003953674333, 0.9071003953674333] [0.0003391232475546967, 0.007774823372281865]
	[0.8399960861609869, 0.8399960861609869] [-0.0001829726867712381, 0.0077800645269244465]
	[1.2506744461481885, 1.2506744461481885] [0.0029382873066529976, 0.007206202241872918]
	[0.9075939331874201, 0.9075939331874201] [0.0003429603754751113, 0.0077746550552462695]
	[0.9075939331874201, 0.9075939331874201] [0.0003429603754751113, 0.0077746550552462695]
	[0.9075939331874201, 0.9075939331874201] [0.0003429603754751113, 0.0077746550552462695]
	[0.9075939331874201, 0.9075939331874201] [0.0003429603754751113, 0.0077746550552462695]
	[1.2965011021174992, 1.2965011021174992] [0.003265323099774533, 0.00706403200030204]
	[1.314743824942982, 1.314743824942982] [0.003393639800245314, 0.007003291508526783]
	[0.8781888692881734, 0.8781888692881734] [0.00011423082987315103, 0.00778137740793485]
	[0.8203700482781711, 0.8203700482781711] [-0.00033561948805093425, 0.007774975408736212]
	[0.8203700482781711, 0.8203700482781711] [-0.00033561948805093425, 0.007774975408736212]
	[0.8079579059010934, 0.8079579059010934] [-0.00043209525924553765, 0.007770210855192408]
	[0.16306082083299966, 0.16306082083299966] [-0.005016113545499696, 0.005949914952826374]
	[-0.03518287708362933, -0.03518287708362933] [-0.006089690150098698, 0.0048454676681413626]
	[-0.7265542350304539, -0.7265542350304539] [-0.007780771296054707, -0.00014993693908955287]
	[-0.0033511153529546256, -0.0033511153529546256] [-0.0059323914615887164, 0.0050368258450815715]
	[-0.0033511153529546256, -0.0033511153529546256] [-0.0059323914615887164, 0.0050368258450815715]
	[0.03840373222542385, 0.03840373222542385] [-0.00571696995886867, 0.005280069842019662]
	[0.03840373222542385, 0.03840373222542385] [-0.00571696995886867, 0.005280069842019662]
	[-0.15698286911538328, -0.15698286911538328] [-0.006633294731559942, 0.004069678617713137]
	[0.3848033291958449, 0.3848033291958449] [-0.0035847339138137427, 0.006907428306856758]
	[0.3848033291958449, 0.3848033291958449] [-0.0035847339138137427, 0.006907428306856758]
	[0.3848033291958449, 0.3848033291958449] [-0.0035847339138137427, 0.006907428306856758]
	[0.3848033291958449, 0.3848033291958449] [-0.0035847339138137427, 0.006907428306856758]
	[0.5130854854605936, 0.5130854854605936] [-0.002671607117755811, 0.007309267983565035]
	[0.5130854854605936, 0.5130854854605936] [-0.002671607117755811, 0.007309267983565035]
	[-0.07025439771321917, -0.07025439771321917] [-0.006255848423155368, 0.004628957069763867]
	[0.4987503608471522, 0.4987503608471522] [-0.0027761082992364427, 0.007270220475207264]
	[0.4987503608471522, 0.4987503608471522] [-0.0027761082992364427, 0.007270220475207264]
	[-0.2752032005426891, -0.2752032005426891] [-0.007066993922596599, 0.0032589077840888886]
	[0.04988920270842678, 0.04988920270842678] [-0.005655950130010959, 0.005345382228993676]
	[0.360230772097203, 0.360230772097203] [-0.003753367814045171, 0.006817265808203621]
	[0.360230772097203, 0.360230772097203] [-0.003753367814045171, 0.006817265808203621]
	[0.9721589294623507, 0.9721589294623507] [0.0008438676765127512, 0.007736327965627451]
