source:
	0.993208899239426,0.6920410824035998
target:
	0.558947217452747,0.3547269103434767
points:
	[0, 0] [-0.0043426168178667904, -0.0033731417206012315]
	[0.04809749711752596, 0.04809749711752596] [-0.004175417620037081, -0.0035780292889192504]
	[0.15412700515594538, 0.15412700515594538] [-0.003773302799160789, -0.003999823981117854]
	[0.15412700515594538, 0.15412700515594538] [-0.003773302799160789, -0.003999823981117854]
	[0.15412700515594538, 0.15412700515594538] [-0.003773302799160789, -0.003999823981117854]
	[0.15412700515594538, 0.15412700515594538] [-0.003773302799160789, -0.003999823981117854]
	[0.4066017582160627, 0.4066017582160627] [-0.0026545184005324295, -0.00481559320907766]
	[0.4066017582160627, 0.4066017582160627] [-0.0026545184005324295, -0.00481559320907766]
	[0.4066017582160627, 0.4066017582160627] [-0.0026545184005324295, -0.00481559320907766]
	[0.4066017582160627, 0.4066017582160627] [-0.0026545184005324295, -0.00481559320907766]
	[0.24848281424323784, 0.24848281424323784] [-0.003379671497207418, -0.004337536912239929]
	[0.24848281424323784, 0.24848281424323784] [-0.003379671497207418, -0.004337536912239929]
	[0.24848281424323784, 0.24848281424323784] [-0.003379671497207418, -0.004337536912239929]
	[0.24848281424323784, 0.24848281424323784] [-0.003379671497207418, -0.004337536912239929]
	[0.24848281424323784, 0.24848281424323784] [-0.003379671497207418, -0.004337536912239929]
	[0.24848281424323784, 0.24848281424323784] [-0.003379671497207418, -0.004337536912239929]
	[-0.5138218327443834, -0.5138218327443834] [-0.005439795202714255, -0.0008031401164224741]
	[-0.5138218327443834, -0.5138218327443834] [-0.005439795202714255, -0.0008031401164224741]
	[-0.49583098792538666, -0.49583098792538666] [-0.005424466486096601, -0.0009008713755553155]
	[-0.49583098792538666, -0.49583098792538666] [-0.005424466486096601, -0.0009008713755553155]
	[-0.49583098792538666, -0.49583098792538666] [-0.005424466486096601, -0.0009008713755553155]
	[-0.6345308541235107, -0.6345308541235107] [-0.005496923575666949, -0.00014225715221742325]
	[-0.6345308541235107, -0.6345308541235107] [-0.005496923575666949, -0.00014225715221742325]
	[-0.6345308541235107, -0.6345308541235107] [-0.005496923575666949, -0.00014225715221742325]
	[-1.1251966265955577, -1.1251966265955577] [-0.004915426317845035, 0.002464749481776298]
	[-1.8710563970526948, -1.8710563970526948] [-0.0019378160942614784, 0.00514599598512293]
	[-1.8710563970526948, -1.8710563970526948] [-0.0019378160942614784, 0.00514599598512293]
	[-1.8710563970526948, -1.8710563970526948] [-0.0019378160942614784, 0.00514599598512293]
	[-1.8710563970526948, -1.8710563970526948] [-0.0019378160942614784, 0.00514599598512293]
	[-2.2106862757863692, -2.2106862757863692] [-0.00011279671550042254, 0.005497607006239392]
	[-2.2106862757863692, -2.2106862757863692] [-0.00011279671550042254, 0.005497607006239392]
	[-2.2106862757863692, -2.2106862757863692] [-0.00011279671550042254, 0.005497607006239392]
	[-2.6205460085471173, -2.6205460085471173] [0.0020872356673474414, 0.005087224504878157]
	[-2.6205460085471173, -2.6205460085471173] [0.0020872356673474414, 0.005087224504878157]
	[-2.6205460085471173, -2.6205460085471173] [0.0020872356673474414, 0.005087224504878157]
	[-2.398241011292037, -2.398241011292037] [0.000914249097232445, 0.005422227815417735]
	[-2.430049496432562, -2.430049496432562] [0.0010862303971538416, 0.005390409021436048]
	[-3.1394815437176846, -3.1394815437176846] [0.004335486073319002, 0.003382301938345703]
	[-3.643466185386154, -3.643466185386154] [0.005429810978108072, 0.000868077551891069]
	[-3.974238728436565, -3.974238728436565] [0.005417399122866854, -0.0009424397262645293]
	[-3.974238728436565, -3.974238728436565] [0.005417399122866854, -0.0009424397262645293]
	[-3.4087446558452736, -3.4087446558452736] [0.00507903023928407, 0.0021070969893476964]
	[-3.181679248690199, -3.181679248690199] [0.004474309688285562, 0.0031963977705213842]
	[-3.181679248690199, -3.181679248690199] [0.004474309688285562, 0.0031963977705213842]
	[-3.181679248690199, -3.181679248690199] [0.004474309688285562, 0.0031963977705213842]
	[-3.181679248690199, -3.181679248690199] [0.004474309688285562, 0.0031963977705213842]
	[-3.201463084189058, -3.201463084189058] [0.004536666976709426, 0.0031072590230803556]
	[-3.201463084189058, -3.201463084189058] [0.004536666976709426, 0.0031072590230803556]
	[-3.201463084189058, -3.201463084189058] [0.004536666976709426, 0.0031072590230803556]
	[-3.878723432734357, -3.878723432734357] [0.0054825865710471785, -0.000421485925095091]
	[-3.878723432734357, -3.878723432734357] [0.0054825865710471785, -0.000421485925095091]
