source:
	0.49638367024181984,0.5862803703816627
target:
	0.3748580917215505,0.18388462964621843
points:
	[0.31201018681022413, 0.31201018681022413] [7.866249386647299e-05, -0.004202724360665354]
	[0.31201018681022413, 0.31201018681022413] [7.866249386647299e-05, -0.004202724360665354]
	[1.005181088339293, 1.005181088339293] [0.0027459638663018416, -0.003182571646426195]
	[1.005181088339293, 1.005181088339293] [0.0027459638663018416, -0.003182571646426195]
	[1.005181088339293, 1.005181088339293] [0.0027459638663018416, -0.003182571646426195]
	[0.7412201184091807, 0.7412201184091807] [0.0018205017625434973, -0.003788779905490331]
	[0.1049426573247999, 0.1049426573247999] [-0.0007870600328406953, -0.004129118107341579]
	[0.021844827434660027, 0.021844827434660027] [-0.0011270701746429537, -0.0040495422779743395]
	[0.021844827434660027, 0.021844827434660027] [-0.0011270701746429537, -0.0040495422779743395]
	[-0.30014999844422263, -0.30014999844422263] [-0.002350661653085592, -0.0034847481447565494]
	[0.3133548950867243, 0.3133548950867243] [8.431385927457942e-05, -0.004202614782823371]
	[-0.3972628365933194, -0.3972628365933194] [-0.002677468039018346, -0.003240408113140466]
	[-1.0291962561171029, -1.0291962561171029] [-0.004074542208696923, -0.0010330467701021597]
	[-0.9757199858995628, -0.9757199858995628] [-0.004013500427481679, -0.0012493574981868412]
	[-0.9757199858995628, -0.9757199858995628] [-0.004013500427481679, -0.0012493574981868412]
	[-0.9757199858995628, -0.9757199858995628] [-0.004013500427481679, -0.0012493574981868412]
	[-0.8929854112548294, -0.8929854112548294] [-0.0038965248570469752, -0.00157676056460274]
	[-0.8929854112548294, -0.8929854112548294] [-0.0038965248570469752, -0.00157676056460274]
	[-0.8929854112548294, -0.8929854112548294] [-0.0038965248570469752, -0.00157676056460274]
	[-1.4589572880807862, -1.4589572880807862] [-0.004134447740282592, 0.0007585655690469182]
	[-1.4589572880807862, -1.4589572880807862] [-0.004134447740282592, 0.0007585655690469182]
	[-1.6274456926564327, -1.6274456926564327] [-0.003948695737133442, 0.0014411390686590534]
	[-1.6274456926564327, -1.6274456926564327] [-0.003948695737133442, 0.0014411390686590534]
	[-1.348249873140057, -1.348249873140057] [-0.004192944834308222, 0.00029714214800210376]
	[-1.348249873140057, -1.348249873140057] [-0.004192944834308222, 0.00029714214800210376]
	[-1.6497735449026674, -1.6497735449026674] [-0.003915536633822077, 0.0015289384254666958]
	[-0.8916405239495715, -0.8916405239495715] [-0.003894400768555142, -0.0015819995238774323]
	[-0.8916405239495715, -0.8916405239495715] [-0.003894400768555142, -0.0015819995238774323]
	[-0.8916405239495715, -0.8916405239495715] [-0.003894400768555142, -0.0015819995238774323]
	[-0.8916405239495715, -0.8916405239495715] [-0.003894400768555142, -0.0015819995238774323]
	[-0.8916405239495715, -0.8916405239495715] [-0.003894400768555142, -0.0015819995238774323]
	[-0.8916405239495715, -0.8916405239495715] [-0.003894400768555142, -0.0015819995238774323]
	[-0.5673935878205518, -0.5673935878205518] [-0.0031874498944678836, -0.002740299802928135]
	[-0.5673935878205518, -0.5673935878205518] [-0.0031874498944678836, -0.002740299802928135]
	[-0.5074824618304725, -0.5074824618304725] [-0.00301765492849863, -0.002926232829454832]
	[-0.2701416437741666, -0.2701416437741666] [-0.002245047481011709, -0.0035537081545442472]
