source:
	0.891265289656182,0.9096824380832063
target:
	0.5736922291109509,0.3208425165826585
points:
	[0.28771997955428064, 0.28771997955428064] [-0.0013742555686483391, -0.006547513407830691]
	[0.28771997955428064, 0.28771997955428064] [-0.0013742555686483391, -0.006547513407830691]
	[0.6107489132288768, 0.6107489132288768] [0.000775267833167296, -0.006645108726013422]
	[0.6107489132288768, 0.6107489132288768] [0.000775267833167296, -0.006645108726013422]
	[0.6107489132288768, 0.6107489132288768] [0.000775267833167296, -0.006645108726013422]
	[0.0028168223139340975, 0.0028168223139340975] [-0.0031591314541946757, -0.005897321311307489]
	[0.0028168223139340975, 0.0028168223139340975] [-0.0031591314541946757, -0.005897321311307489]
	[-0.5859101668105962, -0.5859101668105962] [-0.005902085068984164, -0.003150222536926214]
	[-0.5859101668105962, -0.5859101668105962] [-0.005902085068984164, -0.003150222536926214]
	[-1.2008825281150495, -1.2008825281150495] [-0.006638237104968117, 0.000832056687917445]
	[-1.2008825281150495, -1.2008825281150495] [-0.006638237104968117, 0.000832056687917445]
	[-1.2008825281150495, -1.2008825281150495] [-0.006638237104968117, 0.000832056687917445]
	[-1.2008825281150495, -1.2008825281150495] [-0.006638237104968117, 0.000832056687917445]
	[-0.9412214601987492, -0.9412214601987492] [-0.006629336898674452, -0.0009002235708739455]
	[-0.9412214601987492, -0.9412214601987492] [-0.006629336898674452, -0.0009002235708739455]
	[-0.9412214601987492, -0.9412214601987492] [-0.006629336898674452, -0.0009002235708739455]
	[-0.9412214601987492, -0.9412214601987492] [-0.006629336898674452, -0.0009002235708739455]
	[-0.9412214601987492, -0.9412214601987492] [-0.006629336898674452, -0.0009002235708739455]
	[-0.9412214601987492, -0.9412214601987492] [-0.006629336898674452, -0.0009002235708739455]
	[-1.2116368775129216, -1.2116368775129216] [-0.006628905176734196, 0.0009033971173023675]
	[-1.2116368775129216, -1.2116368775129216] [-0.006628905176734196, 0.0009033971173023675]
	[-1.2116368775129216, -1.2116368775129216] [-0.006628905176734196, 0.0009033971173023675]
	[-1.823965177509844, -1.823965177509844] [-0.004905263148758418, 0.004549384973281146]
	[-1.823965177509844, -1.823965177509844] [-0.004905263148758418, 0.004549384973281146]
	[-1.823965177509844, -1.823965177509844] [-0.004905263148758418, 0.004549384973281146]
	[-1.823965177509844, -1.823965177509844] [-0.004905263148758418, 0.004549384973281146]
	[-2.5344089377404377, -2.5344089377404377] [-0.0007515718320718586, 0.006647830471283077]
	[-2.5344089377404377, -2.5344089377404377] [-0.0007515718320718586, 0.006647830471283077]
	[-2.5344089377404377, -2.5344089377404377] [-0.0007515718320718586, 0.006647830471283077]
	[-1.7673502479510912, -1.7673502479510912] [-0.005154829489832225, 0.004264533166061636]
	[-1.9534878208969833, -1.9534878208969833] [-0.004276572809671228, 0.0051448454979002405]
	[-1.9534878208969833, -1.9534878208969833] [-0.004276572809671228, 0.0051448454979002405]
	[-2.078817579181533, -2.078817579181533] [-0.0035999139898902177, 0.005639071684158336]
	[-2.1064401300874076, -2.1064401300874076] [-0.0034427949633621287, 0.005736346662635723]
	[-2.1064401300874076, -2.1064401300874076] [-0.0034427949633621287, 0.005736346662635723]
	[-2.1064401300874076, -2.1064401300874076] [-0.0034427949633621287, 0.005736346662635723]
	[-2.6443540304502715, -2.6443540304502715] [-1.760921056491468e-05, 0.006690156957006832]
	[-2.0856196146711294, -2.0856196146711294] [-0.0035614738404229963, 0.005663427785155057]
	[-2.0856196146711294, -2.0856196146711294] [-0.0035614738404229963, 0.005663427785155057]
	[-2.0856196146711294, -2.0856196146711294] [-0.0035614738404229963, 0.005663427785155057]
	[-2.0856196146711294, -2.0856196146711294] [-0.0035614738404229963, 0.005663427785155057]
	[-2.0856196146711294, -2.0856196146711294] [-0.0035614738404229963, 0.005663427785155057]
	[-1.4512916224279757, -1.4512916224279757] [-0.006225014075336136, 0.0024510630256177894]
	[-1.3769421633288976, -1.3769421633288976] [-0.006389883914278931, 0.001981891459117528]
	[-1.3769421633288976, -1.3769421633288976] [-0.006389883914278931, 0.001981891459117528]
	[-1.3769421633288976, -1.3769421633288976] [-0.006389883914278931, 0.001981891459117528]
	[-1.5128373723044033, -1.5128373723044033] [-0.006062470700573005, 0.002829303659626781]
	[-1.5128373723044033, -1.5128373723044033] [-0.006062470700573005, 0.002829303659626781]
	[-1.5128373723044033, -1.5128373723044033] [-0.006062470700573005, 0.002829303659626781]
	[-1.5128373723044033, -1.5128373723044033] [-0.006062470700573005, 0.002829303659626781]
	[-1.5128373723044033, -1.5128373723044033] [-0.006062470700573005, 0.002829303659626781]
	[-0.8966296678260581, -0.8966296678260581] [-0.006582617730917808, -0.0011948447607493273]
	[-0.2988290324656331, -0.2988290324656331] [-0.0047685407886802105, -0.004692497090076536]
	[-0.2988290324656331, -0.2988290324656331] [-0.0047685407886802105, -0.004692497090076536]
	[-0.7367122473999598, -0.7367122473999598] [-0.006308363287257114, -0.0022277932645715266]
	[-0.7367122473999598, -0.7367122473999598] [-0.006308363287257114, -0.0022277932645715266]
	[-1.4412201976103287, -1.4412201976103287] [-0.006249383644879027, 0.0023882450152365375]
	[-1.4412201976103287, -1.4412201976103287] [-0.006249383644879027, 0.0023882450152365375]
	[-1.4412201976103287, -1.4412201976103287] [-0.006249383644879027, 0.0023882450152365375]
	[-1.4412201976103287, -1.4412201976103287] [-0.006249383644879027, 0.0023882450152365375]
	[-1.4412201976103287, -1.4412201976103287] [-0.006249383644879027, 0.0023882450152365375]
	[-1.4412201976103287, -1.4412201976103287] [-0.006249383644879027, 0.0023882450152365375]
