source:
	0.7379015877743738,0.5392148455741187
target:
	0.9633176604962381,0.007353712743331298
points:
	[0, 0] [0.0022541607272186437, -0.005318611328307874]
	[0, 0] [0.0022541607272186437, -0.005318611328307874]
	[0, 0] [0.0022541607272186437, -0.005318611328307874]
	[0, 0] [0.0022541607272186437, -0.005318611328307874]
	[0, 0] [0.0022541607272186437, -0.005318611328307874]
	[-0.5811880922347559, -0.5811880922347559] [0.0048040621021994455, -0.003207780286109193]
	[-0.5811880922347559, -0.5811880922347559] [0.0048040621021994455, -0.003207780286109193]
	[-0.5811880922347559, -0.5811880922347559] [0.0048040621021994455, -0.003207780286109193]
	[-0.5811880922347559, -0.5811880922347559] [0.0048040621021994455, -0.003207780286109193]
	[-0.5811880922347559, -0.5811880922347559] [0.0048040621021994455, -0.003207780286109193]
	[0.03912185600712115, 0.03912185600712115] [0.0020444150548857114, -0.0054027061857088235]
	[0.03912185600712115, 0.03912185600712115] [0.0020444150548857114, -0.0054027061857088235]
	[0.03912185600712115, 0.03912185600712115] [0.0020444150548857114, -0.0054027061857088235]
	[0.03912185600712115, 0.03912185600712115] [0.0020444150548857114, -0.0054027061857088235]
	[0.03912185600712115, 0.03912185600712115] [0.0020444150548857114, -0.0054027061857088235]
	[0.03912185600712115, 0.03912185600712115] [0.0020444150548857114, -0.0054027061857088235]
	[0.03912185600712115, 0.03912185600712115] [0.0020444150548857114, -0.0054027061857088235]
	[0.03912185600712115, 0.03912185600712115] [0.0020444150548857114, -0.0054027061857088235]
	[-0.6928047342542427, -0.6928047342542427] [0.005131466691027053, -0.002652718727008124]
	[-0.6928047342542427, -0.6928047342542427] [0.005131466691027053, -0.002652718727008124]
	[-0.6928047342542427, -0.6928047342542427] [0.005131466691027053, -0.002652718727008124]
	[-0.6928047342542427, -0.6928047342542427] [0.005131466691027053, -0.002652718727008124]
	[-0.5509491658312791, -0.5509491658312791] [0.004704880819962201, -0.003351561354904836]
	[-0.5509491658312791, -0.5509491658312791] [0.004704880819962201, -0.003351561354904836]
	[-0.5509491658312791, -0.5509491658312791] [0.004704880819962201, -0.003351561354904836]
	[0.09503908188287491, 0.09503908188287491] [0.001739272781060121, -0.00550852042192848]
	[0.09503908188287491, 0.09503908188287491] [0.001739272781060121, -0.00550852042192848]
	[0.09503908188287491, 0.09503908188287491] [0.001739272781060121, -0.00550852042192848]
	[0.09503908188287491, 0.09503908188287491] [0.001739272781060121, -0.00550852042192848]
	[0.806467434982241, 0.806467434982241] [-0.0022792253745536973, -0.005307918493885367]
	[0.806467434982241, 0.806467434982241] [-0.0022792253745536973, -0.005307918493885367]
	[0.806467434982241, 0.806467434982241] [-0.0022792253745536973, -0.005307918493885367]
	[0.806467434982241, 0.806467434982241] [-0.0022792253745536973, -0.005307918493885367]
	[0.5287438714162094, 0.5287438714162094] [-0.0007366332383085163, -0.005729418689357485]
	[0.5287438714162094, 0.5287438714162094] [-0.0007366332383085163, -0.005729418689357485]
	[0.5287438714162094, 0.5287438714162094] [-0.0007366332383085163, -0.005729418689357485]
	[0.8893410946643359, 0.8893410946643359] [-0.002710786220699727, -0.0051010298089115514]
	[0.8893410946643359, 0.8893410946643359] [-0.002710786220699727, -0.0051010298089115514]
	[0.8893410946643359, 0.8893410946643359] [-0.002710786220699727, -0.0051010298089115514]
	[0.8893410946643359, 0.8893410946643359] [-0.002710786220699727, -0.0051010298089115514]
	[0.8893410946643359, 0.8893410946643359] [-0.002710786220699727, -0.0051010298089115514]
	[0.8893410946643359, 0.8893410946643359] [-0.002710786220699727, -0.0051010298089115514]
	[0.8893410946643359, 0.8893410946643359] [-0.002710786220699727, -0.0051010298089115514]
	[1.375257760201886, 1.375257760201886] [-0.004779283605009132, -0.003244582449041887]
	[1.375257760201886, 1.375257760201886] [-0.004779283605009132, -0.003244582449041887]
	[1.375257760201886, 1.375257760201886] [-0.004779283605009132, -0.003244582449041887]
	[1.375257760201886, 1.375257760201886] [-0.004779283605009132, -0.003244582449041887]
