source:
	0.14171494045142574,0.6576281980536245
target:
	0.6521217180409388,0.9454560693331445
points:
	[0, 0] [0.005104067775895131, 0.002878278712795201]
	[-0.47481079923492786, -0.47481079923492786] [0.005855315100418486, 0.00022645371331095142]
	[0.09696446331235142, 0.09696446331235142] [0.004801438457843406, 0.003358896387952953]
	[0.09696446331235142, 0.09696446331235142] [0.004801438457843406, 0.003358896387952953]
	[0.09696446331235142, 0.09696446331235142] [0.004801438457843406, 0.003358896387952953]
	[-0.061292156480303533, -0.061292156480303533] [0.005270788950850905, 0.002560230467174601]
	[-0.061292156480303533, -0.061292156480303533] [0.005270788950850905, 0.002560230467174601]
	[-0.061292156480303533, -0.061292156480303533] [0.005270788950850905, 0.002560230467174601]
	[-0.061292156480303533, -0.061292156480303533] [0.005270788950850905, 0.002560230467174601]
	[-0.3761949020779116, -0.3761949020779116] [0.005804570661839159, 0.0008018451478790414]
	[-0.8452595337457999, -0.8452595337457999] [0.005540103587617375, -0.0019087295376585302]
	[-0.8452595337457999, -0.8452595337457999] [0.005540103587617375, -0.0019087295376585302]
	[-1.2959426214673, -1.2959426214673] [0.004155517586309211, -0.0041313036440494095]
	[-1.9366804370483688, -1.9366804370483688] [0.0008616511844729647, -0.0057959946036687604]
	[-1.9366804370483688, -1.9366804370483688] [0.0008616511844729647, -0.0057959946036687604]
	[-1.9366804370483688, -1.9366804370483688] [0.0008616511844729647, -0.0057959946036687604]
	[-1.9366804370483688, -1.9366804370483688] [0.0008616511844729647, -0.0057959946036687604]
	[-1.9366804370483688, -1.9366804370483688] [0.0008616511844729647, -0.0057959946036687604]
	[-1.9366804370483688, -1.9366804370483688] [0.0008616511844729647, -0.0057959946036687604]
	[-1.9935514709767603, -1.9935514709767603] [0.0005308115847756666, -0.005835600677816209]
	[-1.9935514709767603, -1.9935514709767603] [0.0005308115847756666, -0.005835600677816209]
	[-2.2478557831936365, -2.2478557831936365] [-0.0009543347325676595, -0.0057814566873475816]
	[-2.2478557831936365, -2.2478557831936365] [-0.0009543347325676595, -0.0057814566873475816]
	[-2.2478557831936365, -2.2478557831936365] [-0.0009543347325676595, -0.0057814566873475816]
	[-1.7145053109658543, -1.7145053109658543] [0.0021176300719569718, -0.0054636653528382]
	[-1.866018951566121, -1.866018951566121] [0.0012687138012507171, -0.005720695892981641]
	[-1.866018951566121, -1.866018951566121] [0.0012687138012507171, -0.005720695892981641]
	[-1.3515819401209588, -1.3515819401209588] [0.003919342718221822, -0.0043560014768802184]
	[-2.0722852542432513, -2.0722852542432513] [7.018281390690674e-05, -0.005859272188769964]
	[-1.6082017016065648, -1.6082017016065648] [0.0026853903082691326, -0.005208135472673045]
	[-1.7413051129127406, -1.7413051129127406] [0.001970462023218436, -0.00551844866103826]
	[-1.761255152070992, -1.761255152070992] [0.0018599839461809367, -0.005556658701900833]
	[-1.761255152070992, -1.761255152070992] [0.0018599839461809367, -0.005556658701900833]
	[-1.5752183619205389, -1.5752183619205389] [0.002855680277911695, -0.005116745680587149]
	[-2.2118135461522526, -2.2118135461522526] [-0.0007453834185400228, -0.00581209082592716]
	[-1.5901886933145448, -1.5901886933145448] [0.0027787637720561916, -0.005158921215580744]
	[-1.5901886933145448, -1.5901886933145448] [0.0027787637720561916, -0.005158921215580744]
	[-1.7895139437607785, -1.7895139437607785] [0.0017022377791625402, -0.005606994092439624]
	[-1.7895139437607785, -1.7895139437607785] [0.0017022377791625402, -0.005606994092439624]
	[-1.7895139437607785, -1.7895139437607785] [0.0017022377791625402, -0.005606994092439624]
	[-1.8021756284317143, -1.8021756284317143] [0.0016311092368605157, -0.0056280972687835955]
	[-1.8021756284317143, -1.8021756284317143] [0.0016311092368605157, -0.0056280972687835955]
	[-1.8021756284317143, -1.8021756284317143] [0.0016311092368605157, -0.0056280972687835955]
	[-2.3412503622773047, -2.3412503622773047] [-0.0014893477318116792, -0.005667260320755389]
	[-2.3412503622773047, -2.3412503622773047] [-0.0014893477318116792, -0.005667260320755389]
	[-2.3412503622773047, -2.3412503622773047] [-0.0014893477318116792, -0.005667260320755389]
	[-2.1685846984950854, -2.1685846984950854] [-0.0004935153226023622, -0.005838873079269471]
	[-2.1685846984950854, -2.1685846984950854] [-0.0004935153226023622, -0.005838873079269471]
	[-2.1685846984950854, -2.1685846984950854] [-0.0004935153226023622, -0.005838873079269471]
	[-1.8145253720190695, -1.8145253720190695] [0.0015614810617965264, -0.005647811355127918]
	[-1.872062831058921, -1.872062831058921] [0.0012341156431323634, -0.005728259315781458]
	[-1.8637932023466397, -1.8637932023466397] [0.0012814434825792692, -0.005717857886518007]
	[-1.8637932023466397, -1.8637932023466397] [0.0012814434825792692, -0.005717857886518007]
	[-1.1907379663978914, -1.1907379663978914] [0.004566373179561281, -0.003672088260710036]
	[-1.1907379663978914, -1.1907379663978914] [0.004566373179561281, -0.003672088260710036]
	[-1.1907379663978914, -1.1907379663978914] [0.004566373179561281, -0.003672088260710036]
