source:
	0.7781048988726724,0.8796459018687726
target:
	0.07891467346424685,0.4883872744795448
points:
	[0, 0] [-0.006991902254084256, -0.003912586273892278]
	[0, 0] [-0.006991902254084256, -0.003912586273892278]
	[0, 0] [-0.006991902254084256, -0.003912586273892278]
	[0, 0] [-0.006991902254084256, -0.003912586273892278]
	[0, 0] [-0.006991902254084256, -0.003912586273892278]
	[-0.48497487519224214, -0.48497487519224214] [-0.008009636128962154, -0.00020188502406792916]
	[-0.48497487519224214, -0.48497487519224214] [-0.008009636128962154, -0.00020188502406792916]
	[-0.48497487519224214, -0.48497487519224214] [-0.008009636128962154, -0.00020188502406792916]
	[-0.48497487519224214, -0.48497487519224214] [-0.008009636128962154, -0.00020188502406792916]
	[-0.513114273857979, -0.513114273857979] [-0.008012145393597436, 2.355150046493863e-05]
	[-0.9766147899252757, -0.9766147899252757] [-0.007156278222814783, 0.0036031528525703196]
	[-0.9766147899252757, -0.9766147899252757] [-0.007156278222814783, 0.0036031528525703196]
	[-0.9766147899252757, -0.9766147899252757] [-0.007156278222814783, 0.0036031528525703196]
	[-0.9924426268892554, -0.9924426268892554] [-0.007098354109869697, 0.0037159652060016297]
	[-1.3168931844863585, -1.3168931844863585] [-0.005543399428735622, 0.005784959053857887]
	[-1.8860834090602805, -1.8860834090602805] [-0.0015516098303271525, 0.007860504781230713]
	[-1.947741115933497, -1.947741115933497] [-0.0010643077369832867, 0.007941176079291798]
	[-1.947741115933497, -1.947741115933497] [-0.0010643077369832867, 0.007941176079291798]
	[-1.6829303097688837, -1.6829303097688837] [-0.00310562573755864, 0.007385805119249499]
	[-1.1588740215580495, -1.1588740215580495] [-0.006384668629039383, 0.004840561432176965]
	[-1.1588740215580495, -1.1588740215580495] [-0.006384668629039383, 0.004840561432176965]
	[-1.8396815604474688, -1.8396815604474688] [-0.0019145507973815795, 0.007780072218531413]
	[-1.8396815604474688, -1.8396815604474688] [-0.0019145507973815795, 0.007780072218531413]
	[-1.2763571104977371, -1.2763571104977371] [-0.005773280982331399, 0.005555560744008596]
	[-1.2763571104977371, -1.2763571104977371] [-0.005773280982331399, 0.005555560744008596]
	[-1.8788353655794563, -1.8788353655794563] [-0.0016085418558625443, 0.007849052272679615]
	[-1.5022176944144396, -1.5022176944144396] [-0.004382508712330482, 0.006707357592052638]
	[-1.5022176944144396, -1.5022176944144396] [-0.004382508712330482, 0.006707357592052638]
	[-1.7195871149111377, -1.7195871149111377] [-0.0028328600334108795, 0.007494660266644651]
	[-1.7195871149111377, -1.7195871149111377] [-0.0028328600334108795, 0.007494660266644651]
	[-2.128619638175306, -2.128619638175306] [0.0003816239475129322, 0.008003086382390447]
	[-2.128619638175306, -2.128619638175306] [0.0003816239475129322, 0.008003086382390447]
	[-2.128619638175306, -2.128619638175306] [0.0003816239475129322, 0.008003086382390447]
	[-2.128619638175306, -2.128619638175306] [0.0003816239475129322, 0.008003086382390447]
	[-2.128619638175306, -2.128619638175306] [0.0003816239475129322, 0.008003086382390447]
	[-2.128619638175306, -2.128619638175306] [0.0003816239475129322, 0.008003086382390447]
	[-1.564201500428625, -1.564201500428625] [-0.003958611238717947, 0.006965947569571186]
	[-1.4861615963560086, -1.4861615963560086] [-0.004489633186901117, 0.0066361300716904935]
	[-0.9192476672837615, -0.9192476672837615] [-0.007351094997838981, 0.003186915564313789]
	[-0.41985750737608885, -0.41985750737608885] [-0.007979523679620178, -0.0007226550544344264]
	[-0.23949171776335518, -0.23949171776335518] [-0.007720444275688314, -0.0021423745394562295]
	[-0.6771655943965045, -0.6771655943965045] [-0.007900725852585595, 0.0013317505335476252]
	[-0.6771655943965045, -0.6771655943965045] [-0.007900725852585595, 0.0013317505335476252]
	[-0.2883221237490167, -0.2883221237490167] [-0.007815813207916234, -0.0017629782699400734]
	[-0.990812509916152, -0.990812509916152] [-0.00710440213398084, 0.0037043891264292458]
	[-1.5167295602747766, -1.5167295602747766] [-0.004284714397580372, 0.006770247485320329]
	[-1.6151131945143056, -1.6151131945143056] [-0.003598986981958604, 0.007158374199845329]
	[-1.109442170141891, -1.109442170141891] [-0.006616050202208241, 0.004519171185425381]
	[-1.109442170141891, -1.109442170141891] [-0.006616050202208241, 0.004519171185425381]
	[-1.0648553538856873, -1.0648553538856873] [-0.006810903690301452, 0.004219789023488832]
	[-1.2615222737265277, -1.2615222737265277] [-0.005855058538067725, 0.00546930690280944]
	[-1.6831715285202506, -1.6831715285202506] [-0.0031038440525344895, 0.0073865540395278385]
	[-1.6831715285202506, -1.6831715285202506] [-0.0031038440525344895, 0.0073865540395278385]
	[-1.532164994109174, -1.532164994109174] [-0.004179706427986465, 0.0068355747861586135]
	[-1.1247359334704232, -1.1247359334704232] [-0.006546164032622212, 0.004619823041992197]
	[-1.40830059753057, -1.40830059753057] [-0.004992205040281796, 0.0062668107771899255]
	[-1.40830059753057, -1.40830059753057] [-0.004992205040281796, 0.0062668107771899255]
	[-1.40830059753057, -1.40830059753057] [-0.004992205040281796, 0.0062668107771899255]
	[-1.9496327593893303, -1.9496327593893303] [-0.0010492839679665201, 0.007943175160846397]
	[-1.626725067769413, -1.626725067769413] [-0.0035156240829361286, 0.007199681644961689]
	[-1.3763850914769078, -1.3763850914769078] [-0.005189637211523084, 0.006104317659992284]
	[-1.109100075635917, -1.109100075635917] [-0.006617595798678467, 0.004516907606607853]
	[-1.109100075635917, -1.109100075635917] [-0.006617595798678467, 0.004516907606607853]
	[-1.109100075635917, -1.109100075635917] [-0.006617595798678467, 0.004516907606607853]
	[-1.7401339306631884, -1.7401339306631884] [-0.002678281509150518, 0.007551280463541345]
	[-1.7401339306631884, -1.7401339306631884] [-0.002678281509150518, 0.007551280463541345]
	[-1.9848420840179803, -1.9848420840179803] [-0.000769017587013953, 0.007975189053068397]
	[-1.6445438046773773, -1.6445438046773773] [-0.0033867835350346338, 0.007261179364823393]
	[-1.6445438046773773, -1.6445438046773773] [-0.0033867835350346338, 0.007261179364823393]
	[-0.8598215463815084, -0.8598215463815084] [-0.007527393335161267, 0.002744699994368876]
	[-0.8598215463815084, -0.8598215463815084] [-0.007527393335161267, 0.002744699994368876]
	[-0.43703225264873435, -0.43703225264873435] [-0.007990757647336151, -0.0005855089263688244]
	[0.02520990395767475, 0.02520990395767475] [-0.006891055080879614, -0.004087589552976426]
