source:
	0.4957664329597511,0.6303091343457273
target:
	0.9345779179506487,0.5209370986024936
points:
	[0, 0] [0.004388114849908976, -0.0010937203574323373]
	[0, 0] [0.004388114849908976, -0.0010937203574323373]
	[-0.7030381160364828, -0.7030381160364828] [0.004054743628890194, 0.0020027057348067845]
	[-0.7030381160364828, -0.7030381160364828] [0.004054743628890194, 0.0020027057348067845]
	[-0.7030381160364828, -0.7030381160364828] [0.004054743628890194, 0.0020027057348067845]
	[-0.7785501490214741, -0.7785501490214741] [0.003892104207351653, 0.0023028897054286285]
	[-1.5094312564572139, -1.5094312564572139] [0.0013607697143621477, 0.004312781230334823]
	[-1.2041283354634005, -1.2041283354634005] [0.0025941870494391563, 0.0037043177116408044]
	[-1.2041283354634005, -1.2041283354634005] [0.0025941870494391563, 0.0037043177116408044]
	[-1.2041283354634005, -1.2041283354634005] [0.0025941870494391563, 0.0037043177116408044]
	[-1.2041283354634005, -1.2041283354634005] [0.0025941870494391563, 0.0037043177116408044]
	[-1.2041283354634005, -1.2041283354634005] [0.0025941870494391563, 0.0037043177116408044]
	[-1.2041283354634005, -1.2041283354634005] [0.0025941870494391563, 0.0037043177116408044]
	[-1.2041283354634005, -1.2041283354634005] [0.0025941870494391563, 0.0037043177116408044]
	[-1.2041283354634005, -1.2041283354634005] [0.0025941870494391563, 0.0037043177116408044]
	[-1.1710916352804284, -1.1710916352804284] [0.002715127673481265, 0.003616608614842061]
	[-1.1710916352804284, -1.1710916352804284] [0.002715127673481265, 0.003616608614842061]
	[-1.7086882929127047, -1.7086882929127047] [0.0004801686473029938, 0.004496800443248601]
	[-1.6278991492662445, -1.6278991492662445] [0.0008415000874408686, 0.004443383143404427]
	[-1.7719677361343185, -1.7719677361343185] [0.00019484244166403505, 0.004518164735728435]
	[-1.7719677361343185, -1.7719677361343185] [0.00019484244166403505, 0.004518164735728435]
	[-1.8564816751334858, -1.8564816751334858] [-0.00018724648197628835, 0.004518485909155975]
	[-1.459884091906945, -1.459884091906945] [0.00157269842620612, 0.0042400938452423894]
	[-2.0610016796954937, -2.0610016796954937] [-0.0011010357987038713, 0.004386285025648256]
	[-2.0610016796954937, -2.0610016796954937] [-0.0011010357987038713, 0.004386285025648256]
	[-2.081498511570716, -2.081498511570716] [-0.001190703174870387, 0.0043627975091226935]
	[-1.381263560895203, -1.381263560895203] [0.0019008554677216398, 0.004103477141045914]
	[-1.6102073165687292, -1.6102073165687292] [0.0009199758860461421, 0.0044278008678515805]
	[-1.2732306641074578, -1.2732306641074578] [0.002332222413250829, 0.0038745986593948126]
	[-1.2732306641074578, -1.2732306641074578] [0.002332222413250829, 0.0038745986593948126]
	[-1.2732306641074578, -1.2732306641074578] [0.002332222413250829, 0.0038745986593948126]
	[-0.9057543420811447, -0.9057543420811447] [0.0035685098895090576, 0.002778041274842699]
	[-0.9057543420811447, -0.9057543420811447] [0.0035685098895090576, 0.002778041274842699]
	[-0.5433917961735912, -0.5433917961735912] [0.004321549958583072, 0.001332659788439738]
	[-1.1754587739457651, -1.1754587739457651] [0.0026993076010855305, 0.003628431428451622]
	[-1.1754587739457651, -1.1754587739457651] [0.0026993076010855305, 0.003628431428451622]
	[-0.6362827920369404, -0.6362827920369404] [0.004179304458752401, 0.0017277703543312401]
	[-0.6362827920369404, -0.6362827920369404] [0.004179304458752401, 0.0017277703543312401]
	[-0.6362827920369404, -0.6362827920369404] [0.004179304458752401, 0.0017277703543312401]
	[-0.6362827920369404, -0.6362827920369404] [0.004179304458752401, 0.0017277703543312401]
	[-0.6362827920369404, -0.6362827920369404] [0.004179304458752401, 0.0017277703543312401]
