source:
	0.8864346886464658,0.9443163050844958
target:
	0.077185957488345,0.7554507715600995
points:
	[-0.10958354585795298, -0.10958354585795298] [-0.008250497953819618, -0.00099229702078895]
	[-0.10958354585795298, -0.10958354585795298] [-0.008250497953819618, -0.00099229702078895]
	[-0.10958354585795298, -0.10958354585795298] [-0.008250497953819618, -0.00099229702078895]
	[-0.10958354585795298, -0.10958354585795298] [-0.008250497953819618, -0.00099229702078895]
	[-0.10958354585795298, -0.10958354585795298] [-0.008250497953819618, -0.00099229702078895]
	[0.005338307658912911, 0.005338307658912911] [-0.008082289828555649, -0.0019318284061153642]
	[0.6180569092354269, 0.6180569092354269] [-0.005501038803708182, -0.006228478300800699]
	[-0.043977576012381614, -0.043977576012381614] [-0.008167694740740673, -0.001531056003392909]
	[0.41930446735871846, 0.41930446735871846] [-0.006622534676569814, -0.005019701616737657]
	[0.41930446735871846, 0.41930446735871846] [-0.006622534676569814, -0.005019701616737657]
	[0.41930446735871846, 0.41930446735871846] [-0.006622534676569814, -0.005019701616737657]
	[-0.2359611835413205, -0.2359611835413205] [-0.00830977058643683, 5.5521745628265876e-05]
	[0.5293274053169588, 0.5293274053169588] [-0.0060313232879847115, -0.005716511983654161]
	[1.1117607060522796, 1.1117607060522796] [-0.0018925076148231272, -0.008091587285031584]
	[0.43109679901483766, 0.43109679901483766] [-0.006562881605717951, -0.0050974459185730734]
	[0.43109679901483766, 0.43109679901483766] [-0.006562881605717951, -0.0050974459185730734]
	[0.43109679901483766, 0.43109679901483766] [-0.006562881605717951, -0.0050974459185730734]
	[-0.02408462596513611, -0.02408462596513611] [-0.008135623483482205, -0.001693221898766126]
	[0.6523801334318853, 0.6523801334318853] [-0.005284059295500505, -0.0064135861438888485]
	[0.6523801334318853, 0.6523801334318853] [-0.005284059295500505, -0.0064135861438888485]
	[0.6523801334318853, 0.6523801334318853] [-0.005284059295500505, -0.0064135861438888485]
	[0.6523801334318853, 0.6523801334318853] [-0.005284059295500505, -0.0064135861438888485]
	[0.7753632763185156, 0.7753632763185156] [-0.004457373161563772, -0.007013358279884132]
	[0.7753632763185156, 0.7753632763185156] [-0.004457373161563772, -0.007013358279884132]
	[0.07903586256424122, 0.07903586256424122] [-0.007918108783339787, -0.002521690535859949]
	[0.07903586256424122, 0.07903586256424122] [-0.007918108783339787, -0.002521690535859949]
	[0.07903586256424122, 0.07903586256424122] [-0.007918108783339787, -0.002521690535859949]
	[0.46583144902943346, 0.46583144902943346] [-0.0063819005600311545, -0.0053222847636444975]
	[0.46583144902943346, 0.46583144902943346] [-0.0063819005600311545, -0.0053222847636444975]
	[0.46583144902943346, 0.46583144902943346] [-0.0063819005600311545, -0.0053222847636444975]
	[0.46583144902943346, 0.46583144902943346] [-0.0063819005600311545, -0.0053222847636444975]
	[-0.2920967456604599, -0.2920967456604599] [-0.008293566036443349, 0.0005216629779864476]
	[-0.9372884706541824, -0.9372884706541824] [-0.006312727724433075, 0.00540415012195464]
	[-0.9372884706541824, -0.9372884706541824] [-0.006312727724433075, 0.00540415012195464]
	[-1.523324810426691, -1.523324810426691] [-0.0022705460222603477, 0.007993746970241555]
	[-1.998669197585376, -1.998669197585376] [0.0016394734649612214, 0.008146624860709885]
	[-2.2764397418598463, -2.2764397418598463] [0.0038105360985959055, 0.007384794140986315]
	[-1.7208554463187524, -1.7208554463187524] [-0.0006576318420846035, 0.008283893421798999]
	[-1.7208554463187524, -1.7208554463187524] [-0.0006576318420846035, 0.008283893421798999]
	[-1.7208554463187524, -1.7208554463187524] [-0.0006576318420846035, 0.008283893421798999]
	[-1.7208554463187524, -1.7208554463187524] [-0.0006576318420846035, 0.008283893421798999]
	[-1.7208554463187524, -1.7208554463187524] [-0.0006576318420846035, 0.008283893421798999]
	[-2.4355838156436445, -2.4355838156436445] [0.00493267506904057, 0.00668760693572177]
	[-2.4355838156436445, -2.4355838156436445] [0.00493267506904057, 0.00668760693572177]
	[-2.6884509385063042, -2.6884509385063042] [0.006448923295324122, 0.005240873800662842]
	[-2.828649022497216, -2.828649022497216] [0.007118004439098353, 0.004288284350229641]
	[-3.3182615208379347, -3.3182615208379347] [0.00829845812304187, 0.00043699272713481306]
	[-3.102811466171597, -3.102811466171597] [0.008013176664459346, 0.0022009928685964688]
	[-3.661247869411736, -3.661247869411736] [0.007962071821087362, -0.0023792398322352603]
	[-3.661247869411736, -3.661247869411736] [0.007962071821087362, -0.0023792398322352603]
	[-3.661247869411736, -3.661247869411736] [0.007962071821087362, -0.0023792398322352603]
	[-4.4064410361766235, -4.4064410361766235] [0.004238384492983577, -0.00714782951343166]
	[-5.039583469102269, -5.039583469102269] [-0.0008123673964004206, -0.008270152905280163]
	[-5.668926373352676, -5.668926373352676] [-0.0055246546791148385, -0.006207540619277723]
	[-5.110478442412237, -5.110478442412237] [-0.0013961479817197224, -0.008191833779843697]
	[-5.328078552015592, -5.328078552015592] [-0.003131734539936057, -0.007697246821742162]
	[-5.328078552015592, -5.328078552015592] [-0.003131734539936057, -0.007697246821742162]
	[-5.328078552015592, -5.328078552015592] [-0.003131734539936057, -0.007697246821742162]
	[-5.328078552015592, -5.328078552015592] [-0.003131734539936057, -0.007697246821742162]
	[-5.883174515231866, -5.883174515231866] [-0.006718144594268199, -0.004891002256588449]
	[-5.22995995346826, -5.22995995346826] [-0.0023626397860869552, -0.007967013436956619]
	[-5.22995995346826, -5.22995995346826] [-0.0023626397860869552, -0.007967013436956619]
	[-5.22995995346826, -5.22995995346826] [-0.0023626397860869552, -0.007967013436956619]
	[-5.22995995346826, -5.22995995346826] [-0.0023626397860869552, -0.007967013436956619]
	[-5.802452464059432, -5.802452464059432] [-0.00630188549007275, -0.005416789559643134]
	[-5.802452464059432, -5.802452464059432] [-0.00630188549007275, -0.005416789559643134]
	[-5.4800559008875265, -5.4800559008875265] [-0.004260946251677187, -0.007134403051676185]
	[-4.989881873915125, -4.989881873915125] [-0.0004004936439095555, -0.008300299675592223]
	[-4.5758289672962, -4.5758289672962] [0.0029727508364305955, -0.007760033655078406]
	[-5.127049546327858, -5.127049546327858] [-0.0015316978101076678, -0.008167574406270181]
	[-5.214779514209024, -5.214779514209024] [-0.002241429442695715, -0.008001960004702918]
