source:
	0.6149246303466608,0.6400993890457272
target:
	0.06714751749705705,0.5155024384274396
points:
	[0, 0] [-0.005477771128496038, -0.0012459695061828755]
	[0, 0] [-0.005477771128496038, -0.0012459695061828755]
	[0.6508401474676304, 0.6508401474676304] [-0.003603101279084467, -0.004309997415217579]
	[1.3894494896727019, 1.3894494896727019] [0.0002375970891184611, -0.005612661059583483]
	[1.697150864042006, 1.697150864042006] [0.0019263374675103156, -0.005277086365390307]
	[1.697150864042006, 1.697150864042006] [0.0019263374675103156, -0.005277086365390307]
	[1.697150864042006, 1.697150864042006] [0.0019263374675103156, -0.005277086365390307]
	[1.697150864042006, 1.697150864042006] [0.0019263374675103156, -0.005277086365390307]
	[1.697150864042006, 1.697150864042006] [0.0019263374675103156, -0.005277086365390307]
	[1.697150864042006, 1.697150864042006] [0.0019263374675103156, -0.005277086365390307]
	[1.697150864042006, 1.697150864042006] [0.0019263374675103156, -0.005277086365390307]
	[1.697150864042006, 1.697150864042006] [0.0019263374675103156, -0.005277086365390307]
	[1.697150864042006, 1.697150864042006] [0.0019263374675103156, -0.005277086365390307]
	[1.697150864042006, 1.697150864042006] [0.0019263374675103156, -0.005277086365390307]
	[2.4751613811606337, 2.4751613811606337] [0.00507594717697082, -0.002406901909742959]
	[3.155578782251782, 3.155578782251782] [0.005459809657211343, 0.0013224579590838026]
	[2.963324261273195, 2.963324261273195] [0.005611903036138848, 0.00025487420328059]
	[2.7398783452446365, 2.7398783452446365] [0.005528867070867149, -0.0009950102809535494]
	[3.046979521168358, 3.046979521168358] [0.00557098116062657, 0.0007229007224136444]
	[3.046979521168358, 3.046979521168358] [0.00557098116062657, 0.0007229007224136444]
	[3.046979521168358, 3.046979521168358] [0.00557098116062657, 0.0007229007224136444]
	[3.046979521168358, 3.046979521168358] [0.00557098116062657, 0.0007229007224136444]
	[3.046979521168358, 3.046979521168358] [0.00557098116062657, 0.0007229007224136444]
	[3.046979521168358, 3.046979521168358] [0.00557098116062657, 0.0007229007224136444]
	[3.046979521168358, 3.046979521168358] [0.00557098116062657, 0.0007229007224136444]
	[3.4119437385451206, 3.4119437385451206] [0.004946042288192377, 0.002663659555937104]
	[3.4119437385451206, 3.4119437385451206] [0.004946042288192377, 0.002663659555937104]
	[3.4119437385451206, 3.4119437385451206] [0.004946042288192377, 0.002663659555937104]
	[3.369362607783745, 3.369362607783745] [0.005054946364542066, 0.002450700674934679]
	[3.369362607783745, 3.369362607783745] [0.005054946364542066, 0.002450700674934679]
	[3.9714194766851456, 3.9714194766851456] [0.002778220565195578, 0.004882612726568297]
	[4.272710423876241, 4.272710423876241] [0.001204142185226651, 0.005487117471339568]
	[4.272710423876241, 4.272710423876241] [0.001204142185226651, 0.005487117471339568]
	[4.272710423876241, 4.272710423876241] [0.001204142185226651, 0.005487117471339568]
	[4.224844953308811, 4.224844953308811] [0.0014653062222837758, 0.005423218068772341]
	[4.224844953308811, 4.224844953308811] [0.0014653062222837758, 0.005423218068772341]
	[4.224844953308811, 4.224844953308811] [0.0014653062222837758, 0.005423218068772341]
	[4.224844953308811, 4.224844953308811] [0.0014653062222837758, 0.005423218068772341]
	[4.224844953308811, 4.224844953308811] [0.0014653062222837758, 0.005423218068772341]
	[4.224844953308811, 4.224844953308811] [0.0014653062222837758, 0.005423218068772341]
	[4.224844953308811, 4.224844953308811] [0.0014653062222837758, 0.005423218068772341]
	[4.224844953308811, 4.224844953308811] [0.0014653062222837758, 0.005423218068772341]
	[5.029537329559742, 5.029537329559742] [-0.0028921201766839407, 0.004816020912552186]
	[5.029537329559742, 5.029537329559742] [-0.0028921201766839407, 0.004816020912552186]
	[5.151636743767479, 5.151636743767479] [-0.0034571620245517276, 0.004427916810704527]
	[4.691123927685558, 4.691123927685558] [-0.0011292114887781425, 0.005503026254719651]
	[4.359645450978931, 4.359645450978931] [0.0007231727108094866, 0.005570945860162598]
	[4.768824164297668, 4.768824164297668] [-0.0015529608194363637, 0.005398771086073005]
	[4.768824164297668, 4.768824164297668] [-0.0015529608194363637, 0.005398771086073005]
	[4.768824164297668, 4.768824164297668] [-0.0015529608194363637, 0.005398771086073005]
	[4.768824164297668, 4.768824164297668] [-0.0015529608194363637, 0.005398771086073005]
	[4.768824164297668, 4.768824164297668] [-0.0015529608194363637, 0.005398771086073005]
	[4.768824164297668, 4.768824164297668] [-0.0015529608194363637, 0.005398771086073005]
	[4.768824164297668, 4.768824164297668] [-0.0015529608194363637, 0.005398771086073005]
	[4.340828008072403, 4.340828008072403] [0.0008278694473105407, 0.005556352105899344]
	[4.340828008072403, 4.340828008072403] [0.0008278694473105407, 0.005556352105899344]
	[4.340828008072403, 4.340828008072403] [0.0008278694473105407, 0.005556352105899344]
	[3.6949830116611553, 3.6949830116611553] [0.004005350348148718, 0.003938982753847404]
