source:
	0.06095784820762151,0.4875259648925726
target:
	0.45119029872858474,0.23379175425330656
points:
	[0, 0] [0.0039023245052096324, -0.0025373421063926605]
	[0, 0] [0.0039023245052096324, -0.0025373421063926605]
	[-0.4907472347881256, -0.4907472347881256] [0.004637587295395144, -0.000398780122902699]
	[-0.02583907972441213, -0.02583907972441213] [0.003966577158175341, -0.0024356738609827024]
	[0.7819420833162071, 0.7819420833162071] [0.0009809198857408813, -0.00455016897341086]
	[0.02504739766475239, 0.02504739766475239] [0.0038375532927445483, -0.002634279072949223]
	[0.02504739766475239, 0.02504739766475239] [0.0038375532927445483, -0.002634279072949223]
	[0.2794226255903126, 0.2794226255903126] [0.0030511714563060404, -0.0035151947674426265]
	[-0.0682269418312722, -0.0682269418312722] [0.00406622634978992, -0.0022654016820658728]
	[-0.0682269418312722, -0.0682269418312722] [0.00406622634978992, -0.0022654016820658728]
	[0.056012300112442126, 0.056012300112442126] [0.003754156508491888, -0.002751826742108003]
	[0.056012300112442126, 0.056012300112442126] [0.003754156508491888, -0.002751826742108003]
	[0.6917369573484333, 0.6917369573484333] [0.0013868238934523708, -0.0044433051884135025]
	[0.6917369573484333, 0.6917369573484333] [0.0013868238934523708, -0.0044433051884135025]
	[0.6917369573484333, 0.6917369573484333] [0.0013868238934523708, -0.0044433051884135025]
	[0.6917369573484333, 0.6917369573484333] [0.0013868238934523708, -0.0044433051884135025]
	[0.6917369573484333, 0.6917369573484333] [0.0013868238934523708, -0.0044433051884135025]
	[0.11242056753910579, 0.11242056753910579] [0.003593041957301335, -0.0029591030738899474]
	[0.11242056753910579, 0.11242056753910579] [0.003593041957301335, -0.0029591030738899474]
	[-0.3423984714425865, -0.3423984714425865] [0.004527708508103215, -0.0010798597939003487]
	[-0.3423984714425865, -0.3423984714425865] [0.004527708508103215, -0.0010798597939003487]
	[-0.3423984714425865, -0.3423984714425865] [0.004527708508103215, -0.0010798597939003487]
	[-0.3423984714425865, -0.3423984714425865] [0.004527708508103215, -0.0010798597939003487]
	[-0.9572327039686, -0.9572327039686] [0.004321433163646722, 0.00172958287484787]
	[-0.456400622610281, -0.456400622610281] [0.004621158053760775, -0.0005577990238380417]
	[-0.456400622610281, -0.456400622610281] [0.004621158053760775, -0.0005577990238380417]
	[-0.456400622610281, -0.456400622610281] [0.004621158053760775, -0.0005577990238380417]
	[-0.33385018741742334, -0.33385018741742334] [0.004518312246323356, -0.0011185240066968315]
	[-1.187034119271673, -1.187034119271673] [0.00381385822145984, 0.0026684690321298332]
	[-1.187034119271673, -1.187034119271673] [0.00381385822145984, 0.0026684690321298332]
	[-0.690909352661667, -0.690909352661667] [0.004624283623409088, 0.0005312649801212764]
	[-0.690909352661667, -0.690909352661667] [0.004624283623409088, 0.0005312649801212764]
	[-0.690909352661667, -0.690909352661667] [0.004624283623409088, 0.0005312649801212764]
	[0.015231117399901906, 0.015231117399901906] [0.0038632268085309614, -0.0025964822615763094]
	[-0.17953473152698327, -0.17953473152698327] [0.004292699741087177, -0.0017997139888612365]
	[0.514394915942584, 0.514394915942584] [0.00214893396771127, -0.004128961650493916]
	[1.3691088216702179, 1.3691088216702179] [-0.001704184978503514, -0.004331511868606125]
	[2.1407695204133814, 2.1407695204133814] [-0.004241958794967713, -0.00191625339937828]
	[2.7038247755375737, 2.7038247755375737] [-0.004609963166715508, 0.0006438020739008831]
