source:
	0.5651718915697818,0.3402768920376916
target:
	0.06600419419955683,0.7981577586961959
points:
	[0.019133088355483194, 0.019133088355483194] [-0.004903161931555, 0.004673470967913824]
	[0.019133088355483194, 0.019133088355483194] [-0.004903161931555, 0.004673470967913824]
	[0.019133088355483194, 0.019133088355483194] [-0.004903161931555, 0.004673470967913824]
	[0.019133088355483194, 0.019133088355483194] [-0.004903161931555, 0.004673470967913824]
	[0.019133088355483194, 0.019133088355483194] [-0.004903161931555, 0.004673470967913824]
	[-0.30780447542436296, -0.30780447542436296] [-0.006144301404115058, 0.002851295858092118]
	[-0.30780447542436296, -0.30780447542436296] [-0.006144301404115058, 0.002851295858092118]
	[0.03623719121389146, 0.03623719121389146] [-0.004822513107537628, 0.004756647468817855]
	[0.03623719121389146, 0.03623719121389146] [-0.004822513107537628, 0.004756647468817855]
	[0.03623719121389146, 0.03623719121389146] [-0.004822513107537628, 0.004756647468817855]
	[0.5692508675917475, 0.5692508675917475] [-0.0017365310717700757, 0.006547273298997118]
	[1.3595602357577614, 1.3595602357577614] [0.003430434861475425, 0.005840757183461544]
	[2.0707529447451325, 2.0707529447451325] [0.006411325248047327, 0.0021856889940552898]
	[1.3871616440015468, 1.3871616440015468] [0.0035903208816126363, 0.00574385965897843]
	[1.052405210587751, 1.052405210587751] [0.0015039407833671546, 0.006604580981039489]
	[1.6268475470079111, 1.6268475470079111] [0.004851260941960004, 0.004727324305354655]
	[2.1876865629484663, 2.1876865629484663] [0.006622541110328625, 0.0014227709081193762]
	[2.1876865629484663, 2.1876865629484663] [0.006622541110328625, 0.0014227709081193762]
	[3.0533152087045696, 3.0533152087045696] [0.005375920508275, -0.0041208987495074175]
	[3.5014818351097023, 3.5014818351097023] [0.0030593680505540304, -0.006043392668545771]
	[3.2951715483607456, 3.2951715483607456] [0.004232477288750311, -0.005288521893232207]
	[3.2951715483607456, 3.2951715483607456] [0.004232477288750311, -0.005288521893232207]
	[3.4813470011131384, 3.4813470011131384] [0.003180422406343487, -0.005980571973667054]
	[4.127313299941398, 4.127313299941398] [-0.0010605008746417993, -0.0066901170176512995]
	[4.127313299941398, 4.127313299941398] [-0.0010605008746417993, -0.0066901170176512995]
	[4.127313299941398, 4.127313299941398] [-0.0010605008746417993, -0.0066901170176512995]
	[4.127313299941398, 4.127313299941398] [-0.0010605008746417993, -0.0066901170176512995]
	[4.127313299941398, 4.127313299941398] [-0.0010605008746417993, -0.0066901170176512995]
	[3.3989463267869207, 3.3989463267869207] [0.0036618768596511525, -0.005698507320319503]
	[3.3989463267869207, 3.3989463267869207] [0.0036618768596511525, -0.005698507320319503]
	[4.124013080594579, 4.124013080594579] [-0.0010384162859164029, -0.006693580464305119]
	[3.6755898371124736, 3.6755898371124736] [0.001966219780734806, -0.00648199873409666]
	[3.6755898371124736, 3.6755898371124736] [0.001966219780734806, -0.00648199873409666]
	[3.5261980728209346, 3.5261980728209346] [0.002909078903686064, -0.006117155200508831]
	[3.5261980728209346, 3.5261980728209346] [0.002909078903686064, -0.006117155200508831]
	[2.7614881739790924, 2.7614881739790924] [0.006334218523374639, -0.0024000007319001284]
	[2.7614881739790924, 2.7614881739790924] [0.006334218523374639, -0.0024000007319001284]
	[2.7614881739790924, 2.7614881739790924] [0.006334218523374639, -0.0024000007319001284]
	[2.7614881739790924, 2.7614881739790924] [0.006334218523374639, -0.0024000007319001284]
	[1.8939444246393333, 1.8939444246393333] [0.005926934907682399, 0.003279294194652162]
	[2.162516791528993, 2.162516791528993] [0.006584636436052259, 0.00158899050343183]
	[2.162516791528993, 2.162516791528993] [0.006584636436052259, 0.00158899050343183]
	[1.413135671472674, 1.413135671472674] [0.0037382842383562975, 0.005648677612347904]
	[1.413135671472674, 1.413135671472674] [0.0037382842383562975, 0.005648677612347904]
	[1.5777363655976329, 1.5777363655976329] [0.004613340553641776, 0.004959779909543137]
	[2.1659716252791985, 2.1659716252791985] [0.00659008682648784, 0.0015662322415066557]
	[1.6324627637389986, 1.6324627637389986] [0.00487772927147017, 0.004700009039270736]
	[1.6324627637389986, 1.6324627637389986] [0.00487772927147017, 0.004700009039270736]
	[1.5259225353807693, 1.5259225353807693] [0.004350279060828162, 0.005192051608748086]
	[1.5259225353807693, 1.5259225353807693] [0.004350279060828162, 0.005192051608748086]
	[2.3424516536218682, 2.3424516536218682] [0.006762704260765263, 0.000384914141609377]
	[2.3424516536218682, 2.3424516536218682] [0.006762704260765263, 0.000384914141609377]
	[2.3424516536218682, 2.3424516536218682] [0.006762704260765263, 0.000384914141609377]
	[2.919333413848154, 2.919333413848154] [0.005878215760219199, -0.0033658442167299077]
	[2.919333413848154, 2.919333413848154] [0.005878215760219199, -0.0033658442167299077]
	[2.919333413848154, 2.919333413848154] [0.005878215760219199, -0.0033658442167299077]
	[2.1515873661350384, 2.1515873661350384] [0.0065668767574425715, 0.0016608604599857477]
	[1.4133628381197452, 1.4133628381197452] [0.0037395673330423546, 0.005647828253109864]
	[1.0883891951799065, 1.0883891951799065] [0.0017405750565807055, 0.006546199377302268]
	[1.7363148242265833, 1.7363148242265833] [0.005338677843906098, 0.004169034263947669]
	[2.1776460284497166, 2.1776460284497166] [0.006607922155858846, 0.0014891919275544397]
	[1.3650606424001943, 1.3650606424001943] [0.0034625093462201523, 0.005821800137613935]
	[1.3650606424001943, 1.3650606424001943] [0.0034625093462201523, 0.005821800137613935]
	[1.3650606424001943, 1.3650606424001943] [0.0034625093462201523, 0.005821800137613935]
	[1.3650606424001943, 1.3650606424001943] [0.0034625093462201523, 0.005821800137613935]
	[1.3650606424001943, 1.3650606424001943] [0.0034625093462201523, 0.005821800137613935]
	[1.3650606424001943, 1.3650606424001943] [0.0034625093462201523, 0.005821800137613935]
