source:
	0.4648425668955918,0.34994979716113594
target:
	0.0325137336476905,0.9338495593995308
points:
	[-0.5439678141589211, -0.5439678141589211] [-0.006721159870648056, 0.0027587542900999323]
	[-0.5439678141589211, -0.5439678141589211] [-0.006721159870648056, 0.0027587542900999323]
	[-0.5439678141589211, -0.5439678141589211] [-0.006721159870648056, 0.0027587542900999323]
	[-0.7729355141509568, -0.7729355141509568] [-0.007171906549060239, 0.001161237138357808]
	[-0.9146127341340506, -0.9146127341340506] [-0.007264019067517628, 0.00013690225233686006]
	[-0.9146127341340506, -0.9146127341340506] [-0.007264019067517628, 0.00013690225233686006]
	[-0.9146127341340506, -0.9146127341340506] [-0.007264019067517628, 0.00013690225233686006]
	[-0.9146127341340506, -0.9146127341340506] [-0.007264019067517628, 0.00013690225233686006]
	[-1.6669575710507192, -1.6669575710507192] [-0.005396929488594658, -0.004863935375299715]
	[-1.6669575710507192, -1.6669575710507192] [-0.005396929488594658, -0.004863935375299715]
	[-0.8792563789953503, -0.8792563789953503] [-0.007254639911349179, 0.00039359242448774547]
	[-1.6336552382881362, -1.6336552382881362] [-0.005555887500812258, -0.0046815413400153475]
	[-2.4710672324290823, -2.4710672324290823] [-0.0002410639173160845, -0.007261308658067277]
	[-1.935805575218834, -1.935805575218834] [-0.003911095074746678, -0.006122748611224116]
	[-2.3591983977629454, -2.3591983977629454] [-0.0010501779710987082, -0.0071890083786968545]
	[-2.3591983977629454, -2.3591983977629454] [-0.0010501779710987082, -0.0071890083786968545]
	[-2.1552036881036094, -2.1552036881036094] [-0.002484772237769566, -0.006827197240915498]
	[-2.1552036881036094, -2.1552036881036094] [-0.002484772237769566, -0.006827197240915498]
	[-2.1552036881036094, -2.1552036881036094] [-0.002484772237769566, -0.006827197240915498]
	[-1.70945726577499, -1.70945726577499] [-0.005185402645196552, -0.005088842171569401]
	[-1.6594774664556757, -1.6594774664556757] [-0.005433160910965094, -0.004823430081955735]
	[-1.6171866732848268, -1.6171866732848268] [-0.0056322288845266945, -0.004589413146825829]
	[-1.6171866732848268, -1.6171866732848268] [-0.0056322288845266945, -0.004589413146825829]
	[-1.055499255724237, -1.055499255724237] [-0.007211270372390258, -0.0008844743389386867]
	[-1.264153017421649, -1.264153017421649] [-0.006871650002983114, -0.002359055208437637]
	[-1.7466987239418221, -1.7466987239418221] [-0.004992335076910791, -0.005278380975242379]
	[-2.3105106298988147, -2.3105106298988147] [-0.0013988119959708798, -0.007129378671376808]
	[-2.2601598800200424, -2.2601598800200424] [-0.001755857142858173, -0.00704994190996128]
	[-2.6729671657144185, -2.6729671657144185] [0.001219950449929784, -0.007162153037995675]
	[-3.0324913883693676, -3.0324913883693676] [0.0036618046224087043, -0.0062750220834082195]
	[-3.0324913883693676, -3.0324913883693676] [0.0036618046224087043, -0.0062750220834082195]
	[-2.208273900976465, -2.208273900976465] [-0.002119123185084473, -0.0069493907766358925]
	[-3.019386274161117, -3.019386274161117] [0.0035792576531977066, -0.0063224702365436425]
	[-2.596653630623052, -2.596653630623052] [0.0006703609695469088, -0.007234316236553576]
	[-2.523048157243835, -2.523048157243835] [0.0001365412719288991, -0.007264025861807941]
	[-2.385382173511809, -2.385382173511809] [-0.0008616041205868445, -0.007214038645539843]
	[-2.385382173511809, -2.385382173511809] [-0.0008616041205868445, -0.007214038645539843]
	[-2.887661083992303, -2.887661083992303] [0.0027178275292659222, -0.006737813351608878]
	[-2.887661083992303, -2.887661083992303] [0.0027178275292659222, -0.006737813351608878]
	[-3.487130799198387, -3.487130799198387] [0.006045439485407216, -0.004029562838352805]
	[-2.8377342533601984, -2.8377342533601984] [0.0023781829565475044, -0.006865053609779136]
	[-3.1663643661117655, -3.1663643661117655] [0.004466589111874875, -0.005730121896228333]
	[-3.1663643661117655, -3.1663643661117655] [0.004466589111874875, -0.005730121896228333]
	[-3.892756097517327, -3.892756097517327] [0.007144926252574278, -0.0013170968397310254]
	[-4.362915216383767, -4.362915216383767] [0.006966356642660844, 0.002062665839928929]
	[-4.362915216383767, -4.362915216383767] [0.006966356642660844, 0.002062665839928929]
	[-4.362915216383767, -4.362915216383767] [0.006966356642660844, 0.002062665839928929]
	[-4.704956292476377, -4.704956292476377] [0.00587096969289789, 0.004279769865895714]
	[-5.130293399820863, -5.130293399820863] [0.003581912092683301, 0.006320966777340608]
	[-4.999601845538915, -4.999601845538915] [0.004375112892109633, 0.005800267443941758]
	[-4.999601845538915, -4.999601845538915] [0.004375112892109633, 0.005800267443941758]
	[-4.999601845538915, -4.999601845538915] [0.004375112892109633, 0.005800267443941758]
	[-4.999601845538915, -4.999601845538915] [0.004375112892109633, 0.005800267443941758]
	[-5.348565731722845, -5.348565731722845] [0.0021281613158786843, 0.0069466282938956845]
	[-5.348565731722845, -5.348565731722845] [0.0021281613158786843, 0.0069466282938956845]
	[-6.098817462639792, -6.098817462639792] [-0.0031795837106360354, 0.006532607646798677]
	[-5.7458605578504605, -5.7458605578504605] [-0.000725425067965272, 0.007229002262464867]
	[-6.2026597546548965, -6.2026597546548965] [-0.003839598487295168, 0.006167835819500648]
	[-6.494180311871261, -6.494180311871261] [-0.00545028926864363, 0.004804067248495035]
	[-6.39599378058743, -6.39599378058743] [-0.004953101191306096, 0.005315214372782786]
	[-6.261866898017914, -6.261866898017914] [-0.004197837245453321, 0.005929829483268422]
	[-5.802737255931999, -5.802737255931999] [-0.0011351921572126061, 0.00717607511151866]
	[-5.789760164477163, -5.789760164477163] [-0.0010419746033334422, 0.007190201955853723]
	[-5.789760164477163, -5.789760164477163] [-0.0010419746033334422, 0.007190201955853723]
	[-5.789760164477163, -5.789760164477163] [-0.0010419746033334422, 0.007190201955853723]
	[-5.2329767133196485, -5.2329767133196485] [0.002915127265781491, 0.006654828943275093]
	[-5.36708249251212, -5.36708249251212] [0.0019991747804905887, 0.006984841833356356]
	[-5.36708249251212, -5.36708249251212] [0.0019991747804905887, 0.006984841833356356]
	[-5.36708249251212, -5.36708249251212] [0.0019991747804905887, 0.006984841833356356]
	[-6.077831518353439, -6.077831518353439] [-0.0030418006988326414, 0.006597890856064218]
