source:
	0.5750953441079382,0.04733515118765563
target:
	0.11737120707125426,0.3308235173364201
points:
	[-0.026471175513350143, -0.026471175513350143] [-0.004650671713796838, 0.002712739675541551]
	[0.7854862226933748, 0.7854862226933748] [-0.0012315714132243752, 0.005241272344659818]
	[1.473130099829779, 1.473130099829779] [0.002375042330248852, 0.004831860704355352]
	[1.473130099829779, 1.473130099829779] [0.002375042330248852, 0.004831860704355352]
	[0.8851994699982508, 0.8851994699982508] [-0.0007036952286604921, 0.005337838229276695]
	[0.6393375637562484, 0.6393375637562484] [-0.001981722906217478, 0.005006044172771577]
	[0.6393375637562484, 0.6393375637562484] [-0.001981722906217478, 0.005006044172771577]
	[0.6393375637562484, 0.6393375637562484] [-0.001981722906217478, 0.005006044172771577]
	[0.32747547674220107, 0.32747547674220107] [-0.003422143984100474, 0.004156517110376455]
	[0.32747547674220107, 0.32747547674220107] [-0.003422143984100474, 0.004156517110376455]
	[0.32747547674220107, 0.32747547674220107] [-0.003422143984100474, 0.004156517110376455]
	[0.384811792794168, 0.384811792794168] [-0.003178331633074504, 0.004345792444073377]
	[0.384811792794168, 0.384811792794168] [-0.003178331633074504, 0.004345792444073377]
	[-0.01392654600037535, -0.01392654600037535] [-0.004616276364114957, 0.0027708656529829975]
	[-0.01392654600037535, -0.01392654600037535] [-0.004616276364114957, 0.0027708656529829975]
	[-0.01392654600037535, -0.01392654600037535] [-0.004616276364114957, 0.0027708656529829975]
	[-0.01392654600037535, -0.01392654600037535] [-0.004616276364114957, 0.0027708656529829975]
	[-0.8430668355369316, -0.8430668355369316] [-0.005161440752804549, -0.0015320683052839742]
	[-0.8430668355369316, -0.8430668355369316] [-0.005161440752804549, -0.0015320683052839742]
	[-0.15864345871420282, -0.15864345871420282] [-0.00496761429569298, 0.0020761772915611123]
	[-0.35769391218312685, -0.35769391218312685] [-0.0052800681050684485, 0.0010528935096229732]
	[-0.5702979730522872, -0.5702979730522872] [-0.005383352980916374, -8.493891702920892e-05]
	[-0.6944354270553875, -0.6944354270553875] [-0.0053314101550681935, -0.0007508459863400977]
	[-0.6944354270553875, -0.6944354270553875] [-0.0053314101550681935, -0.0007508459863400977]
	[-0.6944354270553875, -0.6944354270553875] [-0.0053314101550681935, -0.0007508459863400977]
	[-0.6944354270553875, -0.6944354270553875] [-0.0053314101550681935, -0.0007508459863400977]
	[-0.6944354270553875, -0.6944354270553875] [-0.0053314101550681935, -0.0007508459863400977]
	[-1.501837091641975, -1.501837091641975] [-0.0031435388197345766, -0.004371025923692177]
	[-1.501837091641975, -1.501837091641975] [-0.0031435388197345766, -0.004371025923692177]
	[-1.2530523799150823, -1.2530523799150823] [-0.004123018124553629, -0.0034624305742309946]
	[-1.2530523799150823, -1.2530523799150823] [-0.004123018124553629, -0.0034624305742309946]
	[-0.9783607274715636, -0.9783607274715636] [-0.0049076264246809085, -0.0022142508467969456]
	[-0.9783607274715636, -0.9783607274715636] [-0.0049076264246809085, -0.0022142508467969456]
	[-1.1367401608760805, -1.1367401608760805] [-0.0044969759156686185, -0.00296055933071163]
	[-0.3709282180761474, -0.3709282180761474] [-0.0052935396261867195, 0.0009829253088400284]
	[-0.3709282180761474, -0.3709282180761474] [-0.0052935396261867195, 0.0009829253088400284]
	[-0.3709282180761474, -0.3709282180761474] [-0.0052935396261867195, 0.0009829253088400284]
	[-0.3709282180761474, -0.3709282180761474] [-0.0052935396261867195, 0.0009829253088400284]
	[0.036580495276712144, 0.036580495276712144] [-0.004470500911603455, 0.0030003875643189806]
	[0.036580495276712144, 0.036580495276712144] [-0.004470500911603455, 0.0030003875643189806]
	[0.036580495276712144, 0.036580495276712144] [-0.004470500911603455, 0.0030003875643189806]
	[0.036580495276712144, 0.036580495276712144] [-0.004470500911603455, 0.0030003875643189806]
	[0.036580495276712144, 0.036580495276712144] [-0.004470500911603455, 0.0030003875643189806]
	[0.349211510738019, 0.349211510738019] [-0.003330996527817048, 0.004229913245970663]
	[0.28731551373954994, 0.28731551373954994] [-0.003586265406123085, 0.00401576946220922]
