source:
	0.8447814290485803,0.6773565885596478
target:
	0.4460667222385153,0.524612416217025
points:
	[0, 0] [-0.00398714706810065, -0.001527441723426227]
	[0, 0] [-0.00398714706810065, -0.001527441723426227]
	[0, 0] [-0.00398714706810065, -0.001527441723426227]
	[0, 0] [-0.00398714706810065, -0.001527441723426227]
	[0.4644131078971658, 0.4644131078971658] [-0.002880708423285866, -0.003151497888486799]
	[0.471279484400726, 0.471279484400726] [-0.0028590013139768574, -0.003171203469947253]
	[0.7315113510895288, 0.7315113510895288] [-0.0019467744230781026, -0.003800064381925103]
	[1.1316663044549469, 1.1316663044549469] [-0.0003126233866497287, -0.0042582492387419684]
	[1.9277872608160864, 1.9277872608160864] [0.0028244748257892603, -0.0032019934290391074]
	[1.312966756160968, 1.312966756160968] [0.0004603005757827511, -0.004244825478280699]
	[1.312966756160968, 1.312966756160968] [0.0004603005757827511, -0.004244825478280699]
	[1.312966756160968, 1.312966756160968] [0.0004603005757827511, -0.004244825478280699]
	[1.917453653726685, 1.917453653726685] [0.0027912364704444394, -0.003231008964269175]
	[2.614267213585079, 2.614267213585079] [0.0042141625009442145, -0.000686479698725678]
	[2.337409103137346, 2.337409103137346] [0.003866044098662133, -0.0018122149398806396]
	[1.567420696659798, 1.567420696659798] [0.0015139739126925297, -0.0039922804201124665]
	[1.9411466980935996, 1.9411466980935996] [0.0028669983390411198, -0.0031639754242190877]
	[1.6217436554737374, 1.6217436554737374] [0.001728506441730982, -0.0039041881924442873]
	[1.6217436554737374, 1.6217436554737374] [0.001728506441730982, -0.0039041881924442873]
	[1.6217436554737374, 1.6217436554737374] [0.001728506441730982, -0.0039041881924442873]
	[1.6217436554737374, 1.6217436554737374] [0.001728506441730982, -0.0039041881924442873]
	[1.3019774516144536, 1.3019774516144536] [0.00041362604097209155, -0.004249627449477971]
	[1.3019774516144536, 1.3019774516144536] [0.00041362604097209155, -0.004249627449477971]
	[2.1732593148695947, 2.1732593148695947] [0.003517934792830895, -0.0024196187208973116]
	[2.013867171333138, 2.013867171333138] [0.0030893040037726694, -0.0029473073700245532]
	[1.5457529326475088, 1.5457529326475088] [0.0014271215059124317, -0.00402414514754241]
	[2.3892290218608094, 2.3892290218608094] [0.0039547213159018485, -0.0016095338687577984]
	[2.3892290218608094, 2.3892290218608094] [0.0039547213159018485, -0.0016095338687577984]
	[2.3892290218608094, 2.3892290218608094] [0.0039547213159018485, -0.0016095338687577984]
	[2.3892290218608094, 2.3892290218608094] [0.0039547213159018485, -0.0016095338687577984]
	[2.3892290218608094, 2.3892290218608094] [0.0039547213159018485, -0.0016095338687577984]
	[2.422702405498415, 2.422702405498415] [0.0040063724386656795, -0.0014762790535081465]
	[2.536863371614101, 2.536863371614101] [0.004148461409058039, -0.0010102909970315908]
	[2.900623213000219, 2.900623213000219] [0.004236461807179401, 0.0005318000728066331]
	[2.5211510203505414, 2.5211510203505414] [0.004132075943829033, -0.0010753456911878612]
	[3.3119021358349383, 3.3119021358349383] [0.0036705803945633188, 0.0021811142859039464]
	[2.8033409874917714, 2.8033409874917714] [0.004268084163651202, 0.00011780294188478122]
	[2.8033409874917714, 2.8033409874917714] [0.004268084163651202, 0.00011780294188478122]
	[3.6106153360754414, 3.6106153360754414] [0.0028661508053006773, 0.0031647432000718747]
	[3.337777286691054, 3.337777286691054] [0.0036129213295461905, 0.0022753503966723636]
	[3.9401870565438024, 3.9401870565438024] [0.0016876669275096567, 0.003922014826962923]
