source:
	0.754413215299706,0.5024641244291572
target:
	0.3688589043440541,0.8115746770090799
points:
	[0, 0] [-0.0038555431095565187, 0.0030911055257992277]
	[-0.49974743466928934, -0.49974743466928934] [-0.004865293895253577, 0.000865483306646375]
	[-0.49974743466928934, -0.49974743466928934] [-0.004865293895253577, 0.000865483306646375]
	[-0.49974743466928934, -0.49974743466928934] [-0.004865293895253577, 0.000865483306646375]
	[-0.49974743466928934, -0.49974743466928934] [-0.004865293895253577, 0.000865483306646375]
	[-0.49974743466928934, -0.49974743466928934] [-0.004865293895253577, 0.000865483306646375]
	[-0.49974743466928934, -0.49974743466928934] [-0.004865293895253577, 0.000865483306646375]
	[-0.9995815014586451, -0.9995815014586451] [-0.004684892832006173, -0.0015722357310188747]
	[-0.9995815014586451, -0.9995815014586451] [-0.004684892832006173, -0.0015722357310188747]
	[-1.1975835843553075, -1.1975835843553075] [-0.00428408145337563, -0.0024630858982419234]
	[-0.9327497015258681, -0.9327497015258681] [-0.004779431355007817, -0.0012558590542108658]
	[-0.9327497015258681, -0.9327497015258681] [-0.004779431355007817, -0.0012558590542108658]
	[-0.9327497015258681, -0.9327497015258681] [-0.004779431355007817, -0.0012558590542108658]
	[-1.5057335239025222, -1.5057335239025222] [-0.0033352407438708227, -0.0036464112798338132]
	[-1.5057335239025222, -1.5057335239025222] [-0.0033352407438708227, -0.0036464112798338132]
	[-1.2263522616015667, -1.2263522616015667] [-0.004211458794643343, -0.0025852970549429155]
	[-2.04854407720776, -2.04854407720776] [-0.0009723001699612337, -0.004845077751777428]
	[-2.04854407720776, -2.04854407720776] [-0.0009723001699612337, -0.004845077751777428]
	[-2.04854407720776, -2.04854407720776] [-0.0009723001699612337, -0.004845077751777428]
	[-2.04854407720776, -2.04854407720776] [-0.0009723001699612337, -0.004845077751777428]
	[-1.2579363633109417, -1.2579363633109417] [-0.004127717677327329, -0.002717000702531147]
	[-1.2579363633109417, -1.2579363633109417] [-0.004127717677327329, -0.002717000702531147]
	[-1.2579363633109417, -1.2579363633109417] [-0.004127717677327329, -0.002717000702531147]
	[-1.2579363633109417, -1.2579363633109417] [-0.004127717677327329, -0.002717000702531147]
	[-1.2579363633109417, -1.2579363633109417] [-0.004127717677327329, -0.002717000702531147]
	[-1.2579363633109417, -1.2579363633109417] [-0.004127717677327329, -0.002717000702531147]
	[-1.2579363633109417, -1.2579363633109417] [-0.004127717677327329, -0.002717000702531147]
	[-1.7698178027380664, -1.7698178027380664] [-0.0022678084179894825, -0.004390579804601132]
	[-1.472823740347928, -1.472823740347928] [-0.00345341572980132, -0.0035346945891315817]
	[-0.9067703167102431, -0.9067703167102431] [-0.004810441334339186, -0.0011312825509819807]
	[-1.6399073231205192, -1.6399073231205192] [-0.002817478034675635, -0.004059798463642695]
	[-1.0639997471240537, -1.0639997471240537] [-0.004573965084251867, -0.001870558592859383]
	[-1.0639997471240537, -1.0639997471240537] [-0.004573965084251867, -0.001870558592859383]
	[-1.2827942467858837, -1.2827942467858837] [-0.004058910523420102, -0.0028187570672452097]
	[-0.5993628362727216, -0.5993628362727216] [-0.00492724708837001, 0.000377335621727559]
	[-0.5592205564197269, -0.5592205564197269] [-0.004908134687531801, 0.0005747694584112648]
	[-0.5592205564197269, -0.5592205564197269] [-0.004908134687531801, 0.0005747694584112648]
	[-0.5592205564197269, -0.5592205564197269] [-0.004908134687531801, 0.0005747694584112648]
	[-1.3720171111476411, -1.3720171111476411] [-0.003791601285524121, -0.0031692121628075173]
	[-1.3720171111476411, -1.3720171111476411] [-0.003791601285524121, -0.0031692121628075173]
	[-1.3720171111476411, -1.3720171111476411] [-0.003791601285524121, -0.0031692121628075173]
	[-1.7288580394289974, -1.7288580394289974] [-0.0024456931586268106, -0.004294034351879509]
	[-2.293764011720657, -2.293764011720657] [0.00023302520818328497, -0.0049361771943100255]
	[-2.293764011720657, -2.293764011720657] [0.00023302520818328497, -0.0049361771943100255]
	[-2.293764011720657, -2.293764011720657] [0.00023302520818328497, -0.0049361771943100255]
