source:
	0.49979582751485063,0.9240069621719461
target:
	0.3453968081923816,0.38688126807252887
points:
	[0.5305188898324784, 0.5305188898324784] [0.0013859933609865897, -0.00541417853845375]
	[1.3002487969140786, 1.3002487969140786] [0.004763230489843795, -0.0029233443422858234]
	[1.1790494964279894, 1.1790494964279894] [0.004374848595856084, -0.003477787602239122]
	[1.1790494964279894, 1.1790494964279894] [0.004374848595856084, -0.003477787602239122]
	[1.365202807884331, 1.365202807884331] [0.004942935379866473, -0.0026080062640677026]
	[1.365202807884331, 1.365202807884331] [0.004942935379866473, -0.0026080062640677026]
	[1.5272578490601765, 1.5272578490601765] [0.005298965123678802, -0.0017763095059667347]
	[2.103961149437971, 2.103961149437971] [0.005410492345209866, 0.0014003140452689626]
	[2.447828746988895, 2.447828746988895] [0.004621661376847443, 0.003142380142616213]
	[2.6043354915396466, 2.6043354915396466] [0.004075376090170959, 0.003824345246786037]
	[2.6043354915396466, 2.6043354915396466] [0.004075376090170959, 0.003824345246786037]
	[2.6043354915396466, 2.6043354915396466] [0.004075376090170959, 0.003824345246786037]
	[2.1312991952698637, 2.1312991952698637] [0.005370193573392938, 0.0015476846666040475]
	[2.855300500431816, 2.855300500431816] [0.0029979741824485307, 0.004716615062131333]
	[2.4292754038332935, 2.4292754038332935] [0.004679164262746713, 0.0030560969626610515]
	[2.4292754038332935, 2.4292754038332935] [0.004679164262746713, 0.0030560969626610515]
	[2.545698236852504, 2.545698236852504] [0.004292492479652924, 0.0035789405073394526]
	[2.5846208504414605, 2.5846208504414605] [0.00414997484367933, 0.003743262699808926]
	[1.8865868547952815, 1.8865868547952815] [0.005585168488208377, 0.00020049888098499607]
	[1.8347110474157198, 1.8347110474157198] [0.005588051428544221, -8.937603088623318e-05]
	[0.9893974648350454, 0.9893974648350454] [0.0036407843893157283, -0.0042401646045250405]
	[0.9893974648350454, 0.9893974648350454] [0.0036407843893157283, -0.0042401646045250405]
	[1.3555018251908102, 1.3555018251908102] [0.00491740296737238, -0.0026558341249839764]
	[1.5579344647063398, 1.5579344647063398] [0.005350954628914916, -0.0016129449470599186]
	[1.5579344647063398, 1.5579344647063398] [0.005350954628914916, -0.0016129449470599186]
	[1.5342710323288078, 1.5342710323288078] [0.005311292292090055, -0.0017391035135772863]
	[1.8880284969391463, 1.8880284969391463] [0.005584873636755484, 0.0002085504841175333]
	[1.3918295536545204, 1.3918295536545204] [0.00501061776777955, -0.0024754830696581145]
	[1.2829270516516118, 1.2829270516516118] [0.004711881027247332, -0.003005409128225093]
	[1.7086207304146956, 1.7086207304146956] [0.005532449070583419, -0.0007914001038367083]
	[1.7086207304146956, 1.7086207304146956] [0.005532449070583419, -0.0007914001038367083]
	[1.7086207304146956, 1.7086207304146956] [0.005532449070583419, -0.0007914001038367083]
	[1.5665637534156749, 1.5665637534156749] [0.00536467379662089, -0.0015667105344642626]
	[1.9770854975117862, 1.9770854975117862] [0.005544192697575365, 0.0007044389079998983]
	[2.3321318462594234, 2.3321318462594234] [0.004953516700512347, 0.002587852225436637]
	[2.0633173717286994, 2.0633173717286994] [0.005462922503643859, 0.0011793152937758463]
	[2.854462255124418, 2.854462255124418] [0.003001926809157152, 0.004714100367558549]
	[2.8157750217355213, 2.8157750217355213] [0.00318201060527956, 0.00459446573072871]
	[2.057315877316157, 2.057315877316157] [0.005469901734004042, 0.0011465085535187576]
	[2.057315877316157, 2.057315877316157] [0.005469901734004042, 0.0011465085535187576]
	[2.057315877316157, 2.057315877316157] [0.005469901734004042, 0.0011465085535187576]
	[2.314583314606054, 2.314583314606054] [0.004998164675864312, 0.0025005312867257407]
	[1.4671901425138074, 1.4671901425138074] [0.005182773636020147, -0.002091211199455137]
	[1.4671901425138074, 1.4671901425138074] [0.005182773636020147, -0.002091211199455137]
	[1.4671901425138074, 1.4671901425138074] [0.005182773636020147, -0.002091211199455137]
	[0.846631337071731, 0.846631337071731] [0.003000446250116488, -0.00471504285697532]
	[1.0845651554723041, 1.0845651554723041] [0.004027227571413442, -0.0038750154749367756]
	[1.054209156139546, 1.054209156139546] [0.003907760293319634, -0.003995461967395828]
	[0.20414741148961812, 0.20414741148961812] [-0.00042300044122765113, -0.005572735187470629]
	[0.33435838287735986, 0.33435838287735986] [0.0003041629585546503, -0.005580483109695376]
	[0.6808764629096964, 0.6808764629096964] [0.0021813549049039004, -0.005145483225296122]
	[1.0444636448979945, 1.0444636448979945] [0.0038686375218739896, -0.004033354753465255]
	[1.0444636448979945, 1.0444636448979945] [0.0038686375218739896, -0.004033354753465255]
	[1.0444636448979945, 1.0444636448979945] [0.0038686375218739896, -0.004033354753465255]
	[1.0444636448979945, 1.0444636448979945] [0.0038686375218739896, -0.004033354753465255]
	[1.0444636448979945, 1.0444636448979945] [0.0038686375218739896, -0.004033354753465255]
