source:
	0.6863807226498331,0.9155009359688214
target:
	0.31042039942241306,0.18775600730977726
points:
	[0, 0] [-0.0037596032322742, -0.0072774492865904416]
	[-0.5446071169800316, -0.5446071169800316] [-0.006986020929077751, -0.004276844182514717]
	[-0.5446071169800316, -0.5446071169800316] [-0.006986020929077751, -0.004276844182514717]
	[-0.5446071169800316, -0.5446071169800316] [-0.006986020929077751, -0.004276844182514717]
	[-0.22975660745585158, -0.22975660745585158] [-0.005318178014458878, -0.006229997366736888]
	[-0.22975660745585158, -0.22975660745585158] [-0.005318178014458878, -0.006229997366736888]
	[-0.22975660745585158, -0.22975660745585158] [-0.005318178014458878, -0.006229997366736888]
	[-0.21845302630908217, -0.21845302630908217] [-0.0052474184826001346, -0.006289712541244539]
	[-0.21845302630908217, -0.21845302630908217] [-0.0052474184826001346, -0.006289712541244539]
	[-0.21845302630908217, -0.21845302630908217] [-0.0052474184826001346, -0.006289712541244539]
	[-0.21845302630908217, -0.21845302630908217] [-0.0052474184826001346, -0.006289712541244539]
	[0.02964719006334668, 0.02964719006334668] [-0.0035422267737027155, -0.007385696586422028]
	[0.6645847915722762, 0.6645847915722762] [0.0015287804897711097, -0.00804727996264064]
	[0.6645847915722762, 0.6645847915722762] [0.0015287804897711097, -0.00804727996264064]
	[-0.08841423871674936, -0.08841423871674936] [-0.004387510422539873, -0.006917054060445554]
	[-0.08841423871674936, -0.08841423871674936] [-0.004387510422539873, -0.006917054060445554]
	[-0.08841423871674936, -0.08841423871674936] [-0.004387510422539873, -0.006917054060445554]
	[-0.08841423871674936, -0.08841423871674936] [-0.004387510422539873, -0.006917054060445554]
	[-0.08841423871674936, -0.08841423871674936] [-0.004387510422539873, -0.006917054060445554]
	[-0.4499057608357097, -0.4499057608357097] [-0.006550299987121787, -0.004918277611291848]
	[-0.4499057608357097, -0.4499057608357097] [-0.006550299987121787, -0.004918277611291848]
	[-0.4499057608357097, -0.4499057608357097] [-0.006550299987121787, -0.004918277611291848]
	[-0.4499057608357097, -0.4499057608357097] [-0.006550299987121787, -0.004918277611291848]
	[-0.4499057608357097, -0.4499057608357097] [-0.006550299987121787, -0.004918277611291848]
	[-0.4499057608357097, -0.4499057608357097] [-0.006550299987121787, -0.004918277611291848]
	[-1.0659713766512835, -1.0659713766512835] [-0.008188002107723724, -0.00022914202350113528]
	[-1.0659713766512835, -1.0659713766512835] [-0.008188002107723724, -0.00022914202350113528]
	[-0.2855407234962034, -0.2855407234962034] [-0.005657260104108615, -0.005923790399523209]
	[-0.2855407234962034, -0.2855407234962034] [-0.005657260104108615, -0.005923790399523209]
	[-0.2855407234962034, -0.2855407234962034] [-0.005657260104108615, -0.005923790399523209]
	[-0.2855407234962034, -0.2855407234962034] [-0.005657260104108615, -0.005923790399523209]
	[-0.2855407234962034, -0.2855407234962034] [-0.005657260104108615, -0.005923790399523209]
	[-0.2971518447723184, -0.2971518447723184] [-0.005725659061005093, -0.005857705429615987]
	[-0.2971518447723184, -0.2971518447723184] [-0.005725659061005093, -0.005857705429615987]
	[-0.2971518447723184, -0.2971518447723184] [-0.005725659061005093, -0.005857705429615987]
	[-0.2971518447723184, -0.2971518447723184] [-0.005725659061005093, -0.005857705429615987]
	[-0.667511510622949, -0.667511510622949] [-0.007457644270522992, -0.0033881302391375]
	[-0.667511510622949, -0.667511510622949] [-0.007457644270522992, -0.0033881302391375]
	[-0.667511510622949, -0.667511510622949] [-0.007457644270522992, -0.0033881302391375]
	[-0.667511510622949, -0.667511510622949] [-0.007457644270522992, -0.0033881302391375]
	[-0.2829125458656733, -0.2829125458656733] [-0.005641671810380651, -0.005938638208123025]
	[-0.7050041369769886, -0.7050041369769886] [-0.007579403432558304, -0.0031062080080937514]
	[-0.8519072547248295, -0.8519072547248295] [-0.007952438818325957, -0.0019633138882524143]
	[-0.8519072547248295, -0.8519072547248295] [-0.007952438818325957, -0.0019633138882524143]
	[-0.8519072547248295, -0.8519072547248295] [-0.007952438818325957, -0.0019633138882524143]
	[-0.8519072547248295, -0.8519072547248295] [-0.007952438818325957, -0.0019633138882524143]
	[-0.8519072547248295, -0.8519072547248295] [-0.007952438818325957, -0.0019633138882524143]
	[-0.8519072547248295, -0.8519072547248295] [-0.007952438818325957, -0.0019633138882524143]
	[-0.8519072547248295, -0.8519072547248295] [-0.007952438818325957, -0.0019633138882524143]
	[-0.8519072547248295, -0.8519072547248295] [-0.007952438818325957, -0.0019633138882524143]
	[-0.8069342332474955, -0.8069342332474955] [-0.007856131584616935, -0.002318853403776646]
	[-1.481958274982006, -1.481958274982006] [-0.007582307301169028, 0.0030991128688160397]
	[-0.8310308868038833, -0.8310308868038833] [-0.007909722068461845, -0.002128892055203842]
	[-0.8310308868038833, -0.8310308868038833] [-0.007909722068461845, -0.002128892055203842]
	[-0.23500092914212078, -0.23500092914212078] [-0.0053507768424739454, -0.006202021586955893]
	[-0.23500092914212078, -0.23500092914212078] [-0.0053507768424739454, -0.006202021586955893]
	[-0.9533095510260272, -0.9533095510260272] [-0.008110332192268177, -0.001148214402487969]
	[-0.9533095510260272, -0.9533095510260272] [-0.008110332192268177, -0.001148214402487969]
	[-0.9533095510260272, -0.9533095510260272] [-0.008110332192268177, -0.001148214402487969]
	[-0.9533095510260272, -0.9533095510260272] [-0.008110332192268177, -0.001148214402487969]
	[-0.9533095510260272, -0.9533095510260272] [-0.008110332192268177, -0.001148214402487969]
	[-0.22399696651878287, -0.22399696651878287] [-0.005282207454029797, -0.006260524658174777]
	[-0.22399696651878287, -0.22399696651878287] [-0.005282207454029797, -0.006260524658174777]
	[0.37539945632555616, 0.37539945632555616] [-0.0008295545668530899, -0.008149093434464691]
	[0.37539945632555616, 0.37539945632555616] [-0.0008295545668530899, -0.008149093434464691]
