source:
	0.5069778788272085,0.01453911350864745
target:
	0.2980133907649597,0.7816561235541009
points:
	[0, 0] [-0.0020896448806224867, 0.007671170100454534]
	[0, 0] [-0.0020896448806224867, 0.007671170100454534]
	[0, 0] [-0.0020896448806224867, 0.007671170100454534]
	[0, 0] [-0.0020896448806224867, 0.007671170100454534]
	[0, 0] [-0.0020896448806224867, 0.007671170100454534]
	[0, 0] [-0.0020896448806224867, 0.007671170100454534]
	[0, 0] [-0.0020896448806224867, 0.007671170100454534]
	[0, 0] [-0.0020896448806224867, 0.007671170100454534]
	[0, 0] [-0.0020896448806224867, 0.007671170100454534]
	[0, 0] [-0.0020896448806224867, 0.007671170100454534]
	[0, 0] [-0.0020896448806224867, 0.007671170100454534]
	[0, 0] [-0.0020896448806224867, 0.007671170100454534]
	[-0.7220859507523514, -0.7220859507523514] [-0.006638400511801489, 0.004375511979429735]
	[-0.7220859507523514, -0.7220859507523514] [-0.006638400511801489, 0.004375511979429735]
	[-0.7220859507523514, -0.7220859507523514] [-0.006638400511801489, 0.004375511979429735]
	[-0.2394900257468145, -0.2394900257468145] [-0.0038496615470796696, 0.0069565488864921764]
	[-0.2394900257468145, -0.2394900257468145] [-0.0038496615470796696, 0.0069565488864921764]
	[-0.2394900257468145, -0.2394900257468145] [-0.0038496615470796696, 0.0069565488864921764]
	[-0.13520718258751496, -0.13520718258751496] [-0.003104613599746278, 0.007319483645277845]
	[-0.13520718258751496, -0.13520718258751496] [-0.003104613599746278, 0.007319483645277845]
	[-0.13520718258751496, -0.13520718258751496] [-0.003104613599746278, 0.007319483645277845]
	[-0.8907660010763302, -0.8907660010763302] [-0.007278749707568881, 0.003198948128961348]
	[-0.38289524789250173, -0.38289524789250173] [-0.004804334732688843, 0.006334969156475745]
	[-0.38289524789250173, -0.38289524789250173] [-0.004804334732688843, 0.006334969156475745]
	[-0.38289524789250173, -0.38289524789250173] [-0.004804334732688843, 0.006334969156475745]
	[-0.38289524789250173, -0.38289524789250173] [-0.004804334732688843, 0.006334969156475745]
	[-0.38289524789250173, -0.38289524789250173] [-0.004804334732688843, 0.006334969156475745]
	[-0.38289524789250173, -0.38289524789250173] [-0.004804334732688843, 0.006334969156475745]
	[-0.38289524789250173, -0.38289524789250173] [-0.004804334732688843, 0.006334969156475745]
	[-0.38289524789250173, -0.38289524789250173] [-0.004804334732688843, 0.006334969156475745]
	[-0.38289524789250173, -0.38289524789250173] [-0.004804334732688843, 0.006334969156475745]
	[0.11923492890579179, 0.11923492890579179] [-0.0011623026107225219, 0.007865272981805971]
	[0.11923492890579179, 0.11923492890579179] [-0.0011623026107225219, 0.007865272981805971]
	[0.41826671417360034, 0.41826671417360034] [0.0012063487192676425, 0.007858637872095946]
	[0.2814315836108464, 0.2814315836108464] [0.00012308744691755025, 0.0079497368458101]
	[0.2814315836108464, 0.2814315836108464] [0.00012308744691755025, 0.0079497368458101]
	[-0.06377077219007687, -0.06377077219007687] [-0.0025742622672632227, 0.007522409202945835]
	[-0.06377077219007687, -0.06377077219007687] [-0.0025742622672632227, 0.007522409202945835]
	[-0.09523937312225003, -0.09523937312225003] [-0.002809668387111463, 0.007437689828951316]
	[-0.09523937312225003, -0.09523937312225003] [-0.002809668387111463, 0.007437689828951316]
	[-0.09523937312225003, -0.09523937312225003] [-0.002809668387111463, 0.007437689828951316]
	[0.1577590602062511, 0.1577590602062511] [-0.000858512359239995, 0.007904202867225232]
	[0.1577590602062511, 0.1577590602062511] [-0.000858512359239995, 0.007904202867225232]
	[0.5544381568324069, 0.5544381568324069] [0.002261999502201035, 0.007622127307337607]
	[0.5544381568324069, 0.5544381568324069] [0.002261999502201035, 0.007622127307337607]
	[0.5544381568324069, 0.5544381568324069] [0.002261999502201035, 0.007622127307337607]
	[1.2650170047323726, 1.2650170047323726] [0.006686265503427613, 0.004302013488460174]
	[1.1511435915607784, 1.1511435915607784] [0.00615413449999522, 0.0050338946148273675]
	[1.1511435915607784, 1.1511435915607784] [0.00615413449999522, 0.0050338946148273675]
	[1.1511435915607784, 1.1511435915607784] [0.00615413449999522, 0.0050338946148273675]
	[1.1511435915607784, 1.1511435915607784] [0.00615413449999522, 0.0050338946148273675]
	[1.1511435915607784, 1.1511435915607784] [0.00615413449999522, 0.0050338946148273675]
	[1.1511435915607784, 1.1511435915607784] [0.00615413449999522, 0.0050338946148273675]
	[1.1511435915607784, 1.1511435915607784] [0.00615413449999522, 0.0050338946148273675]
	[0.30459123775333263, 0.30459123775333263] [0.0003071511357433467, 0.007944754534724843]
	[0.30459123775333263, 0.30459123775333263] [0.0003071511357433467, 0.007944754534724843]
	[0.30459123775333263, 0.30459123775333263] [0.0003071511357433467, 0.007944754534724843]
	[0.30459123775333263, 0.30459123775333263] [0.0003071511357433467, 0.007944754534724843]
	[0.30459123775333263, 0.30459123775333263] [0.0003071511357433467, 0.007944754534724843]
	[-0.13505659056078162, -0.13505659056078162] [-0.0031035113086705112, 0.007319951092334813]
	[-0.13505659056078162, -0.13505659056078162] [-0.0031035113086705112, 0.007319951092334813]
	[-0.13505659056078162, -0.13505659056078162] [-0.0031035113086705112, 0.007319951092334813]
