source:
	0.1763385915821022,0.6416782560974714
target:
	0.8481231748079099,0.22793138316053918
points:
	[0, 0] [0.006717845832258077, -0.004137468729369323]
	[0.4950869607711523, 0.4950869607711523] [0.003945471393569112, -0.006832375545520314]
	[0.4950869607711523, 0.4950869607711523] [0.003945471393569112, -0.006832375545520314]
	[1.0782358320880892, 1.0782358320880892] [-0.00046886805874452145, -0.007875802362679332]
	[1.0782358320880892, 1.0782358320880892] [-0.00046886805874452145, -0.007875802362679332]
	[1.0782358320880892, 1.0782358320880892] [-0.00046886805874452145, -0.007875802362679332]
	[1.0782358320880892, 1.0782358320880892] [-0.00046886805874452145, -0.007875802362679332]
	[1.0782358320880892, 1.0782358320880892] [-0.00046886805874452145, -0.007875802362679332]
	[1.321243656651299, 1.321243656651299] [-0.0023501925253300643, -0.007531579861249491]
	[1.321243656651299, 1.321243656651299] [-0.0023501925253300643, -0.007531579861249491]
	[1.321243656651299, 1.321243656651299] [-0.0023501925253300643, -0.007531579861249491]
	[1.321243656651299, 1.321243656651299] [-0.0023501925253300643, -0.007531579861249491]
	[1.321243656651299, 1.321243656651299] [-0.0023501925253300643, -0.007531579861249491]
	[1.321243656651299, 1.321243656651299] [-0.0023501925253300643, -0.007531579861249491]
	[1.321243656651299, 1.321243656651299] [-0.0023501925253300643, -0.007531579861249491]
	[1.321243656651299, 1.321243656651299] [-0.0023501925253300643, -0.007531579861249491]
	[0.5894131714663989, 0.5894131714663989] [0.003284415289191677, -0.007173612501426333]
	[0.5894131714663989, 0.5894131714663989] [0.003284415289191677, -0.007173612501426333]
	[0.5894131714663989, 0.5894131714663989] [0.003284415289191677, -0.007173612501426333]
	[0.5886503682955418, 0.5886503682955418] [0.0032898863874744532, -0.007171105052222182]
	[0.5886503682955418, 0.5886503682955418] [0.0032898863874744532, -0.007171105052222182]
	[0.10650133502254655, 0.10650133502254655] [0.006239969722741935, -0.004828134005157702]
	[0.12230593147293108, 0.12230593147293108] [0.0061628868798218285, -0.004926147117069909]
	[0.12230593147293108, 0.12230593147293108] [0.0061628868798218285, -0.004926147117069909]
	[0.12230593147293108, 0.12230593147293108] [0.0061628868798218285, -0.004926147117069909]
	[0.12230593147293108, 0.12230593147293108] [0.0061628868798218285, -0.004926147117069909]
	[0.6161132674997285, 0.6161132674997285] [0.0030917312509362257, -0.007258739421172284]
	[0.6161132674997285, 0.6161132674997285] [0.0030917312509362257, -0.007258739421172284]
	[0.6161132674997285, 0.6161132674997285] [0.0030917312509362257, -0.007258739421172284]
	[0.6161132674997285, 0.6161132674997285] [0.0030917312509362257, -0.007258739421172284]
	[0.18505448930909574, 0.18505448930909574] [0.005841852221051551, -0.005302910779929385]
	[0.10410048335603629, 0.10410048335603629] [0.006251543361317566, -0.004813138862952373]
	[0.38897737894405976, 0.38897737894405976] [0.004646901537228737, -0.006376080788054477]
	[0.38897737894405976, 0.38897737894405976] [0.004646901537228737, -0.006376080788054477]
	[-0.405956445058511, -0.405956445058511] [0.007805730397414965, -0.0011483349142859926]
	[-0.405956445058511, -0.405956445058511] [0.007805730397414965, -0.0011483349142859926]
	[-0.405956445058511, -0.405956445058511] [0.007805730397414965, -0.0011483349142859926]
	[-0.7022376063962221, -0.7022376063962221] [0.007800900019285518, 0.001180702757516644]
	[0.13572188879341518, 0.13572188879341518] [0.006096245268614831, -0.005008382347364017]
	[0.13572188879341518, 0.13572188879341518] [0.006096245268614831, -0.005008382347364017]
	[0.13572188879341518, 0.13572188879341518] [0.006096245268614831, -0.005008382347364017]
	[0.3811462502463553, 0.3811462502463553] [0.004696690447556149, -0.006339495165415859]
	[0.3811462502463553, 0.3811462502463553] [0.004696690447556149, -0.006339495165415859]
	[0.029291756065073726, 0.029291756065073726] [0.00659378766438276, -0.004332443230964482]
	[-0.4851426588899681, -0.4851426588899681] [0.007872107729079366, -0.000527276032325705]
	[-0.4851426588899681, -0.4851426588899681] [0.007872107729079366, -0.000527276032325705]
	[-0.9213817139489902, -0.9213817139489902] [0.007357654677432703, 0.0028483359633563027]
	[-0.9213817139489902, -0.9213817139489902] [0.007357654677432703, 0.0028483359633563027]
	[-1.3843324210492836, -1.3843324210492836] [0.0053111391127483665, 0.005834372411624981]
	[-1.3843324210492836, -1.3843324210492836] [0.0053111391127483665, 0.005834372411624981]
	[-1.67562493230729, -1.67562493230729] [0.0034118228109105203, 0.0071138994383844675]
	[-1.67562493230729, -1.67562493230729] [0.0034118228109105203, 0.0071138994383844675]
	[-1.5731300422835277, -1.5731300422835277] [0.004121779935937048, 0.006727483204899362]
	[-1.5731300422835277, -1.5731300422835277] [0.004121779935937048, 0.006727483204899362]
	[-1.5731300422835277, -1.5731300422835277] [0.004121779935937048, 0.006727483204899362]
	[-1.4140247805975763, -1.4140247805975763] [0.005135587209183655, 0.005989477784361958]
	[-1.4140247805975763, -1.4140247805975763] [0.005135587209183655, 0.005989477784361958]
	[-1.4140247805975763, -1.4140247805975763] [0.005135587209183655, 0.005989477784361958]
	[-1.4140247805975763, -1.4140247805975763] [0.005135587209183655, 0.005989477784361958]
	[-1.47404074135139, -1.47404074135139] [0.0047670925001358395, 0.006286726430157817]
	[-1.47404074135139, -1.47404074135139] [0.0047670925001358395, 0.006286726430157817]
	[-1.90818030955175, -1.90818030955175] [0.0016804749035950648, 0.007708703147150198]
	[-2.3056803187302206, -2.3056803187302206] [-0.0014346995793466475, 0.007758204510678922]
	[-2.3056803187302206, -2.3056803187302206] [-0.0014346995793466475, 0.007758204510678922]
	[-2.3056803187302206, -2.3056803187302206] [-0.0014346995793466475, 0.007758204510678922]
	[-2.3056803187302206, -2.3056803187302206] [-0.0014346995793466475, 0.007758204510678922]
	[-2.3765527237078246, -2.3765527237078246] [-0.001980480339649416, 0.007637132821730832]
	[-2.3765527237078246, -2.3765527237078246] [-0.001980480339649416, 0.007637132821730832]
	[-2.3765527237078246, -2.3765527237078246] [-0.001980480339649416, 0.007637132821730832]
