source:
	0.7973555255863908,0.03424660501479593
target:
	0.9051772905448022,0.5533691353945713
points:
	[0.7369377489496105, 0.7369377489496105] [-0.002690172319472288, 0.004568845187376113]
	[0.7369377489496105, 0.7369377489496105] [-0.002690172319472288, 0.004568845187376113]
	[1.255771081436801, 1.255771081436801] [-0.004601682148639774, 0.002633608713828767]
	[1.2866153149182422, 1.2866153149182422] [-0.004680712141005352, 0.0024904431950377556]
	[1.2866153149182422, 1.2866153149182422] [-0.004680712141005352, 0.0024904431950377556]
	[1.2866153149182422, 1.2866153149182422] [-0.004680712141005352, 0.0024904431950377556]
	[0.6795846250386646, 0.6795846250386646] [-0.002423855120635348, 0.004715538125053659]
	[0.6795846250386646, 0.6795846250386646] [-0.002423855120635348, 0.004715538125053659]
	[0.6795846250386646, 0.6795846250386646] [-0.002423855120635348, 0.004715538125053659]
	[1.2914214908769517, 1.2914214908769517] [-0.004692627542587747, 0.00246791819175832]
	[1.2914214908769517, 1.2914214908769517] [-0.004692627542587747, 0.00246791819175832]
	[1.2914214908769517, 1.2914214908769517] [-0.004692627542587747, 0.00246791819175832]
	[2.146162628302312, 2.146162628302312] [-0.004942105563536463, -0.0019201474041142571]
	[2.462000845143032, 2.462000845143032] [-0.004101227600821455, -0.003360253803051946]
	[2.462000845143032, 2.462000845143032] [-0.004101227600821455, -0.003360253803051946]
	[2.178661715471874, 2.178661715471874] [-0.004877103836828773, -0.0020797191203272714]
	[2.178661715471874, 2.178661715471874] [-0.004877103836828773, -0.0020797191203272714]
	[1.415734904101117, 1.415734904101117] [-0.004962420443275436, 0.0018670181570693938]
	[0.7654390016362133, 0.7654390016362133] [-0.002819279933257816, 0.0044903267267087125]
	[0.7654390016362133, 0.7654390016362133] [-0.002819279933257816, 0.0044903267267087125]
	[0.7654390016362133, 0.7654390016362133] [-0.002819279933257816, 0.0044903267267087125]
	[0.7654390016362133, 0.7654390016362133] [-0.002819279933257816, 0.0044903267267087125]
	[1.6271571580767552, 1.6271571580767552] [-0.0052437194856049165, 0.0007840787020140813]
	[1.5055909185432998, 1.5055909185432998] [-0.00510993751723834, 0.0014141824580247218]
	[0.9227412217395845, 0.9227412217395845] [-0.003487900708487593, 0.003993234541370757]
	[1.014311570011525, 1.014311570011525] [-0.0038384387472211686, 0.003657562226196017]
	[1.6813406561435191, 1.6813406561435191] [-0.005278487319897666, 0.0004989439531092962]
	[1.6813406561435191, 1.6813406561435191] [-0.005278487319897666, 0.0004989439531092962]
	[1.2343433322382185, 1.2343433322382185] [-0.004544197772841787, 0.0027316002738256777]
	[2.0643396498641513, 2.0643396498641513] [-0.005082508020919475, -0.0015097965664134958]
	[2.0643396498641513, 2.0643396498641513] [-0.005082508020919475, -0.0015097965664134958]
	[2.0643396498641513, 2.0643396498641513] [-0.005082508020919475, -0.0015097965664134958]
	[1.5848255910483733, 1.5848255910483733] [-0.00520584054716161, 0.0010052848612173999]
	[1.0135590454307923, 1.0135590454307923] [-0.00383568525515926, 0.00366044970980597]
	[1.206598818835975, 1.206598818835975] [-0.004466671720830747, 0.002856609387542452]
	[0.9243782654794742, 0.9243782654794742] [-0.0034944331315428486, 0.003987519347143085]
	[0.2208460835749555, 0.2208460835749555] [-8.513468755517912e-05, 0.005301332430591357]
	[0.4894924702680712, 0.4894924702680712] [-0.0014891957434500628, 0.005088582267425279]
	[0.4894924702680712, 0.4894924702680712] [-0.0014891957434500628, 0.005088582267425279]
	[0.4894924702680712, 0.4894924702680712] [-0.0014891957434500628, 0.005088582267425279]
	[0.17855154563207237, 0.17855154563207237] [0.00013909201063396558, 0.005300191210441617]
	[0.0920294327949842, 0.0920294327949842] [0.0005965834992938305, 0.005268345241443]
	[0.0920294327949842, 0.0920294327949842] [0.0005965834992938305, 0.005268345241443]
	[0.09846971883433596, 0.09846971883433596] [0.0005626417112470876, 0.0052720781253154545]
	[0.09846971883433596, 0.09846971883433596] [0.0005626417112470876, 0.0052720781253154545]
	[-0.6256189557156032, -0.6256189557156032] [0.003913981028743484, 0.0035766081643508097]
	[-0.6256189557156032, -0.6256189557156032] [0.003913981028743484, 0.0035766081643508097]
	[-0.6256189557156032, -0.6256189557156032] [0.003913981028743484, 0.0035766081643508097]
