source:
	0.7474676419489353,0.2800101921514744
target:
	0.2584768679453484,0.5741476123676934
points:
	[0, 0] [-0.004889907740035869, 0.0029413742021621907]
	[-0.7078697537479243, -0.7078697537479243] [-0.005627632058460389, -0.0009447948548742523]
	[-0.7078697537479243, -0.7078697537479243] [-0.005627632058460389, -0.0009447948548742523]
	[-0.21636920766107282, -0.21636920766107282] [-0.005407360189530675, 0.0018230018332099274]
	[-0.21636920766107282, -0.21636920766107282] [-0.005407360189530675, 0.0018230018332099274]
	[-0.8353642423409754, -0.8353642423409754] [-0.005461825768747199, -0.0016526763673076015]
	[-0.8353642423409754, -0.8353642423409754] [-0.005461825768747199, -0.0016526763673076015]
	[-0.8353642423409754, -0.8353642423409754] [-0.005461825768747199, -0.0016526763673076015]
	[-0.8353642423409754, -0.8353642423409754] [-0.005461825768747199, -0.0016526763673076015]
	[-0.8353642423409754, -0.8353642423409754] [-0.005461825768747199, -0.0016526763673076015]
	[-0.8353642423409754, -0.8353642423409754] [-0.005461825768747199, -0.0016526763673076015]
	[-1.68435018398965, -1.68435018398965] [-0.0023683554881589446, -0.005191702243476159]
	[-1.68435018398965, -1.68435018398965] [-0.0023683554881589446, -0.005191702243476159]
	[-2.141218912425043, -2.141218912425043] [0.00016481556953137628, -0.005704008742213499]
	[-2.141218912425043, -2.141218912425043] [0.00016481556953137628, -0.005704008742213499]
	[-2.141218912425043, -2.141218912425043] [0.00016481556953137628, -0.005704008742213499]
	[-2.141218912425043, -2.141218912425043] [0.00016481556953137628, -0.005704008742213499]
	[-2.1846714766357533, -2.1846714766357533] [0.0004124358147695914, -0.005691465242088658]
	[-1.65088721035323, -1.65088721035323] [-0.0025407269786584343, -0.005109558329555027]
	[-1.65088721035323, -1.65088721035323] [-0.0025407269786584343, -0.005109558329555027]
	[-1.65088721035323, -1.65088721035323] [-0.0025407269786584343, -0.005109558329555027]
	[-1.65088721035323, -1.65088721035323] [-0.0025407269786584343, -0.005109558329555027]
	[-2.2752021374662403, -2.2752021374662403] [0.0009252954285072105, -0.005630871004843889]
	[-2.2752021374662403, -2.2752021374662403] [0.0009252954285072105, -0.005630871004843889]
	[-2.2752021374662403, -2.2752021374662403] [0.0009252954285072105, -0.005630871004843889]
	[-2.2752021374662403, -2.2752021374662403] [0.0009252954285072105, -0.005630871004843889]
	[-2.3146335471898802, -2.3146335471898802] [0.0011465518289845808, -0.005590017782320561]
	[-1.9486034654288622, -1.9486034654288622] [-0.0009301315258161234, -0.005630074177832024]
	[-2.6036916430406443, -2.6036916430406443] [0.002692416503322076, -0.005031279486954278]
	[-2.6036916430406443, -2.6036916430406443] [0.002692416503322076, -0.005031279486954278]
	[-2.6036916430406443, -2.6036916430406443] [0.002692416503322076, -0.005031279486954278]
	[-2.6036916430406443, -2.6036916430406443] [0.002692416503322076, -0.005031279486954278]
	[-2.6036916430406443, -2.6036916430406443] [0.002692416503322076, -0.005031279486954278]
	[-2.6036916430406443, -2.6036916430406443] [0.002692416503322076, -0.005031279486954278]
	[-2.6036916430406443, -2.6036916430406443] [0.002692416503322076, -0.005031279486954278]
	[-2.9466943079998273, -2.9466943079998273] [0.004227682338096779, -0.0038326990426268167]
	[-2.9466943079998273, -2.9466943079998273] [0.004227682338096779, -0.0038326990426268167]
	[-2.3573058328603773, -2.3573058328603773] [0.001383974544315541, -0.005536017915785186]
	[-2.6610824610224544, -2.6610824610224544] [0.0029765744682034045, -0.004868560807717985]
	[-2.6610824610224544, -2.6610824610224544] [0.0029765744682034045, -0.004868560807717985]
	[-2.6610824610224544, -2.6610824610224544] [0.0029765744682034045, -0.004868560807717985]
	[-2.859627491262655, -2.859627491262655] [0.003878388754984278, -0.004185807039080931]
	[-2.859627491262655, -2.859627491262655] [0.003878388754984278, -0.004185807039080931]
	[-2.4801485799746055, -2.4801485799746055] [0.002051895895948892, -0.0053247162492846565]
	[-2.4801485799746055, -2.4801485799746055] [0.002051895895948892, -0.0053247162492846565]
	[-2.4801485799746055, -2.4801485799746055] [0.002051895895948892, -0.0053247162492846565]
	[-3.224246817712186, -3.224246817712186] [0.005116054132575915, -0.0025276214146428004]
	[-3.224246817712186, -3.224246817712186] [0.005116054132575915, -0.0025276214146428004]
	[-3.224246817712186, -3.224246817712186] [0.005116054132575915, -0.0025276214146428004]
	[-3.224246817712186, -3.224246817712186] [0.005116054132575915, -0.0025276214146428004]
	[-3.224246817712186, -3.224246817712186] [0.005116054132575915, -0.0025276214146428004]
	[-3.224246817712186, -3.224246817712186] [0.005116054132575915, -0.0025276214146428004]
	[-3.224246817712186, -3.224246817712186] [0.005116054132575915, -0.0025276214146428004]
	[-3.224246817712186, -3.224246817712186] [0.005116054132575915, -0.0025276214146428004]
	[-3.224246817712186, -3.224246817712186] [0.005116054132575915, -0.0025276214146428004]
	[-3.224246817712186, -3.224246817712186] [0.005116054132575915, -0.0025276214146428004]
	[-3.224246817712186, -3.224246817712186] [0.005116054132575915, -0.0025276214146428004]
	[-3.224246817712186, -3.224246817712186] [0.005116054132575915, -0.0025276214146428004]
	[-3.224246817712186, -3.224246817712186] [0.005116054132575915, -0.0025276214146428004]
