source:
	0.06979898034714715,0.25985913723574594
target:
	0.3799959336537998,0.8017236680541113
points:
	[0, 0] [0.0031019695330665267, 0.005418645308183653]
	[-0.6299898968091812, -0.6299898968091812] [0.005698817418554189, 0.002550962953466211]
	[-1.502451943096435, -1.502451943096435] [0.005617832302183645, -0.0027246820336537785]
	[-0.6882299829542393, -0.6882299829542393] [0.005837639547050128, 0.0022149258404493073]
	[-0.6882299829542393, -0.6882299829542393] [0.005837639547050128, 0.0022149258404493073]
	[-0.6882299829542393, -0.6882299829542393] [0.005837639547050128, 0.0022149258404493073]
	[-1.3126153418489368, -1.3126153418489368] [0.0060310516351060215, -0.001615657183519658]
	[-0.5667629199165342, -0.5667629199165342] [0.005526248038446578, 0.0029059446962285845]
	[-0.1391703527134167, -0.1391703527134167] [0.0038236607180967604, 0.004935944759907413]
	[-0.1391703527134167, -0.1391703527134167] [0.0038236607180967604, 0.004935944759907413]
	[0.22403884680732755, 0.22403884680732755] [0.0018205885962460492, 0.0059723855470986235]
	[0.22403884680732755, 0.22403884680732755] [0.0018205885962460492, 0.0059723855470986235]
	[-0.1022252400981371, -0.1022252400981371] [0.003638733925650436, 0.0050738099470017855]
	[-0.1022252400981371, -0.1022252400981371] [0.003638733925650436, 0.0050738099470017855]
	[-0.17504746230043045, -0.17504746230043045] [0.003998249580441104, 0.004795615940885615]
	[-0.17504746230043045, -0.17504746230043045] [0.003998249580441104, 0.004795615940885615]
	[-0.17504746230043045, -0.17504746230043045] [0.003998249580441104, 0.004795615940885615]
	[-0.17504746230043045, -0.17504746230043045] [0.003998249580441104, 0.004795615940885615]
	[-0.6416571124235104, -0.6416571124235104] [0.005728191509842763, 0.002484301508782495]
	[-0.6416571124235104, -0.6416571124235104] [0.005728191509842763, 0.002484301508782495]
	[-0.3514939206896085, -0.3514939206896085] [0.0047779570290839655, 0.00401933559039312]
	[-0.3514939206896085, -0.3514939206896085] [0.0047779570290839655, 0.00401933559039312]
	[-0.7158117131723954, -0.7158117131723954] [0.005896502931667436, 0.00205309160458344]
	[-0.6640774338506625, -0.6640774338506625] [0.005782446044910983, 0.002355260006382952]
	[-0.5977778814848949, -0.5977778814848949] [0.005613703639945859, 0.0027331782603467907]
	[-0.392341803235376, -0.392341803235376] [0.004938107148847458, 0.003820867669322678]
	[-0.9903205653271199, -0.9903205653271199] [0.00623226891676068, 0.0003778307943409856]
	[-1.0930106912858812, -1.0930106912858812] [0.0062381686652650216, -0.00026302787623997016]
	[-1.9392983899021243, -1.9392983899021243] [0.003937493998222581, -0.004845624105720009]
	[-2.0284971117332082, -2.0284971117332082] [0.0034901896724765374, -0.005177113868760451]
	[-1.2036205442035044, -1.2036205442035044] [0.006171012808370375, -0.0009500173045278999]
	[-1.6580432555452944, -1.6580432555452944] [0.0051277408552421935, -0.003562331495166297]
	[-2.188174299838423, -2.188174299838423] [0.0026226312227698406, -0.0056661924984354765]
	[-2.000789500811755, -2.000789500811755] [0.0036322771318064912, -0.005078434286050111]
	[-2.131042372393512, -2.131042372393512] [0.002941896598219324, -0.005507193147635123]
	[-2.4861608560142576, -2.4861608560142576] [0.0008434787481187899, -0.0061864752130308944]
	[-2.746832101622378, -2.746832101622378] [-0.0007794515061855761, -0.006194867820178145]
	[-2.0233947175586255, -2.0233947175586255] [0.003516559801057952, -0.005159238231130342]
	[-2.0842120854760537, -2.0842120854760537] [0.003196480465239465, -0.005363435894584383]
	[-1.2396669784804626, -1.2396669784804626] [0.0061327667829744695, -0.0011717950100673207]
	[-1.3879610611364601, -1.3879610611364601] [0.005892322954134357, -0.002065057423936451]
	[-1.838549969522931, -1.838549969522931] [0.004404891153151497, -0.004425027218996666]
	[-1.2108843971126202, -1.2108843971126202] [0.006163949281510385, -0.0009948171766416716]
	[-0.9303175611843747, -0.9303175611843747] [0.006198395693805152, 0.0007508813374904411]
	[-0.18212406205605391, -0.18212406205605391] [0.004032085839507596, 0.0047672020874739525]
	[0.3179115165720853, 0.3179115165720853] [0.0012527521678458045, 0.0061167429213537594]
	[0.19626756752160307, 0.19626756752160307] [0.0019857260503912044, 0.005919529036399048]
	[0.19626756752160307, 0.19626756752160307] [0.0019857260503912044, 0.005919529036399048]
	[0.17761000271237143, 0.17761000271237143] [0.002095818029175895, 0.005881452095235916]
	[0.17761000271237143, 0.17761000271237143] [0.002095818029175895, 0.005881452095235916]
	[-0.05995491187483834, -0.05995491187483834] [0.0034210758514270525, 0.005223042406371631]
	[-0.7397083731254114, -0.7397083731254114] [0.005943876774311093, 0.0019116121080854336]
	[-0.7397083731254114, -0.7397083731254114] [0.005943876774311093, 0.0019116121080854336]
	[-1.5966471091080365, -1.5966471091080365] [0.0053366554607783565, -0.0032409937446589176]
