source:
	0.24015109131823442,0.8640240428093408
target:
	0.5662710054643515,0.008596348942448429
points:
	[0.22898343898920964, 0.22898343898920964] [0.0012343592464669386, -0.00907124197860313]
	[0.4804391550022665, 0.4804391550022665] [-0.0010615132490957148, -0.009093088771462879]
	[0.4804391550022665, 0.4804391550022665] [-0.0010615132490957148, -0.009093088771462879]
	[0.6794999149529177, 0.6794999149529177] [-0.0028386979905030154, -0.008703612324915682]
	[0.9883906347957165, 0.9883906347957165] [-0.0053502622693169955, -0.0074287123671086495]
	[0.9883906347957165, 0.9883906347957165] [-0.0053502622693169955, -0.0074287123671086495]
	[1.050317832439574, 1.050317832439574] [-0.005799751834236006, -0.0070833574274482385]
	[1.050317832439574, 1.050317832439574] [-0.005799751834236006, -0.0070833574274482385]
	[1.050317832439574, 1.050317832439574] [-0.005799751834236006, -0.0070833574274482385]
	[1.319105154366733, 1.319105154366733] [-0.007472577983232099, -0.005288823316034005]
	[0.5233008712427657, 0.5233008712427657] [-0.0014501643975419773, -0.009039253122012446]
	[0.5233008712427657, 0.5233008712427657] [-0.0014501643975419773, -0.009039253122012446]
	[-0.28680624165303303, -0.28680624165303303] [0.005547909081753483, -0.007282292125718884]
	[-0.28680624165303303, -0.28680624165303303] [0.005547909081753483, -0.007282292125718884]
	[-0.5785606228808609, -0.5785606228808609] [0.007408085374532293, -0.005378786560865822]
	[-0.08316059910613166, -0.08316059910613166] [0.003960488058734523, -0.008253823848394832]
	[-0.08316059910613166, -0.08316059910613166] [0.003960488058734523, -0.008253823848394832]
	[0.3742461922880126, 0.3742461922880126] [-9.172537612961902e-05, -0.00915437929294411]
	[0.3742461922880126, 0.3742461922880126] [-9.172537612961902e-05, -0.00915437929294411]
	[0.3154612390084072, 0.3154612390084072] [0.0004462629382030278, -0.009143955554009242]
	[0.44907337301490835, 0.44907337301490835] [-0.000775826050539543, -0.009121905926012077]
	[0.44907337301490835, 0.44907337301490835] [-0.000775826050539543, -0.009121905926012077]
	[0.44907337301490835, 0.44907337301490835] [-0.000775826050539543, -0.009121905926012077]
	[0.44907337301490835, 0.44907337301490835] [-0.000775826050539543, -0.009121905926012077]
	[0.4596025585654291, 0.4596025585654291] [-0.0008718275108496842, -0.009113231620837676]
	[0.09334123896085789, 0.09334123896085789] [0.002449694851861388, -0.008821001582386993]
	[0.09334123896085789, 0.09334123896085789] [0.002449694851861388, -0.008821001582386993]
	[-0.24677159300392987, -0.24677159300392987] [0.005251997522814616, -0.007498506238182321]
	[-0.19680673288789302, -0.19680673288789302] [0.004870937169163923, -0.007751454371778718]
	[0.4709258261718912, 0.4709258261718912] [-0.000974960975434109, -0.009102775668997374]
	[0.4450054491803751, 0.4450054491803751] [-0.000738712515170833, -0.009124986444024999]
	[0.41417951950324955, 0.41417951950324955] [-0.00045711992222332204, -0.009143419226985963]
	[0.41417951950324955, 0.41417951950324955] [-0.00045711992222332204, -0.009143419226985963]
	[1.198986080334716, 1.198986080334716] [-0.00678497144122032, -0.006146156223651876]
	[1.198986080334716, 1.198986080334716] [-0.00678497144122032, -0.006146156223651876]
	[1.9960889354285993, 1.9960889354285993] [-0.009137774713355248, 0.0005587012365079046]
	[1.9960889354285993, 1.9960889354285993] [-0.009137774713355248, 0.0005587012365079046]
	[2.5732968509383256, 2.5732968509383256] [-0.007352483788301202, 0.0054545445205331335]
	[2.882169756265102, 2.882169756265102] [-0.005346440576629363, 0.00743146331110375]
	[2.4682794639211547, 2.4682794639211547] [-0.007883746730080547, 0.004653773875002343]
	[1.6147045349535354, 1.6147045349535354] [-0.008689179640669745, -0.002882573668769015]
	[1.4107363293744146, 1.4107363293744146] [-0.007925172238521563, -0.0045828723278613336]
	[0.9318349177851291, 0.9318349177851291] [-0.004921795792246589, -0.0077192616203322064]
	[0.5920758004228772, 0.5920758004228772] [-0.0020679201407953892, -0.008918227406553547]
	[0.5920758004228772, 0.5920758004228772] [-0.0020679201407953892, -0.008918227406553547]
	[1.1182070298607119, 1.1182070298607119] [-0.006266905745455254, -0.006673602187821054]
	[1.1182070298607119, 1.1182070298607119] [-0.006266905745455254, -0.006673602187821054]
	[1.1182070298607119, 1.1182070298607119] [-0.006266905745455254, -0.006673602187821054]
	[0.6573901648471425, 0.6573901648471425] [-0.002645585167139358, -0.008764242859889396]
	[0.6573901648471425, 0.6573901648471425] [-0.002645585167139358, -0.008764242859889396]
	[0.7140649414249429, 0.7140649414249429] [-0.0031377830943698747, -0.008600313426637233]
	[0.7140649414249429, 0.7140649414249429] [-0.0031377830943698747, -0.008600313426637233]
	[1.5812599529785016, 1.5812599529785016] [-0.008587931995898067, -0.0031715134900454508]
	[1.660793238324088, 1.660793238324088] [-0.00881275968665172, -0.0024791814151119145]
	[1.660793238324088, 1.660793238324088] [-0.00881275968665172, -0.0024791814151119145]
	[1.413005876750785, 1.413005876750785] [-0.00793555286480117, -0.00456487398661299]
	[1.3569238551375085, 1.3569238551375085] [-0.007667203528144084, -0.005002505756291035]
	[1.3317303928201112, 1.3317303928201112] [-0.007538753320836334, -0.005194061238692627]
	[1.3317303928201112, 1.3317303928201112] [-0.007538753320836334, -0.005194061238692627]
	[1.3317303928201112, 1.3317303928201112] [-0.007538753320836334, -0.005194061238692627]
	[1.3317303928201112, 1.3317303928201112] [-0.007538753320836334, -0.005194061238692627]
	[0.7170955800136938, 0.7170955800136938] [-0.003163833086319306, -0.008590764458744128]
	[0.7576489119911973, 0.7576489119911973] [-0.0035095205064076106, -0.008455432549480512]
	[0.71360556061365, 0.71360556061365] [-0.0031338319444652075, -0.008601753956464894]
	[0.71360556061365, 0.71360556061365] [-0.0031338319444652075, -0.008601753956464894]
	[0.7870296945664782, 0.7870296945664782] [-0.003756397338205714, -0.008348685694241402]
	[0.5170380795269136, 0.5170380795269136] [-0.0013935253685552025, -0.00904815786947283]
	[-0.002394913359602402, -0.002394913359602402] [0.0032816765215205952, -0.00854644212475639]
	[-0.002394913359602402, -0.002394913359602402] [0.0032816765215205952, -0.00854644212475639]
	[-0.002394913359602402, -0.002394913359602402] [0.0032816765215205952, -0.00854644212475639]
	[-0.002394913359602402, -0.002394913359602402] [0.0032816765215205952, -0.00854644212475639]
	[-0.7620042393933818, -0.7620042393933818] [0.008264967054231303, -0.003937180891981107]
	[-1.069821789121595, -1.069821789121595] [0.00906937450351567, -0.0012480063696511787]
	[-1.9079204510583176, -1.9079204510583176] [0.006994033839023381, 0.005907162131032624]
	[-2.7075397943293376, -2.7075397943293376] [0.0006387279715302968, 0.009132529789827943]
	[-3.4920698929381997, -3.4920698929381997] [-0.006000024861964195, 0.006914533638613784]
	[-3.8636411685766308, -3.8636411685766308] [-0.008101099526886594, 0.004264183419974784]
	[-3.8636411685766308, -3.8636411685766308] [-0.008101099526886594, 0.004264183419974784]
