source:
	0.29750431954228185,0.7867639095358762
target:
	0.4528385627093161,0.16884004992740798
points:
	[0, 0] [0.0015533424316703426, -0.006179238596084682]
	[0, 0] [0.0015533424316703426, -0.006179238596084682]
	[-0.16202929156483828, -0.16202929156483828] [0.0025298391608292686, -0.005847715464837938]
	[0.10056425262690741, 0.10056425262690741] [0.0009251308060193327, -0.006303966634518631]
	[0.10056425262690741, 0.10056425262690741] [0.0009251308060193327, -0.006303966634518631]
	[-0.6893392461581986, -0.6893392461581986] [0.0051288275284475885, -0.0037803426459526567]
	[-0.6893392461581986, -0.6893392461581986] [0.0051288275284475885, -0.0037803426459526567]
	[0.1207294506185288, 0.1207294506185288] [0.000797830596814965, -0.006321339152122436]
	[0.18817985958234834, 0.18817985958234834] [0.0003699627164781412, -0.006360738158876392]
	[0.9153600316706896, 0.9153600316706896] [-0.003952019352166552, -0.0049977400269993226]
	[1.0845751555778957, 1.0845751555778957] [-0.004737236726127105, -0.004260803977889932]
	[1.0845751555778957, 1.0845751555778957] [-0.004737236726127105, -0.004260803977889932]
	[0.9762527630999797, 0.9762527630999797] [-0.0042488327270907185, -0.004747976705352816]
	[0.9762527630999797, 0.9762527630999797] [-0.0042488327270907185, -0.004747976705352816]
	[1.342081571599282, 1.342081571599282] [-0.00566613954113027, -0.0029138848703766903]
	[1.5162057531001838, 1.5162057531001838] [-0.006085277670396588, -0.0018881890825716582]
	[1.5162057531001838, 1.5162057531001838] [-0.006085277670396588, -0.0018881890825716582]
	[1.5162057531001838, 1.5162057531001838] [-0.006085277670396588, -0.0018881890825716582]
	[1.362008439321357, 1.362008439321357] [-0.005723075378577948, -0.0028004054257348182]
	[1.362008439321357, 1.362008439321357] [-0.005723075378577948, -0.0028004054257348182]
	[1.362008439321357, 1.362008439321357] [-0.005723075378577948, -0.0028004054257348182]
	[1.362008439321357, 1.362008439321357] [-0.005723075378577948, -0.0028004054257348182]
	[1.8842957298072578, 1.8842957298072578] [-0.006357098132947129, 0.0004279785805975006]
	[1.8842957298072578, 1.8842957298072578] [-0.006357098132947129, 0.0004279785805975006]
	[1.8842957298072578, 1.8842957298072578] [-0.006357098132947129, 0.0004279785805975006]
	[1.9262455651643813, 1.9262455651643813] [-0.006333557012815198, 0.0006942030702824305]
	[1.455918835848253, 1.455918835848253] [-0.0059604583539259815, -0.002251399242356652]
	[1.6605597334374873, 1.6605597334374873] [-0.0062936069320862886, -0.0009931636933383848]
	[1.6605597334374873, 1.6605597334374873] [-0.0062936069320862886, -0.0009931636933383848]
	[0.9529303607452942, 0.9529303607452942] [-0.004136953051545646, -0.004845769473125739]
	[0.9529303607452942, 0.9529303607452942] [-0.004136953051545646, -0.004845769473125739]
	[0.7808691942940579, 0.7808691942940579] [-0.0032462057666685466, -0.00548251862357238]
	[0.7808691942940579, 0.7808691942940579] [-0.0032462057666685466, -0.00548251862357238]
	[1.5291005584967006, 1.5291005584967006] [-0.006109118915606703, -0.0018095658076860632]
	[1.5291005584967006, 1.5291005584967006] [-0.006109118915606703, -0.0018095658076860632]
	[1.5291005584967006, 1.5291005584967006] [-0.006109118915606703, -0.0018095658076860632]
	[1.5291005584967006, 1.5291005584967006] [-0.006109118915606703, -0.0018095658076860632]
	[1.5291005584967006, 1.5291005584967006] [-0.006109118915606703, -0.0018095658076860632]
	[1.5291005584967006, 1.5291005584967006] [-0.006109118915606703, -0.0018095658076860632]
	[1.9413252721020624, 1.9413252721020624] [-0.006322368926639256, 0.0007896287056816656]
	[2.0220851881779085, 2.0220851881779085] [-0.006238061316102271, 0.0012970941962396313]
	[2.0220851881779085, 2.0220851881779085] [-0.006238061316102271, 0.0012970941962396313]
	[2.009200684218415, 2.009200684218415] [-0.0062542554845116454, 0.0012166144302227103]
	[1.5989730197110577, 1.5989730197110577] [-0.0062205480906914355, -0.0013786383821601889]
	[2.024265635120538, 2.024265635120538] [-0.006235218244314845, 0.001310692863768404]
	[2.024265635120538, 2.024265635120538] [-0.006235218244314845, 0.001310692863768404]
	[2.024265635120538, 2.024265635120538] [-0.006235218244314845, 0.001310692863768404]
	[2.024265635120538, 2.024265635120538] [-0.006235218244314845, 0.001310692863768404]
	[2.473814511229009, 2.473814511229009] [-0.005046133381848612, 0.003890038589778155]
	[2.3690339211480724, 2.3690339211480724] [-0.005425313146664631, 0.0033409339409808812]
	[2.3690339211480724, 2.3690339211480724] [-0.005425313146664631, 0.0033409339409808812]
	[2.3690339211480724, 2.3690339211480724] [-0.005425313146664631, 0.0033409339409808812]
	[2.3690339211480724, 2.3690339211480724] [-0.005425313146664631, 0.0033409339409808812]
	[1.7281111825513902, 1.7281111825513902] [-0.0063462915379721915, -0.0005660795460292452]
	[1.570235267327304, 1.570235267327304] [-0.006178366106078496, -0.00155680910731874]
	[1.1354890585405952, 1.1354890585405952] [-0.004947938508119974, -0.004014195667532116]
	[0.5642123893756764, 0.5642123893756764] [-0.0019917606304197246, -0.0060521691919906]
	[0.22561929756040222, 0.22561929756040222] [0.00013161662507641094, -0.00637012868012677]
	[0.8335053509023874, 0.8335053509023874] [-0.0035301553658024856, -0.005304136633860977]
