source:
	0.8057111608178357,0.8565508874389204
target:
	0.022549157572617773,0.5558293551668062
points:
	[0.3474992013270172, 0.3474992013270172] [-0.006339403074893381, -0.0054945049807919415]
	[-0.11065525570942358, -0.11065525570942358] [-0.008115806969129334, -0.0021239805954261495]
	[-0.11065525570942358, -0.11065525570942358] [-0.008115806969129334, -0.0021239805954261495]
	[-0.29062496172375474, -0.29062496172375474] [-0.00836492154654637, -0.0006369488598305057]
	[-0.29062496172375474, -0.29062496172375474] [-0.00836492154654637, -0.0006369488598305057]
	[-0.29062496172375474, -0.29062496172375474] [-0.00836492154654637, -0.0006369488598305057]
	[-0.29062496172375474, -0.29062496172375474] [-0.00836492154654637, -0.0006369488598305057]
	[-0.8329586615240043, -0.8329586615240043] [-0.007493362121373027, 0.0037718881807242135]
	[-0.8329586615240043, -0.8329586615240043] [-0.007493362121373027, 0.0037718881807242135]
	[-0.5380520057859774, -0.5380520057859774] [-0.00826616958599315, 0.001431103317555002]
	[-0.5380520057859774, -0.5380520057859774] [-0.00826616958599315, 0.001431103317555002]
	[-0.5380520057859774, -0.5380520057859774] [-0.00826616958599315, 0.001431103317555002]
	[0.33371237229473294, 0.33371237229473294] [-0.006414549999206898, -0.005406585302905141]
	[0.33371237229473294, 0.33371237229473294] [-0.006414549999206898, -0.005406585302905141]
	[0.33371237229473294, 0.33371237229473294] [-0.006414549999206898, -0.005406585302905141]
	[0.6145134439591371, 0.6145134439591371] [-0.00466501382674996, -0.006972464580487074]
	[0.6145134439591371, 0.6145134439591371] [-0.00466501382674996, -0.006972464580487074]
	[1.2321080237431397, 1.2321080237431397] [0.00023432199458392087, -0.008385863672441218]
	[1.2321080237431397, 1.2321080237431397] [0.00023432199458392087, -0.008385863672441218]
	[0.6526245458608081, 0.6526245458608081] [-0.004395962386569078, -0.007145147376071748]
	[0.6526245458608081, 0.6526245458608081] [-0.004395962386569078, -0.007145147376071748]
	[1.378566743384966, 1.378566743384966] [0.0014556101394215446, -0.008261889339123847]
	[1.378566743384966, 1.378566743384966] [0.0014556101394215446, -0.008261889339123847]
	[1.378566743384966, 1.378566743384966] [0.0014556101394215446, -0.008261889339123847]
	[1.378566743384966, 1.378566743384966] [0.0014556101394215446, -0.008261889339123847]
	[1.7074297316289986, 1.7074297316289986] [0.004045923162117236, -0.007349021846215886]
	[1.7074297316289986, 1.7074297316289986] [0.004045923162117236, -0.007349021846215886]
	[1.5412534528217492, 1.5412534528217492] [0.0027745681879657604, -0.00791703149546871]
	[1.5412534528217492, 1.5412534528217492] [0.0027745681879657604, -0.00791703149546871]
	[1.5412534528217492, 1.5412534528217492] [0.0027745681879657604, -0.00791703149546871]
	[1.5412534528217492, 1.5412534528217492] [0.0027745681879657604, -0.00791703149546871]
	[2.044869299208443, 2.044869299208443] [0.006250811532282027, -0.005595084585402182]
	[2.044869299208443, 2.044869299208443] [0.006250811532282027, -0.005595084585402182]
	[1.4010735342373806, 1.4010735342373806] [0.001641174398137827, -0.008227038527004236]
	[0.721316309803227, 0.721316309803227] [-0.0038951682815464425, -0.007430025598095179]
	[0.721316309803227, 0.721316309803227] [-0.0038951682815464425, -0.007430025598095179]
	[0.721316309803227, 0.721316309803227] [-0.0038951682815464425, -0.007430025598095179]
	[0.916122730644277, 0.916122730644277] [-0.0023832125491628285, -0.008043501369144404]
	[0.916122730644277, 0.916122730644277] [-0.0023832125491628285, -0.008043501369144404]
	[0.3463624865111721, 0.3463624865111721] [-0.006345644663129627, -0.005487295339163873]
	[0.8946595679155801, 0.8946595679155801] [-0.002555289360368413, -0.007990501399455672]
	[1.5382768000215088, 1.5382768000215088] [0.0027509896768277086, -0.007925255335186523]
	[1.5382768000215088, 1.5382768000215088] [0.0027509896768277086, -0.007925255335186523]
	[1.5382768000215088, 1.5382768000215088] [0.0027509896768277086, -0.007925255335186523]
	[1.5996939800560015, 1.5996939800560015] [0.0032322437290007904, -0.0077414608961261415]
	[2.107878414794681, 2.107878414794681] [0.006590715415583456, -0.00519038405522228]
	[1.3582095838537862, 1.3582095838537862] [0.0012871315543385082, -0.008289807518377084]
	[1.3582095838537862, 1.3582095838537862] [0.0012871315543385082, -0.008289807518377084]
	[1.975694573788621, 1.975694573788621] [0.005849132141247291, -0.006013756689802387]
	[2.7727826677026384, 2.7727826677026384] [0.00838911675238781, -1.834242953651437e-05]
	[2.7727826677026384, 2.7727826677026384] [0.00838911675238781, -1.834242953651437e-05]
	[2.7727826677026384, 2.7727826677026384] [0.00838911675238781, -1.834242953651437e-05]
	[2.7727826677026384, 2.7727826677026384] [0.00838911675238781, -1.834242953651437e-05]
	[2.9580474995658337, 2.9580474995658337] [0.008248936803497595, 0.001527304141884637]
	[2.252947344255684, 2.252947344255684] [0.0072718113874280154, -0.004183105960358561]
	[2.700728191782008, 2.700728191782008] [0.008366028154655859, -0.0006222453257522927]
	[2.700728191782008, 2.700728191782008] [0.008366028154655859, -0.0006222453257522927]
	[2.700728191782008, 2.700728191782008] [0.008366028154655859, -0.0006222453257522927]
	[2.700728191782008, 2.700728191782008] [0.008366028154655859, -0.0006222453257522927]
	[2.700728191782008, 2.700728191782008] [0.008366028154655859, -0.0006222453257522927]
	[2.9789104922785685, 2.9789104922785685] [0.008215279810403169, 0.0016990567873667922]
	[3.206387680217827, 3.206387680217827] [0.007620469383614493, 0.003507999815180901]
	[3.417533649956461, 3.417533649956461] [0.006716020750474329, 0.005027194208414206]
	[3.417533649956461, 3.417533649956461] [0.006716020750474329, 0.005027194208414206]
	[3.8770976937609145, 3.8770976937609145] [0.0037893571077581662, 0.007484543342101625]
	[4.177490265086883, 4.177490265086883] [0.0014050306119253815, 0.00827064116676982]
	[3.806868031781974, 3.806868031781974] [0.004305220968182823, 0.00720018671598411]
	[3.806868031781974, 3.806868031781974] [0.004305220968182823, 0.00720018671598411]
	[3.4511921953404525, 3.4511921953404525] [0.006543040730466946, 0.005250355638370193]
	[4.260111570944603, 4.260111570944603] [0.0007176837692066397, 0.00835838180136158]
	[3.7462734896437735, 3.7462734896437735] [0.004733344727048527, 0.006926259020917209]
	[3.4804254917443256, 3.4804254917443256] [0.006386781792814692, 0.0054393597657156146]
	[3.4804254917443256, 3.4804254917443256] [0.006386781792814692, 0.0054393597657156146]
	[3.4804254917443256, 3.4804254917443256] [0.006386781792814692, 0.0054393597657156146]
	[3.4804254917443256, 3.4804254917443256] [0.006386781792814692, 0.0054393597657156146]
	[3.4804254917443256, 3.4804254917443256] [0.006386781792814692, 0.0054393597657156146]
	[3.4804254917443256, 3.4804254917443256] [0.006386781792814692, 0.0054393597657156146]
	[3.884604264810554, 3.884604264810554] [0.00373306761702694, 0.007512777282511435]
	[3.884604264810554, 3.884604264810554] [0.00373306761702694, 0.007512777282511435]
	[4.719025326293292, 4.719025326293292] [-0.003059122060515521, 0.007811490801939305]
