source:
	0.7121728196672125,0.6085806997007707
target:
	0.031467925293373056,0.9318689971577996
points:
	[0, 0] [-0.006807048943738394, 0.0032328829745702893]
	[0, 0] [-0.006807048943738394, 0.0032328829745702893]
	[0, 0] [-0.006807048943738394, 0.0032328829745702893]
	[0, 0] [-0.006807048943738394, 0.0032328829745702893]
	[0, 0] [-0.006807048943738394, 0.0032328829745702893]
	[0, 0] [-0.006807048943738394, 0.0032328829745702893]
	[0, 0] [-0.006807048943738394, 0.0032328829745702893]
	[0, 0] [-0.006807048943738394, 0.0032328829745702893]
	[0, 0] [-0.006807048943738394, 0.0032328829745702893]
	[0, 0] [-0.006807048943738394, 0.0032328829745702893]
	[0.5829776199503156, 0.5829776199503156] [-0.003902967755762835, 0.006446261734307105]
	[0.5829776199503156, 0.5829776199503156] [-0.003902967755762835, 0.006446261734307105]
	[0.5829776199503156, 0.5829776199503156] [-0.003902967755762835, 0.006446261734307105]
	[0.5829776199503156, 0.5829776199503156] [-0.003902967755762835, 0.006446261734307105]
	[0.5829776199503156, 0.5829776199503156] [-0.003902967755762835, 0.006446261734307105]
	[0.5829776199503156, 0.5829776199503156] [-0.003902967755762835, 0.006446261734307105]
	[0.5829776199503156, 0.5829776199503156] [-0.003902967755762835, 0.006446261734307105]
	[0.5829776199503156, 0.5829776199503156] [-0.003902967755762835, 0.006446261734307105]
	[0.22377993920021771, 0.22377993920021771] [-0.0059198878292402845, 0.004662872048311982]
	[0.5921711755526513, 0.5921711755526513] [-0.0038435395838115837, 0.006481870958094577]
	[0.5921711755526513, 0.5921711755526513] [-0.0038435395838115837, 0.006481870958094577]
	[0.5921711755526513, 0.5921711755526513] [-0.0038435395838115837, 0.006481870958094577]
	[0.5921711755526513, 0.5921711755526513] [-0.0038435395838115837, 0.006481870958094577]
	[0.5921711755526513, 0.5921711755526513] [-0.0038435395838115837, 0.006481870958094577]
	[-0.20315407147902453, -0.20315407147902453] [-0.007319327546038551, 0.0017930119697084335]
	[0.4832340587926186, 0.4832340587926186] [-0.004525476465734142, 0.006025571376044172]
	[0.4832340587926186, 0.4832340587926186] [-0.004525476465734142, 0.006025571376044172]
	[0.28764554084170035, 0.28764554084170035] [-0.005610224141688811, 0.005031186016212131]
	[0.28764554084170035, 0.28764554084170035] [-0.005610224141688811, 0.005031186016212131]
	[0.2638929782006598, 0.2638929782006598] [-0.005728133940416156, 0.004896522154587777]
	[0.2638929782006598, 0.2638929782006598] [-0.005728133940416156, 0.004896522154587777]
	[0.2638929782006598, 0.2638929782006598] [-0.005728133940416156, 0.004896522154587777]
	[0.9545406234625599, 0.9545406234625599] [-0.001296174579967736, 0.007423434455018909]
	[0.9545406234625599, 0.9545406234625599] [-0.001296174579967736, 0.007423434455018909]
	[0.9545406234625599, 0.9545406234625599] [-0.001296174579967736, 0.007423434455018909]
	[0.9545406234625599, 0.9545406234625599] [-0.001296174579967736, 0.007423434455018909]
	[0.9545406234625599, 0.9545406234625599] [-0.001296174579967736, 0.007423434455018909]
	[1.363542841697087, 1.363542841697087] [0.0017629920367914892, 0.007326616321872343]
	[1.8889701699096477, 1.8889701699096477] [0.005200085739132116, 0.005454040333128391]
	[1.8889701699096477, 1.8889701699096477] [0.005200085739132116, 0.005454040333128391]
	[2.072962548232748, 2.072962548232748] [0.006110163483647373, 0.004410595181244662]
	[2.072962548232748, 2.072962548232748] [0.006110163483647373, 0.004410595181244662]
	[2.072962548232748, 2.072962548232748] [0.006110163483647373, 0.004410595181244662]
	[2.072962548232748, 2.072962548232748] [0.006110163483647373, 0.004410595181244662]
	[1.2404575986308144, 1.2404575986308144] [0.0008501312063606528, 0.00748763811770362]
	[0.8182851705886042, 0.8182851705886042] [-0.00229251762451227, 0.007178566053956532]
	[0.8182851705886042, 0.8182851705886042] [-0.00229251762451227, 0.007178566053956532]
	[0.8182851705886042, 0.8182851705886042] [-0.00229251762451227, 0.007178566053956532]
	[0.8182851705886042, 0.8182851705886042] [-0.00229251762451227, 0.007178566053956532]
	[0.7305535602850823, 0.7305535602850823] [-0.002912680292172727, 0.0069500892918943884]
	[1.2453940468028986, 1.2453940468028986] [0.0008870830355417671, 0.0074833502749617736]
	[1.2453940468028986, 1.2453940468028986] [0.0008870830355417671, 0.0074833502749617736]
	[1.2453940468028986, 1.2453940468028986] [0.0008870830355417671, 0.0074833502749617736]
	[1.2453940468028986, 1.2453940468028986] [0.0008870830355417671, 0.0074833502749617736]
	[1.2453940468028986, 1.2453940468028986] [0.0008870830355417671, 0.0074833502749617736]
	[1.2453940468028986, 1.2453940468028986] [0.0008870830355417671, 0.0074833502749617736]
	[1.2453940468028986, 1.2453940468028986] [0.0008870830355417671, 0.0074833502749617736]
	[1.2453940468028986, 1.2453940468028986] [0.0008870830355417671, 0.0074833502749617736]
	[1.8487854622370303, 1.8487854622370303] [0.004976777691863957, 0.005658544994561915]
	[1.8487854622370303, 1.8487854622370303] [0.004976777691863957, 0.005658544994561915]
	[2.1314562497212797, 2.1314562497212797] [0.006357558404049363, 0.004045849575653766]
	[2.843560237872744, 2.843560237872744] [0.00745627121456869, -0.0010915435055511024]
	[2.843560237872744, 2.843560237872744] [0.00745627121456869, -0.0010915435055511024]
	[2.848681543487888, 2.848681543487888] [0.007450583330646593, -0.0011297148679235603]
	[2.848681543487888, 2.848681543487888] [0.007450583330646593, -0.0011297148679235603]
