source:
	0.45030905254672493,0.5422039130151706
target:
	0.8682701964635557,0.9603351464749538
points:
	[-0.06202161226462183, -0.06202161226462183] [0.004430740704358047, 0.003914212747492312]
	[-0.17718914747087824, -0.17718914747087824] [0.004851183848625497, 0.0033791330084389486]
	[-0.07471313364923872, -0.07471313364923872] [0.004480059850172552, 0.0038576661805758217]
	[-0.07471313364923872, -0.07471313364923872] [0.004480059850172552, 0.0038576661805758217]
	[0.5975019021025936, 0.5975019021025936] [0.001103148603930922, 0.0058082344804193135]
	[0.4317062795569556, 0.4317062795569556] [0.0020465956738150983, 0.005546527812046729]
	[0.4317062795569556, 0.4317062795569556] [0.0020465956738150983, 0.005546527812046729]
	[1.289905516401018, 1.289905516401018] [-0.0028588049941057677, 0.005174916291841104]
	[1.100403067211606, 1.100403067211606] [-0.0018328264941040073, 0.005620789238567568]
	[0.671400691136921, 0.671400691136921] [0.0006713068742294799, 0.005873829389971996]
	[1.5138691674590405, 1.5138691674590405] [-0.0039367340562587935, 0.0044107425216372296]
	[1.9580437621690363, 1.9580437621690363] [-0.005450087806047162, 0.002291084356426576]
	[1.9580437621690363, 1.9580437621690363] [-0.005450087806047162, 0.002291084356426576]
	[2.2088223713119923, 2.2088223713119923] [-0.005848157890507862, 0.0008669336246663805]
	[1.5863594294153902, 1.5863594294153902] [-0.004245851062550635, 0.004114033711155537]
	[2.060125374705529, 2.060125374705529] [-0.005655187317002438, 0.0017237694252716393]
	[2.164703880226128, 2.164703880226128] [-0.005804231868993684, 0.0011240182528965636]
	[1.8106727992925538, 1.8106727992925538] [-0.005054593309522796, 0.0030665307918255023]
	[2.5851731526708024, 2.5851731526708024] [-0.005757480468299544, -0.001343109555857531]
	[2.811519406115722, 2.811519406115722] [-0.005309205038728749, -0.0026009356929043476]
	[2.754786680758328, 2.754786680758328] [-0.005448142248744941, -0.0022957070064202395]
	[2.296344981020504, 2.296344981020504] [-0.005901552593701242, 0.00035242248178102466]
	[2.296344981020504, 2.296344981020504] [-0.005901552593701242, 0.00035242248178102466]
	[2.838803573823395, 2.838803573823395] [-0.00523627344534109, -0.0027448069198947873]
	[2.236081464489972, 2.236081464489972] [-0.0058696141622477825, 0.0007072158144631771]
	[2.249995522568727, 2.249995522568727] [-0.005878885914199125, 0.0006254798395773275]
	[1.8356387273362351, 1.8356387273362351] [-0.005129568967685595, 0.002939395656872939]
	[2.002173020548955, 2.002173020548955] [-0.005545852981929797, 0.0020484236194466573]
	[2.7914810225084072, 2.7914810225084072] [-0.005360254213051008, -0.0024940327570734657]
	[2.8472431149946407, 2.8472431149946407] [-0.0052129223314024255, -0.0027889003905934777]
	[2.8472431149946407, 2.8472431149946407] [-0.0052129223314024255, -0.0027889003905934777]
	[2.1104932567556935, 2.1104932567556935] [-0.00573480135384307, 0.0014368639649758963]
	[2.3819689720572335, 2.3819689720572335] [-0.005910071246827614, -0.00015356587937444814]
	[2.3819689720572335, 2.3819689720572335] [-0.005910071246827614, -0.00015356587937444814]
	[2.6205895324876316, 2.6205895324876316] [-0.0057063118498571, -0.0015461337891874028]
	[2.6205895324876316, 2.6205895324876316] [-0.0057063118498571, -0.0015461337891874028]
	[2.7258719465431644, 2.7258719465431644] [-0.005512235424176792, -0.0021372377617703336]
	[2.5433423832945548, 2.5433423832945548] [-0.0058086108673881184, -0.0011011650253922875]
	[2.7758288785472884, 2.7758288785472884] [-0.005398632988995239, -0.0024098312123505424]
	[2.645834110293186, 2.645834110293186] [-0.005665466313215373, -0.0016896792819077746]
	[2.645834110293186, 2.645834110293186] [-0.005665466313215373, -0.0016896792819077746]
	[1.998348363696295, 1.998348363696295] [-0.005537977921277692, 0.002069619570193367]
	[2.617205353105377, 2.617205353105377] [-0.005711511557738858, -0.0015268137894654966]
	[2.544994893922361, 2.544994893922361] [-0.0058067832502584635, -0.0011107623086890873]
	[3.4104189859727487, 3.4104189859727487] [-0.002918936531196272, -0.005141238581191738]
	[3.0113476281454368, 3.0113476281454368] [-0.004687267255512768, -0.003603061239735506]
	[3.8753591555352553, 3.8753591555352553] [-0.00030391306711303464, -0.00590424944167542]
	[4.345167199268371, 4.345167199268371] [0.0024019574140639434, -0.005402140798138253]
	[3.9347908129486227, 3.9347908129486227] [4.731630063422858e-05, -0.005911876672392688]
	[3.9347908129486227, 3.9347908129486227] [4.731630063422858e-05, -0.005911876672392688]
	[3.9347908129486227, 3.9347908129486227] [4.731630063422858e-05, -0.005911876672392688]
	[3.9347908129486227, 3.9347908129486227] [4.731630063422858e-05, -0.005911876672392688]
	[4.453956711785878, 4.453956711785878] [0.002974295357682693, -0.005109412074510504]
	[4.923769140413864, 4.923769140413864] [0.004965168189404995, -0.0032093035806553556]
	[4.661814316356651, 4.661814316356651] [0.003964673657380015, -0.004385645609527009]
	[4.661814316356651, 4.661814316356651] [0.003964673657380015, -0.004385645609527009]
	[4.455206825260917, 4.455206825260917] [0.002980680376813042, -0.005105689876321144]
	[4.455206825260917, 4.455206825260917] [0.002980680376813042, -0.005105689876321144]
	[4.455206825260917, 4.455206825260917] [0.002980680376813042, -0.005105689876321144]
	[4.5628147603701, 4.5628147603701] [0.0035117927176587732, -0.004756031594731617]
