source:
	0.48071083776438683,0.9728680206573272
target:
	0.6199875946076634,0.14796652260018783
points:
	[-0.7979811830884893, -0.7979811830884893] [0.006878232209240592, -0.0047619293700279395]
	[-0.7979811830884893, -0.7979811830884893] [0.006878232209240592, -0.0047619293700279395]
	[-0.7979811830884893, -0.7979811830884893] [0.006878232209240592, -0.0047619293700279395]
	[-0.8296241922127845, -0.8296241922127845] [0.007025445608282725, -0.004541933911279462]
	[-0.8296241922127845, -0.8296241922127845] [0.007025445608282725, -0.004541933911279462]
	[-0.8296241922127845, -0.8296241922127845] [0.007025445608282725, -0.004541933911279462]
	[-0.8296241922127845, -0.8296241922127845] [0.007025445608282725, -0.004541933911279462]
	[-0.582886172500795, -0.582886172500795] [0.0057033436510729695, -0.0061202876441499915]
	[-0.582886172500795, -0.582886172500795] [0.0057033436510729695, -0.0061202876441499915]
	[-0.582886172500795, -0.582886172500795] [0.0057033436510729695, -0.0061202876441499915]
	[-0.582886172500795, -0.582886172500795] [0.0057033436510729695, -0.0061202876441499915]
	[-1.1281703356805033, -1.1281703356805033] [0.008050599327080483, -0.0022746208748230306]
	[-0.5277317254476462, -0.5277317254476462] [0.005357281064429646, -0.0064253863110378786]
	[-0.5277317254476462, -0.5277317254476462] [0.005357281064429646, -0.0064253863110378786]
	[-0.07379834530443663, -0.07379834530443663] [0.0019971878790583397, -0.008123871627808494]
	[-0.07379834530443663, -0.07379834530443663] [0.0019971878790583397, -0.008123871627808494]
	[-0.07379834530443663, -0.07379834530443663] [0.0019971878790583397, -0.008123871627808494]
	[-0.30076259143488615, -0.30076259143488615] [0.0037740069854208308, -0.007466118196450158]
	[-0.12110260800367073, -0.12110260800367073] [0.0023791042005012375, -0.00802034368668368]
	[0.13834873464135028, 0.13834873464135028] [0.00024185613193590514, -0.008362269743365996]
	[0.13834873464135028, 0.13834873464135028] [0.00024185613193590514, -0.008362269743365996]
	[0.2130044019964353, 0.2130044019964353] [-0.0003825286228543918, -0.008357016303805235]
	[0.5184765756018297, 0.5184765756018297] [-0.0028781380071572892, -0.007855085694066365]
	[0.22574785582345674, 0.22574785582345674] [-0.0004889919317639956, -0.008351463137680672]
	[-0.4833530202477619, -0.4833530202477619] [0.005066949694471602, -0.006656731213070235]
	[-0.4833530202477619, -0.4833530202477619] [0.005066949694471602, -0.006656731213070235]
	[-0.4833530202477619, -0.4833530202477619] [0.005066949694471602, -0.006656731213070235]
	[-0.6958160703666139, -0.6958160703666139] [0.006356709761248251, -0.005438592709573]
	[-0.9604715566615694, -0.9604715566615694] [0.007557995618401295, -0.00358646788380939]
	[-0.9604715566615694, -0.9604715566615694] [0.007557995618401295, -0.00358646788380939]
	[-0.9604715566615694, -0.9604715566615694] [0.007557995618401295, -0.00358646788380939]
	[-1.7553497711835555, -1.7553497711835555] [0.00785334923616835, 0.0028828727727985837]
	[-1.6625091625362287, -1.6625091625362287] [0.00808679138034516, 0.002142394646218253]
	[-1.6625091625362287, -1.6625091625362287] [0.00808679138034516, 0.002142394646218253]
	[-1.6625091625362287, -1.6625091625362287] [0.00808679138034516, 0.002142394646218253]
	[-1.1123616699142476, -1.1123616699142476] [0.008013636146230196, -0.002401600584027714]
	[-0.7727311085624484, -0.7727311085624484] [0.006755813366171724, -0.0049340688494208165]
	[-0.9799951953845498, -0.9799951953845498] [0.007626571669230228, -0.003438234172284407]
	[-1.006769557587509, -1.006769557587509] [0.007715883744524174, -0.003232829672339234]
	[-1.006769557587509, -1.006769557587509] [0.007715883744524174, -0.003232829672339234]
	[-0.7504608430613731, -0.7504608430613731] [0.006644264172366338, -0.005083286658961743]
	[-0.7504608430613731, -0.7504608430613731] [0.006644264172366338, -0.005083286658961743]
	[-0.7504608430613731, -0.7504608430613731] [0.006644264172366338, -0.005083286658961743]
	[0.1151171110225333, 0.1151171110225333] [0.000436042497958691, -0.008354395046282128]
	[0.1151171110225333, 0.1151171110225333] [0.000436042497958691, -0.008354395046282128]
	[0.1151171110225333, 0.1151171110225333] [0.000436042497958691, -0.008354395046282128]
	[0.1151171110225333, 0.1151171110225333] [0.000436042497958691, -0.008354395046282128]
	[0.1151171110225333, 0.1151171110225333] [0.000436042497958691, -0.008354395046282128]
	[-0.4291108671734092, -0.4291108671734092] [0.004698599104454646, -0.006921648366176036]
	[0.06330046541278522, 0.06330046541278522] [0.0008681602842116028, -0.008320597777220518]
	[0.5737086136709115, 0.5737086136709115] [-0.0033073809730643383, -0.007684222846090643]
	[-0.03925345393350432, -0.03925345393350432] [0.001715413876327106, -0.00818800371777357]
	[-0.03925345393350432, -0.03925345393350432] [0.001715413876327106, -0.00818800371777357]
	[-0.03925345393350432, -0.03925345393350432] [0.001715413876327106, -0.00818800371777357]
	[-0.03925345393350432, -0.03925345393350432] [0.001715413876327106, -0.00818800371777357]
	[-0.24610451806432113, -0.24610451806432113] [0.0033604904818870674, -0.007661145695685196]
	[0.2652841072831513, 0.2652841072831513] [-0.0008187093399048732, -0.008325608966683573]
	[-0.3370929984852432, -0.3370929984852432] [0.004042704053650122, -0.007324110429531376]
	[-1.0985578455099247, -1.0985578455099247] [0.007979722456970343, -0.002511987093735271]
	[-0.681833171080253, -0.681833171080253] [0.006280043518752065, -0.005526943373325764]
	[-0.681833171080253, -0.681833171080253] [0.006280043518752065, -0.005526943373325764]
	[-0.681833171080253, -0.681833171080253] [0.006280043518752065, -0.005526943373325764]
	[-0.681833171080253, -0.681833171080253] [0.006280043518752065, -0.005526943373325764]
	[-0.681833171080253, -0.681833171080253] [0.006280043518752065, -0.005526943373325764]
	[0.02620562817036176, 0.02620562817036176] [0.0011761434865029574, -0.008282676870947341]
	[0.02620562817036176, 0.02620562817036176] [0.0011761434865029574, -0.008282676870947341]
	[0.02620562817036176, 0.02620562817036176] [0.0011761434865029574, -0.008282676870947341]
