source:
	0.5785118028917544,0.43128656571670343
target:
	0.022057695525811494,0.6112824818027607
points:
	[-0.3064278542273249, -0.3064278542273249] [-0.005848295562467187, 3.754138030669242e-05]
	[0.07186955279049234, 0.07186955279049234] [-0.00542092525956424, 0.002194889444010134]
	[0.6117437817774295, 0.6117437817774295] [-0.003521690276376796, 0.00466922562514191]
	[1.3361090147321029, 1.3361090147321029] [0.00045664490965115684, 0.005830561359568941]
	[0.7715796004523316, 0.7715796004523316] [-0.0027336649599312463, 0.005170207561409197]
	[1.4913028053421815, 1.4913028053421815] [0.0013523957529779156, 0.005689902992893291]
	[1.9459996084365618, 1.9459996084365618] [0.0037139327166330885, 0.004517817406395604]
	[1.9459996084365618, 1.9459996084365618] [0.0037139327166330885, 0.004517817406395604]
	[2.0170566347566736, 2.0170566347566736] [0.004025313242894227, 0.0042427377526532434]
	[2.0170566347566736, 2.0170566347566736] [0.004025313242894227, 0.0042427377526532434]
	[2.8088409935751644, 2.8088409935751644] [0.005847257530340274, 0.00011640324345865179]
	[2.6895949164400594, 2.6895949164400594] [0.005791886102033643, 0.0008111878464808614]
	[2.9707886444264395, 2.9707886444264395] [0.005789515775133489, -0.0008279356440504333]
	[3.1048324174996185, 3.1048324174996185] [0.005626933795883105, -0.0015942353646677407]
	[2.564117396159877, 2.564117396159877] [0.005644831452544788, 0.0015296562403265066]
	[2.564117396159877, 2.564117396159877] [0.005644831452544788, 0.0015296562403265066]
	[2.755297665676726, 2.755297665676726] [0.005832648177064821, 0.0004291684794939567]
	[2.755297665676726, 2.755297665676726] [0.005832648177064821, 0.0004291684794939567]
	[3.068207115019971, 3.068207115019971] [0.005681536496575926, -0.0013871241398247254]
	[3.068207115019971, 3.068207115019971] [0.005681536496575926, -0.0013871241398247254]
	[3.45858172306739, 3.45858172306739] [0.004726245937348547, -0.003444788771594724]
	[3.45858172306739, 3.45858172306739] [0.004726245937348547, -0.003444788771594724]
	[4.095211831231113, 4.095211831231113] [0.001752502462277978, -0.005579668938290009]
	[3.662108153102728, 3.662108153102728] [0.0039324204510550196, -0.004328976754076299]
	[3.159292109964033, 3.159292109964033] [0.005531812857128647, -0.0018981614406880488]
	[3.889706790791336, 3.889706790791336] [0.002854222560296713, -0.00510464336829734]
	[3.2147429107178405, 3.2147429107178405] [0.005418109810191324, -0.0022018302445732]
	[4.042101083635059, 4.042101083635059] [0.0020462324474399135, -0.0054787683937407685]
	[4.609080429206671, 4.609080429206671] [-0.0012165198611476039, -0.005720493839577328]
	[4.609080429206671, 4.609080429206671] [-0.0012165198611476039, -0.005720493839577328]
	[4.713497856798076, 4.713497856798076] [-0.001806128441322962, -0.0055625417207112275]
	[3.948146303693229, 3.948146303693229] [0.002551207007629777, -0.0052626336700771275]
	[4.795653265830331, 4.795653265830331] [-0.002256515610786484, -0.00539556369988212]
	[4.795653265830331, 4.795653265830331] [-0.002256515610786484, -0.00539556369988212]
	[4.795653265830331, 4.795653265830331] [-0.002256515610786484, -0.00539556369988212]
	[4.098648693452683, 4.098648693452683] [0.0017333155963588235, -0.005585659082384817]
	[3.8083867358837438, 3.8083867358837438] [0.003259442855819496, -0.004855924485703622]
	[3.177309562137667, 3.177309562137667] [0.005496716806513606, -0.001997517131390767]
	[3.633559278118241, 3.633559278118241] [0.004054388652097622, -0.004214961802786682]
	[4.154915284104111, 4.154915284104111] [0.0014164523580950908, -0.00567429582049223]
	[4.586195140841909, 4.586195140841909] [-0.0010852975832692285, -0.005746833867179275]
	[3.9252356080779456, 3.9252356080779456] [0.0026710975231810843, -0.005202807738410541]
	[4.5189759026058, 4.5189759026058] [-0.0006968396370905193, -0.005806753383896055]
	[4.5189759026058, 4.5189759026058] [-0.0006968396370905193, -0.005806753383896055]
	[4.055732693967417, 4.055732693967417] [0.00197136021122915, -0.005506151946576783]
	[4.055732693967417, 4.055732693967417] [0.00197136021122915, -0.005506151946576783]
	[4.055732693967417, 4.055732693967417] [0.00197136021122915, -0.005506151946576783]
	[4.055732693967417, 4.055732693967417] [0.00197136021122915, -0.005506151946576783]
	[4.663910156001055, 4.663910156001055] [-0.0015281876901662276, -0.005645229200380897]
	[4.471523018646754, 4.471523018646754] [-0.00042061142646932886, -0.005833271497978829]
	[4.617488907804486, 4.617488907804486] [-0.0012645769391106336, -0.00571006265344596]
	[5.369616240632305, 5.369616240632305] [-0.004824520236262483, -0.00330574875498767]
	[5.668371028844095, 5.668371028844095] [-0.005583794295282706, -0.0017393135453899736]
	[5.544487027389616, 5.544487027389616] [-0.005326078743843782, -0.002415958516941915]
	[5.1812720498378315, 5.1812720498378315] [-0.004120257487951825, -0.004150596170935646]
	[5.1812720498378315, 5.1812720498378315] [-0.004120257487951825, -0.004150596170935646]
	[5.137499495905343, 5.137499495905343] [-0.003934686654333685, -0.004326917063385561]
	[5.16216051792678, 5.16216051792678] [-0.004040185625101273, -0.004228577829002769]
	[5.261435140735502, 5.261435140735502] [-0.004439394316807469, -0.003807328254971756]
	[4.653584105041025, 4.653584105041025] [-0.0014698143291315548, -0.005660708098735378]
