source:
	0.8677074366925424,0.8384518587880533
target:
	0.3847326666668426,0.017250393139059406
points:
	[0.25598646437350964, 0.25598646437350964] [-0.002593084623364552, -0.009167309294586588]
	[0.241912210981986, 0.241912210981986] [-0.00272184657692084, -0.009129906832944552]
	[0.2550722930334008, 0.2550722930334008] [-0.002601464030087987, -0.009164934940669339]
	[-0.26731246759173716, -0.26731246759173716] [-0.006827339762873489, -0.006644627854803449]
	[-0.8955042849824713, -0.8955042849824713] [-0.009428875418368602, -0.0013638020059479475]
	[-0.8955042849824713, -0.8955042849824713] [-0.009428875418368602, -0.0013638020059479475]
	[-0.853275190429305, -0.853275190429305] [-0.009362894419674292, -0.0017606406937746666]
	[-1.702649417741663, -1.702649417741663] [-0.007505760539350364, 0.005867470178234762]
	[-0.8885324663510844, -0.8885324663510844] [-0.009419138164926564, -0.0014295047382108014]
	[-0.8885324663510844, -0.8885324663510844] [-0.009419138164926564, -0.0014295047382108014]
	[-1.5068558084483543, -1.5068558084483543] [-0.008503839603536343, 0.004295155359689585]
	[-1.5068558084483543, -1.5068558084483543] [-0.008503839603536343, 0.004295155359689585]
	[-1.5068558084483543, -1.5068558084483543] [-0.008503839603536343, 0.004295155359689585]
	[-1.7177193689511183, -1.7177193689511183] [-0.007416489120995355, 0.005979911093377631]
	[-0.9327610789057527, -0.9327610789057527] [-0.009473131348167381, -0.0010116471849967081]
	[-0.6349519874919147, -0.6349519874919147] [-0.008759295734002893, -0.0037467833952367774]
	[-0.1864834056141853, -0.1864834056141853] [-0.00626855483820572, -0.007174180636626802]
	[-0.1864834056141853, -0.1864834056141853] [-0.00626855483820572, -0.007174180636626802]
	[-0.5975632197998608, -0.5975632197998608] [-0.008613119072369743, -0.004071587824390371]
	[-0.667389184501334, -0.667389184501334] [-0.00887620183589726, -0.003460735259299305]
	[-0.667389184501334, -0.667389184501334] [-0.00887620183589726, -0.003460735259299305]
	[-1.3895611169055644, -1.3895611169055644] [-0.008948053041314416, 0.0032704731058926517]
	[-1.5434554136133374, -1.5434554136133374] [-0.00834097876378847, 0.004603446624929312]
	[-1.5268237559817104, -1.5268237559817104] [-0.008416384601357385, 0.0044640920475027875]
	[-1.5268237559817104, -1.5268237559817104] [-0.008416384601357385, 0.0044640920475027875]
	[-1.5268237559817104, -1.5268237559817104] [-0.008416384601357385, 0.0044640920475027875]
	[-1.6101669484405274, -1.6101669484405274] [-0.008015549929361225, 0.005149233622245215]
	[-1.9730833156743932, -1.9730833156743932] [-0.005665471957578656, 0.007659378242679569]
	[-1.7947152777951727, -1.7947152777951727] [-0.0069345422414849225, 0.0065326695513859105]
	[-1.7947152777951727, -1.7947152777951727] [-0.0069345422414849225, 0.0065326695513859105]
	[-1.7947152777951727, -1.7947152777951727] [-0.0069345422414849225, 0.0065326695513859105]
	[-2.6134407294188096, -2.6134407294188096] [3.3299807081917005e-05, 0.009526937529415821]
	[-2.009963449472991, -2.009963449472991] [-0.005379204601246126, 0.00786306590487933]
	[-2.009963449472991, -2.009963449472991] [-0.005379204601246126, 0.00786306590487933]
	[-2.009963449472991, -2.009963449472991] [-0.005379204601246126, 0.00786306590487933]
	[-1.8250962337974492, -1.8250962337974492] [-0.006732903971328763, 0.006740300562987431]
	[-1.8250962337974492, -1.8250962337974492] [-0.006732903971328763, 0.006740300562987431]
	[-1.8250962337974492, -1.8250962337974492] [-0.006732903971328763, 0.006740300562987431]
	[-1.8250962337974492, -1.8250962337974492] [-0.006732903971328763, 0.006740300562987431]
	[-2.671466333936788, -2.671466333936788] [0.000585739910858224, 0.009508972411536965]
	[-3.209793583533026, -3.209793583533026] [0.0053781525469843525, 0.007863785522756139]
	[-4.056596734256528, -4.056596734256528] [0.009453675022948803, 0.0011796932342847811]
	[-4.853603319667358, -4.853603319667358] [0.007450505622494746, -0.0059374753503250435]
	[-4.853603319667358, -4.853603319667358] [0.007450505622494746, -0.0059374753503250435]
	[-5.4092691061829905, -5.4092691061829905] [0.003197500835569274, -0.00897438777706185]
	[-5.525479962495901, -5.525479962495901] [0.002135358620615757, -0.009284605060416156]
	[-5.525479962495901, -5.525479962495901] [0.002135358620615757, -0.009284605060416156]
	[-5.525479962495901, -5.525479962495901] [0.002135358620615757, -0.009284605060416156]
	[-5.525479962495901, -5.525479962495901] [0.002135358620615757, -0.009284605060416156]
	[-5.525479962495901, -5.525479962495901] [0.002135358620615757, -0.009284605060416156]
	[-5.989574896612054, -5.989574896612054] [-0.002246420520924374, -0.009258360676151755]
	[-5.989574896612054, -5.989574896612054] [-0.002246420520924374, -0.009258360676151755]
	[-5.955596698068222, -5.955596698068222] [-0.0019306019903481712, -0.009329331354465174]
	[-6.168639430839946, -6.168639430839946] [-0.0038595006021622043, -0.00871021829051677]
	[-6.168639430839946, -6.168639430839946] [-0.0038595006021622043, -0.00871021829051677]
	[-6.168639430839946, -6.168639430839946] [-0.0038595006021622043, -0.00871021829051677]
	[-5.665047900072669, -5.665047900072669] [0.0008229645026239194, -0.009491384356033859]
	[-6.280753622201367, -6.280753622201367] [-0.0048097644078918655, -0.008223734790660502]
	[-6.576384181503911, -6.576384181503911] [-0.006997038699312722, -0.006465686120348208]
	[-6.576384181503911, -6.576384181503911] [-0.006997038699312722, -0.006465686120348208]
	[-6.576384181503911, -6.576384181503911] [-0.006997038699312722, -0.006465686120348208]
	[-6.391414856130885, -6.391414856130885] [-0.005688536862166077, -0.007642263796436305]
	[-6.368192891278414, -6.368192891278414] [-0.005509550700439976, -0.007772290437562449]
	[-6.64482590707737, -6.64482590707737] [-0.007422834400304942, -0.005972032906154561]
	[-7.363885402747223, -7.363885402747223] [-0.00951877279473606, 0.0003957424019940132]
	[-7.022286642235644, -7.022286642235644] [-0.009101352202099088, -0.0028158543392529027]
	[-6.37273797779379, -6.37273797779379] [-0.005544819403744306, -0.007747168860067785]
	[-6.936774005094294, -6.936774005094294] [-0.00882759828323329, -0.003582897726198723]
	[-7.234859753929106, -7.234859753929106] [-0.009490569570419948, -0.0008323081133584047]
	[-7.234859753929106, -7.234859753929106] [-0.009490569570419948, -0.0008323081133584047]
	[-6.866911057704801, -6.866911057704801] [-0.008555955811180186, -0.004190377992935164]
	[-6.107980035513038, -6.107980035513038] [-0.0033243695286962346, -0.008928169734229927]
	[-6.107980035513038, -6.107980035513038] [-0.0033243695286962346, -0.008928169734229927]
	[-5.37027957608578, -5.37027957608578] [0.0035448892647328475, -0.008842929812416534]
	[-4.704439000824331, -4.704439000824331] [0.008250151140307038, -0.004764310414806513]
	[-4.71421019088764, -4.71421019088764] [0.00820320505528112, -0.004844695489662234]
	[-4.8909990758405995, -4.8909990758405995] [0.00722331204417075, -0.006211876582730945]
	[-4.8909990758405995, -4.8909990758405995] [0.00722331204417075, -0.006211876582730945]
	[-4.958821287693272, -4.958821287693272] [0.006785725031534922, -0.006687120707968693]
	[-4.267418858532368, -4.267418858532368] [0.009491230333342452, -0.0008247389441413805]
	[-4.005645581557709, -4.005645581557709] [0.009381325985709657, 0.0016596295720407114]
	[-3.437674996822428, -3.437674996822428] [0.007015653190332168, 0.006445483525657745]
	[-3.3814995953151534, -3.3814995953151534] [0.006642699316009926, 0.006829216160264996]
	[-3.3814995953151534, -3.3814995953151534] [0.006642699316009926, 0.006829216160264996]
	[-2.8253236446894485, -2.8253236446894485] [0.002036080350363962, 0.009306880485608758]
