source:
	0.4883584422421764,0.29314331878643074
target:
	0.8087746995985483,0.806034546458256
points:
	[-0.1452976613065188, -0.1452976613065188] [0.003912999460452245, 0.004610947208827936]
	[-0.1452976613065188, -0.1452976613065188] [0.003912999460452245, 0.004610947208827936]
	[0.1542534433227082, 0.1542534433227082] [0.002378099331185455, 0.005560309569719385]
	[0.1542534433227082, 0.1542534433227082] [0.002378099331185455, 0.005560309569719385]
	[0.1542534433227082, 0.1542534433227082] [0.002378099331185455, 0.005560309569719385]
	[0.6365206987733686, 0.6365206987733686] [-0.00047194377613704293, 0.006029068585798571]
	[0.12774833095833893, 0.12774833095833893] [0.0025246234224192165, 0.005495332156937374]
	[0.9930770353511573, 0.9930770353511573] [-0.002546702373461379, 0.00548513499935087]
	[0.8055793086863055, 0.8055793086863055] [-0.0014796332014521615, 0.005863709110218387]
	[0.8055793086863055, 0.8055793086863055] [-0.0014796332014521615, 0.005863709110218387]
	[0.8055793086863055, 0.8055793086863055] [-0.0014796332014521615, 0.005863709110218387]
	[0.8055793086863055, 0.8055793086863055] [-0.0014796332014521615, 0.005863709110218387]
	[1.2619060570210376, 1.2619060570210376] [-0.0039120980365486375, 0.004611712034866226]
	[1.0186342640003208, 1.0186342640003208] [-0.002686040290518208, 0.005418264159102114]
	[1.848019341934784, 1.848019341934784] [-0.005810019771338213, 0.0016781147746077283]
	[1.848019341934784, 1.848019341934784] [-0.005810019771338213, 0.0016781147746077283]
	[1.9710644487649298, 1.9710644487649298] [-0.005972056274348127, 0.0009523354430644983]
	[2.7005672347340735, 2.7005672347340735] [-0.00508693377088143, -0.0032703981027947834]
	[2.287182342640632, 2.287182342640632] [-0.005972198808349456, -0.0009514411876973967]
	[2.287182342640632, 2.287182342640632] [-0.005972198808349456, -0.0009514411876973967]
	[1.6060557793793677, 1.6060557793793677] [-0.005238678011185264, 0.003021365855903865]
	[1.6060557793793677, 1.6060557793793677] [-0.005238678011185264, 0.003021365855903865]
	[1.1633811243192091, 1.1633811243192091] [-0.00343949183628849, 0.00497416272835967]
	[1.621287080875445, 1.621287080875445] [-0.005284087910754992, 0.0029412265964237844]
	[0.9406492189157001, 0.9406492189157001] [-0.002255761217481447, 0.005611055183279194]
	[0.9406492189157001, 0.9406492189157001] [-0.002255761217481447, 0.005611055183279194]
	[0.8255030344983048, 0.8255030344983048] [-0.0015961587409158288, 0.005833067478942421]
	[0.441617924960636, 0.441617924960636] [0.0007046484190057609, 0.006006319134519108]
	[0.441617924960636, 0.441617924960636] [0.0007046484190057609, 0.006006319134519108]
	[0.08037999258847245, 0.08037999258847245] [0.002781999048540676, 0.005369625707069019]
	[0.18788571402290388, 0.18788571402290388] [0.0021897839046683795, 0.005637130953858798]
	[0.18788571402290388, 0.18788571402290388] [0.0021897839046683795, 0.005637130953858798]
	[0.18662950182137594, 0.18662950182137594] [0.0021968636076768046, 0.005634375673432056]
	[0.18662950182137594, 0.18662950182137594] [0.0021968636076768046, 0.005634375673432056]
	[0.6552601273204459, 0.6552601273204459] [-0.0005848356007647263, 0.006019166575214201]
	[-0.13025290674751644, -0.13025290674751644] [0.0038431886734503176, 0.0046692932827528495]
	[-0.13025290674751644, -0.13025290674751644] [0.0038431886734503176, 0.0046692932827528495]
	[-0.06152984559769331, -0.06152984559769331] [0.003513481222818356, 0.0049221792568943]
	[-0.06152984559769331, -0.06152984559769331] [0.003513481222818356, 0.0049221792568943]
	[-0.909604759104623, -0.909604759104623] [0.006015591795259413, 0.0006205274312271154]
	[-0.909604759104623, -0.909604759104623] [0.006015591795259413, 0.0006205274312271154]
	[-0.5397233153879806, -0.5397233153879806] [0.0053844348858558926, 0.002753227179161888]
	[-0.5397233153879806, -0.5397233153879806] [0.0053844348858558926, 0.002753227179161888]
	[-0.5397233153879806, -0.5397233153879806] [0.0053844348858558926, 0.002753227179161888]
	[-0.5397233153879806, -0.5397233153879806] [0.0053844348858558926, 0.002753227179161888]
	[-0.5397233153879806, -0.5397233153879806] [0.0053844348858558926, 0.002753227179161888]
	[-0.5397233153879806, -0.5397233153879806] [0.0053844348858558926, 0.002753227179161888]
	[0.196550064806583, 0.196550064806583] [0.002140860241680439, 0.005655892181229205]
	[0.196550064806583, 0.196550064806583] [0.002140860241680439, 0.005655892181229205]
	[-0.6120718545971713, -0.6120718545971713] [0.005569367365730481, 0.002356808453318598]
	[-0.3671681113456646, -0.3671681113456646] [0.004831742454864179, 0.003636848057035208]
