source:
	0.08718211231297746,0.8154982049194759
target:
	0.763445957307805,0.6694885427953496
points:
	[0, 0] [0.006762638449948275, -0.0014600966212412626]
	[0, 0] [0.006762638449948275, -0.0014600966212412626]
	[0, 0] [0.006762638449948275, -0.0014600966212412626]
	[0, 0] [0.006762638449948275, -0.0014600966212412626]
	[0, 0] [0.006762638449948275, -0.0014600966212412626]
	[0, 0] [0.006762638449948275, -0.0014600966212412626]
	[0, 0] [0.006762638449948275, -0.0014600966212412626]
	[0, 0] [0.006762638449948275, -0.0014600966212412626]
	[-0.45557895618619976, -0.45557895618619976] [0.006715309595792627, 0.0016642649971487183]
	[-0.45557895618619976, -0.45557895618619976] [0.006715309595792627, 0.0016642649971487183]
	[-0.8876031402217717, -0.8876031402217717] [0.005401463219929659, 0.004323118785301428]
	[-1.1610583874153255, -1.1610583874153255] [0.004033262824494253, 0.005621205559008814]
	[-1.020449037635528, -1.020449037635528] [0.004781249827016584, 0.005000481080829407]
	[-1.020449037635528, -1.020449037635528] [0.004781249827016584, 0.005000481080829407]
	[-1.020449037635528, -1.020449037635528] [0.004781249827016584, 0.005000481080829407]
	[-1.020449037635528, -1.020449037635528] [0.004781249827016584, 0.005000481080829407]
	[-1.020449037635528, -1.020449037635528] [0.004781249827016584, 0.005000481080829407]
	[-1.020449037635528, -1.020449037635528] [0.004781249827016584, 0.005000481080829407]
	[-1.020449037635528, -1.020449037635528] [0.004781249827016584, 0.005000481080829407]
	[-1.020449037635528, -1.020449037635528] [0.004781249827016584, 0.005000481080829407]
	[-1.020449037635528, -1.020449037635528] [0.004781249827016584, 0.005000481080829407]
	[-1.020449037635528, -1.020449037635528] [0.004781249827016584, 0.005000481080829407]
	[-1.020449037635528, -1.020449037635528] [0.004781249827016584, 0.005000481080829407]
	[-1.020449037635528, -1.020449037635528] [0.004781249827016584, 0.005000481080829407]
	[-0.3825386432647817, -0.3825386432647817] [0.006818855229498908, 0.001169775323390927]
	[-0.3825386432647817, -0.3825386432647817] [0.006818855229498908, 0.001169775323390927]
	[-0.3825386432647817, -0.3825386432647817] [0.006818855229498908, 0.001169775323390927]
	[-0.3825386432647817, -0.3825386432647817] [0.006818855229498908, 0.001169775323390927]
	[-1.2450933292130855, -1.2450933292130855] [0.003547208111675888, 0.005939905349459681]
	[-1.2450933292130855, -1.2450933292130855] [0.003547208111675888, 0.005939905349459681]
	[-1.2450933292130855, -1.2450933292130855] [0.003547208111675888, 0.005939905349459681]
	[-1.2450933292130855, -1.2450933292130855] [0.003547208111675888, 0.005939905349459681]
	[-1.2450933292130855, -1.2450933292130855] [0.003547208111675888, 0.005939905349459681]
	[-1.2450933292130855, -1.2450933292130855] [0.003547208111675888, 0.005939905349459681]
	[-1.2450933292130855, -1.2450933292130855] [0.003547208111675888, 0.005939905349459681]
	[-1.2450933292130855, -1.2450933292130855] [0.003547208111675888, 0.005939905349459681]
	[-1.3859254251348272, -1.3859254251348272] [0.0026783223017140235, 0.006379008590386147]
	[-0.5658951211079127, -0.5658951211079127] [0.006491266337110066, 0.0023934540498577826]
	[-0.5658951211079127, -0.5658951211079127] [0.006491266337110066, 0.0023934540498577826]
	[-0.5658951211079127, -0.5658951211079127] [0.006491266337110066, 0.0023934540498577826]
	[-0.3124653929642153, -0.3124653929642153] [0.0068840237944349115, 0.000689476138624775]
	[-0.3124653929642153, -0.3124653929642153] [0.0068840237944349115, 0.000689476138624775]
	[-0.3124653929642153, -0.3124653929642153] [0.0068840237944349115, 0.000689476138624775]
	[-0.3124653929642153, -0.3124653929642153] [0.0068840237944349115, 0.000689476138624775]
	[-0.3124653929642153, -0.3124653929642153] [0.0068840237944349115, 0.000689476138624775]
	[-0.2807565811808503, -0.2807565811808503] [0.006902422123546724, 0.00047088191348966453]
	[-0.2807565811808503, -0.2807565811808503] [0.006902422123546724, 0.00047088191348966453]
	[-0.2807565811808503, -0.2807565811808503] [0.006902422123546724, 0.00047088191348966453]
	[0.4417692367396247, 0.4417692367396247] [0.005489153565522967, -0.004211217648398791]
	[0.4417692367396247, 0.4417692367396247] [0.005489153565522967, -0.004211217648398791]
	[0.4417692367396247, 0.4417692367396247] [0.005489153565522967, -0.004211217648398791]
	[0.9610327932525327, 0.9610327932525327] [0.00267582161605532, -0.0063800579642453135]
	[0.9610327932525327, 0.9610327932525327] [0.00267582161605532, -0.0063800579642453135]
	[0.9610327932525327, 0.9610327932525327] [0.00267582161605532, -0.0063800579642453135]
	[1.385516598842677, 1.385516598842677] [-0.00018928344183299654, -0.006915875412897981]
	[1.385516598842677, 1.385516598842677] [-0.00018928344183299654, -0.006915875412897981]
	[1.5515245818442294, 1.5515245818442294] [-0.001329505713324414, -0.006789519534276096]
