source:
	0.7460524595362065,0.49041218391778985
target:
	0.07243729453619119,0.3048167150512596
points:
	[0, 0] [-0.006736151650000153, -0.0018559546886653022]
	[-0.03551232843265553, -0.03551232843265553] [-0.006797799950187175, -0.0016156183631705048]
	[0.5165185235739618, 0.5165185235739618] [-0.004940804795614927, -0.004940521716358206]
	[0.5165185235739618, 0.5165185235739618] [-0.004940804795614927, -0.004940521716358206]
	[1.0866807450452467, 1.0866807450452467] [-0.001492497233809252, -0.006825888869975121]
	[1.0866807450452467, 1.0866807450452467] [-0.001492497233809252, -0.006825888869975121]
	[1.0866807450452467, 1.0866807450452467] [-0.001492497233809252, -0.006825888869975121]
	[1.6278246364513425, 1.6278246364513425] [0.0022368806639271686, -0.0066194162698479135]
	[0.8505184396873289, 0.8505184396873289] [-0.003048145032802603, -0.006287218678969209]
	[0.8505184396873289, 0.8505184396873289] [-0.003048145032802603, -0.006287218678969209]
	[0.6971482197999255, 0.6971482197999255] [-0.003972861588886114, -0.0057477541399864876]
	[1.056641616500964, 1.056641616500964] [-0.0016968368253072305, -0.00677798285970537]
	[1.056641616500964, 1.056641616500964] [-0.0016968368253072305, -0.00677798285970537]
	[1.6278139437748198, 1.6278139437748198] [0.0022368098845223527, -0.0066194401877108615]
	[1.6278139437748198, 1.6278139437748198] [0.0022368098845223527, -0.0066194401877108615]
	[1.6278139437748198, 1.6278139437748198] [0.0022368098845223527, -0.0066194401877108615]
	[1.6278139437748198, 1.6278139437748198] [0.0022368098845223527, -0.0066194401877108615]
	[1.6278139437748198, 1.6278139437748198] [0.0022368098845223527, -0.0066194401877108615]
	[1.6278139437748198, 1.6278139437748198] [0.0022368098845223527, -0.0066194401877108615]
	[1.6278139437748198, 1.6278139437748198] [0.0022368098845223527, -0.0066194401877108615]
	[1.7794684270894328, 1.7794684270894328] [0.003211161056323198, -0.006205542001189888]
	[1.7794684270894328, 1.7794684270894328] [0.003211161056323198, -0.006205542001189888]
	[1.7794684270894328, 1.7794684270894328] [0.003211161056323198, -0.006205542001189888]
	[1.7794684270894328, 1.7794684270894328] [0.003211161056323198, -0.006205542001189888]
	[1.7794684270894328, 1.7794684270894328] [0.003211161056323198, -0.006205542001189888]
	[1.7794684270894328, 1.7794684270894328] [0.003211161056323198, -0.006205542001189888]
	[2.389126314442037, 2.389126314442037] [0.006185863749421791, -0.003248906974932937]
	[2.389126314442037, 2.389126314442037] [0.006185863749421791, -0.003248906974932937]
	[2.389126314442037, 2.389126314442037] [0.006185863749421791, -0.003248906974932937]
	[2.389126314442037, 2.389126314442037] [0.006185863749421791, -0.003248906974932937]
	[1.87901337414663, 1.87901337414663] [0.0038119748304300755, -0.005855694215918903]
	[1.87901337414663, 1.87901337414663] [0.0038119748304300755, -0.005855694215918903]
	[1.244658426829922, 1.244658426829922] [-0.00040005349156242037, -0.006975690937969315]
	[1.244658426829922, 1.244658426829922] [-0.00040005349156242037, -0.006975690937969315]
	[1.244658426829922, 1.244658426829922] [-0.00040005349156242037, -0.006975690937969315]
	[1.244658426829922, 1.244658426829922] [-0.00040005349156242037, -0.006975690937969315]
	[1.244658426829922, 1.244658426829922] [-0.00040005349156242037, -0.006975690937969315]
	[1.9973149050842638, 1.9973149050842638] [0.004476454032551826, -0.005364854718688009]
	[2.0738329984705373, 2.0738329984705373] [0.004873463547076267, -0.005006961145594932]
	[2.0738329984705373, 2.0738329984705373] [0.004873463547076267, -0.005006961145594932]
	[2.0738329984705373, 2.0738329984705373] [0.004873463547076267, -0.005006961145594932]
	[2.0738329984705373, 2.0738329984705373] [0.004873463547076267, -0.005006961145594932]
	[2.0738329984705373, 2.0738329984705373] [0.004873463547076267, -0.005006961145594932]
	[2.5492017681736736, 2.5492017681736736] [0.006624631128326574, -0.002221389041069819]
	[2.1505757796179537, 2.1505757796179537] [0.0052429906340165245, -0.004618588103500192]
	[1.759625443534875, 1.759625443534875] [0.0030874005020443324, -0.006268035178439485]
	[1.759625443534875, 1.759625443534875] [0.0030874005020443324, -0.006268035178439485]
	[1.8703359282852745, 1.8703359282852745] [0.003761019482301575, -0.005888551546172156]
	[1.8703359282852745, 1.8703359282852745] [0.003761019482301575, -0.005888551546172156]
	[1.8703359282852745, 1.8703359282852745] [0.003761019482301575, -0.005888551546172156]
	[2.038710620018593, 2.038710620018593] [0.0046946377179572585, -0.005175005657514933]
	[2.6323436129162077, 2.6323436129162077] [0.006786225389252824, -0.0016635659964181935]
	[2.6323436129162077, 2.6323436129162077] [0.006786225389252824, -0.0016635659964181935]
	[2.6323436129162077, 2.6323436129162077] [0.006786225389252824, -0.0016635659964181935]
	[2.6323436129162077, 2.6323436129162077] [0.006786225389252824, -0.0016635659964181935]
	[2.6323436129162077, 2.6323436129162077] [0.006786225389252824, -0.0016635659964181935]
	[2.6323436129162077, 2.6323436129162077] [0.006786225389252824, -0.0016635659964181935]
	[2.6323436129162077, 2.6323436129162077] [0.006786225389252824, -0.0016635659964181935]
	[2.470905029978738, 2.470905029978738] [0.00643058588552281, -0.00273274075372936]
	[2.708116929784956, 2.708116929784956] [0.006892686151051575, -0.001145069640362687]
	[2.540626601763152, 2.540626601763152] [0.00660533901649553, -0.002278113986467836]
	[2.540626601763152, 2.540626601763152] [0.00660533901649553, -0.002278113986467836]
	[2.540626601763152, 2.540626601763152] [0.00660533901649553, -0.002278113986467836]
	[2.540626601763152, 2.540626601763152] [0.00660533901649553, -0.002278113986467836]
	[2.540626601763152, 2.540626601763152] [0.00660533901649553, -0.002278113986467836]
	[2.540626601763152, 2.540626601763152] [0.00660533901649553, -0.002278113986467836]
	[2.0589302438474686, 2.0589302438474686] [0.004798307626829356, -0.005079030495723543]
	[1.3017421141486583, 1.3017421141486583] [-1.419934272164631e-06, -0.006987152842321769]
	[1.3474178998750606, 1.3474178998750606] [0.00031761428391725106, -0.0069799303739242445]
	[1.553608436710309, 1.553608436710309] [0.0017399060155025997, -0.006767055040074402]
	[1.4588957108864484, 1.4588957108864484] [0.0010921395134978606, -0.006901270762782399]
