source:
	0.5755823241384485,0.7663063139455442
target:
	0.8918632155746664,0.24104076572857147
points:
	[0, 0] [0.00316280891436218, -0.005252655482169727]
	[0.21160327187657274, 0.21160327187657274] [0.001989060804555866, -0.005799774733463028]
	[0.21160327187657274, 0.21160327187657274] [0.001989060804555866, -0.005799774733463028]
	[0.10555431597553121, 0.10555431597553121] [0.0025917942516260756, -0.005556649386129612]
	[-0.4022336043160021, -0.4022336043160021] [0.004966663119022161, -0.0035952756925278525]
	[-0.8262836698948071, -0.8262836698948071] [0.006006060531238232, -0.0012332829108679386]
	[-0.5890207474347648, -0.5890207474347648] [0.0055479257685377625, -0.0026104155818434823]
	[-0.5384222415987965, -0.5384222415987965] [0.005408798584239745, -0.0028876716777124583]
	[-0.5384222415987965, -0.5384222415987965] [0.005408798584239745, -0.0028876716777124583]
	[-0.0007666784489831491, -0.0007666784489831491] [0.0031668350821828523, -0.005250229081229931]
	[0.8425752625349854, 0.8425752625349854] [-0.001815384317239601, -0.005856460503056183]
	[0.8425752625349854, 0.8425752625349854] [-0.001815384317239601, -0.005856460503056183]
	[0.3524454013327279, 0.3524454013327279] [0.0011552106690186342, -0.006021564427399419]
	[0.3524454013327279, 0.3524454013327279] [0.0011552106690186342, -0.006021564427399419]
	[0.3524454013327279, 0.3524454013327279] [0.0011552106690186342, -0.006021564427399419]
	[-0.07103515755417261, -0.07103515755417261] [0.00352764200519048, -0.00501492689142646]
	[0.39974826345882725, 0.39974826345882725] [0.0008691874626162865, -0.006069453270103266]
	[0.7288880947131982, 0.7288880947131982] [-0.0011392941270509883, -0.00602459614706278]
	[0.8758126221428942, 0.8758126221428942] [-0.0020089991081048593, -0.005792898447821302]
	[0.8758126221428942, 0.8758126221428942] [-0.0020089991081048593, -0.005792898447821302]
	[1.6716950796748575, 1.6716950796748575] [-0.005544522950003789, -0.002617635402422928]
	[2.0740729751711178, 2.0740729751711178] [-0.006126780642001891, -0.00023729477012242748]
	[1.7486949103424436, 1.7486949103424436] [-0.005729452773715404, -0.0021833737098585376]
	[1.4281195033776153, 1.4281195033776153] [-0.004749552749955581, -0.0038775634770466284]
	[1.4281195033776153, 1.4281195033776153] [-0.004749552749955581, -0.0038775634770466284]
	[1.4281195033776153, 1.4281195033776153] [-0.004749552749955581, -0.0038775634770466284]
	[1.6807981117710045, 1.6807981117710045] [-0.005568121317601541, -0.0025670556744269986]
	[0.8212146578046114, 0.8212146578046114] [-0.0016898821503665588, -0.005893899232342631]
	[0.08122083062440777, 0.08122083062440777] [0.002726226267995189, -0.0054919432060819414]
	[-0.16204949363903282, -0.16204949363903282] [0.00396884163824265, -0.004673547463510771]
	[-0.16204949363903282, -0.16204949363903282] [0.00396884163824265, -0.004673547463510771]
	[-0.6982728804917258, -0.6982728804917258] [0.005799475051512439, -0.0019899344134974278]
	[0.16676475599154006, 0.16676475599154006] [0.0022470278046857264, -0.005704788855698852]
	[-0.041740296118764286, -0.041740296118764286] [0.0033792378455105377, -0.0051161021712438325]
	[-0.835320290713497, -0.835320290713497] [0.006016959862254347, -0.0011789588029938619]
	[-0.027225830710184806, -0.027225830710184806] [0.0033046270195194252, -0.005164609385519754]
	[0.07266164764329823, 0.07266164764329823] [0.0027731323803416616, -0.005468408053925489]
	[0.6641136222031946, 0.6641136222031946] [-0.0007469376717361355, -0.006085707350643635]
	[0.9077909496976146, 0.9077909496976146] [-0.00219318761385796, -0.005725703269778883]
	[0.9463288870425723, 0.9463288870425723] [-0.0024121613633406452, -0.005636951960088286]
	[0.7868438537220739, 0.7868438537220739] [-0.0014863459035048192, -0.005948489362709747]
	[0.7868438537220739, 0.7868438537220739] [-0.0014863459035048192, -0.005948489362709747]
	[0.15952179941856603, 0.15952179941856603] [0.0022882880415996693, -0.005688364236035568]
	[0.15952179941856603, 0.15952179941856603] [0.0022882880415996693, -0.005688364236035568]
	[0.5809690387764385, 0.5809690387764385] [-0.00023894654733475285, -0.006126716444446679]
	[0.5809690387764385, 0.5809690387764385] [-0.00023894654733475285, -0.006126716444446679]
	[0.5809690387764385, 0.5809690387764385] [-0.00023894654733475285, -0.006126716444446679]
	[-0.11831245149412961, -0.11831245149412961] [0.00376070420826572, -0.004842608150683789]
	[0.033783622534282326, 0.033783622534282326] [0.002983584200288569, -0.0053564890705503155]
	[0.5912805880713324, 0.5912805880713324] [-0.0003021086631635512, -0.006123926860991899]
	[0.5912805880713324, 0.5912805880713324] [-0.0003021086631635512, -0.006123926860991899]
