source:
	0.71450922334424,0.0524676659390787
target:
	0.0403143634232811,0.2373818572197406
points:
	[0.5540717970891567, 0.5540717970891567] [-0.004760346399092119, 0.005119794809241185]
	[-0.10812455117768638, -0.10812455117768638] [-0.006902125484208452, 0.0011107927476908172]
	[-0.10812455117768638, -0.10812455117768638] [-0.006902125484208452, 0.0011107927476908172]
	[-0.10812455117768638, -0.10812455117768638] [-0.006902125484208452, 0.0011107927476908172]
	[-0.10812455117768638, -0.10812455117768638] [-0.006902125484208452, 0.0011107927476908172]
	[0.6396841931245782, 0.6396841931245782] [-0.004305128958057195, 0.005508090538705736]
	[0.06024184848468017, 0.06024184848468017] [-0.006618390400193969, 0.0022516894187926077]
	[0.06024184848468017, 0.06024184848468017] [-0.006618390400193969, 0.0022516894187926077]
	[0.6666634248283669, 0.6666634248283669] [-0.004154976222814881, 0.005622221030511453]
	[0.6666634248283669, 0.6666634248283669] [-0.004154976222814881, 0.005622221030511453]
	[1.1088119298157668, 1.1088119298157668] [-0.0013497615058846743, 0.006859397976886471]
	[1.1088119298157668, 1.1088119298157668] [-0.0013497615058846743, 0.006859397976886471]
	[0.5774235906276132, 0.5774235906276132] [-0.004639503008889662, 0.005229551468203182]
	[0.5774235906276132, 0.5774235906276132] [-0.004639503008889662, 0.005229551468203182]
	[0.5001057867974955, 0.5001057867974955] [-0.0050295770393604, 0.00485556912557333]
	[1.1445524531743763, 1.1445524531743763] [-0.001103793231765236, 0.006903248310005336]
	[1.1445524531743763, 1.1445524531743763] [-0.001103793231765236, 0.006903248310005336]
	[1.1445524531743763, 1.1445524531743763] [-0.001103793231765236, 0.006903248310005336]
	[1.8476713540149179, 1.8476713540149179] [0.0036216347450967784, 0.005979712242339933]
	[1.8476713540149179, 1.8476713540149179] [0.0036216347450967784, 0.005979712242339933]
	[1.8476713540149179, 1.8476713540149179] [0.0036216347450967784, 0.005979712242339933]
	[1.8476713540149179, 1.8476713540149179] [0.0036216347450967784, 0.005979712242339933]
	[1.3157775614751621, 1.3157775614751621] [8.859000152848314e-05, 0.006990375421943478]
	[1.1264433086684342, 1.1264433086684342] [-0.0012286173356801022, 0.006882128752831395]
	[1.1264433086684342, 1.1264433086684342] [-0.0012286173356801022, 0.006882128752831395]
	[1.59337487101107, 1.59337487101107] [0.0020008810463963264, 0.0066984827958467]
	[1.0530328042631578, 1.0530328042631578] [-0.0017300751345292397, 0.006773480402050773]
	[1.0530328042631578, 1.0530328042631578] [-0.0017300751345292397, 0.006773480402050773]
	[1.0530328042631578, 1.0530328042631578] [-0.0017300751345292397, 0.006773480402050773]
	[0.254279015999859, 0.254279015999859] [-0.006060013283055011, 0.003485604070642435]
	[0.24727254861956377, 0.24727254861956377] [-0.00608428611027336, 0.003443059577819841]
	[-0.6218435049565416, -0.6218435049565416] [-0.0065570848949979225, -0.0024244245519034753]
	[-1.2202496312165678, -1.2202496312165678] [-0.004051947934877382, -0.005696921507369151]
	[-1.2477036280583351, -1.2477036280583351] [-0.0038940373913703063, -0.0058060028869000935]
	[-1.2477036280583351, -1.2477036280583351] [-0.0038940373913703063, -0.0058060028869000935]
	[-1.2477036280583351, -1.2477036280583351] [-0.0038940373913703063, -0.0058060028869000935]
	[-1.2477036280583351, -1.2477036280583351] [-0.0038940373913703063, -0.0058060028869000935]
	[-1.2477036280583351, -1.2477036280583351] [-0.0038940373913703063, -0.0058060028869000935]
	[-0.4570739832655898, -0.4570739832655898] [-0.006865943140365231, -0.001316062886549848]
	[-0.4570739832655898, -0.4570739832655898] [-0.006865943140365231, -0.001316062886549848]
	[-0.7611079236092624, -0.7611079236092624] [-0.006157055900157958, -0.0033111719028785487]
	[-0.7611079236092624, -0.7611079236092624] [-0.006157055900157958, -0.0033111719028785487]
	[-0.7611079236092624, -0.7611079236092624] [-0.006157055900157958, -0.0033111719028785487]
	[-0.5910333234971077, -0.5910333234971077] [-0.006628658071150013, -0.0022212809151163364]
	[-0.5910333234971077, -0.5910333234971077] [-0.006628658071150013, -0.0022212809151163364]
	[-0.5910333234971077, -0.5910333234971077] [-0.006628658071150013, -0.0022212809151163364]
	[-0.741236079131329, -0.741236079131329] [-0.006221635022245121, -0.0031881741448759084]
	[-0.741236079131329, -0.741236079131329] [-0.006221635022245121, -0.0031881741448759084]
	[0.0588060712569769, 0.0588060712569769] [-0.006621616501714629, 0.0022421845669575906]
	[0.5726511699106585, 0.5726511699106585] [-0.0046644076993590565, 0.00520735033795905]
	[0.5726511699106585, 0.5726511699106585] [-0.0046644076993590565, 0.00520735033795905]
	[0.5588490846115258, 0.5588490846115258] [-0.004735833438924958, 0.005142477843106618]
	[0.23908829783462288, 0.23908829783462288] [-0.00611226089117773, 0.0033931494995448563]
	[1.0766619782891347, 1.0766619782891347] [-0.0015695553200003132, 0.0068124659871107605]
	[1.0766619782891347, 1.0766619782891347] [-0.0015695553200003132, 0.0068124659871107605]
	[1.7501088746638878, 1.7501088746638878] [0.0030219417705698286, 0.006304051448343959]
	[1.7501088746638878, 1.7501088746638878] [0.0030219417705698286, 0.006304051448343959]
	[1.2687554750972463, 1.2687554750972463] [-0.00024008883946489138, 0.006986812869774507]
	[1.6158075054718004, 1.6158075054718004] [0.0021506296362848805, 0.006651916182245191]
