source:
	0.1348788638828139,0.11659043722159257
target:
	0.5627969930028891,0.23263339885878997
points:
	[0.7973938949270578, 0.7973938949270578] [0.002158992687672557, 0.0038725624581266824]
	[0.7973938949270578, 0.7973938949270578] [0.002158992687672557, 0.0038725624581266824]
	[0.7973938949270578, 0.7973938949270578] [0.002158992687672557, 0.0038725624581266824]
	[0.7973938949270578, 0.7973938949270578] [0.002158992687672557, 0.0038725624581266824]
	[0.6068106168148804, 0.6068106168148804] [0.002853487647989416, 0.0033934639618371626]
	[0.6068106168148804, 0.6068106168148804] [0.002853487647989416, 0.0033934639618371626]
	[0.6068106168148804, 0.6068106168148804] [0.002853487647989416, 0.0033934639618371626]
	[0.6068106168148804, 0.6068106168148804] [0.002853487647989416, 0.0033934639618371626]
	[0.6068106168148804, 0.6068106168148804] [0.002853487647989416, 0.0033934639618371626]
	[0.6068106168148804, 0.6068106168148804] [0.002853487647989416, 0.0033934639618371626]
	[0.6068106168148804, 0.6068106168148804] [0.002853487647989416, 0.0033934639618371626]
	[0.6068106168148804, 0.6068106168148804] [0.002853487647989416, 0.0033934639618371626]
	[0.6068106168148804, 0.6068106168148804] [0.002853487647989416, 0.0033934639618371626]
	[1.0828033858350994, 1.0828033858350994] [0.0009813322383405707, 0.0043237687791450215]
	[1.0828033858350994, 1.0828033858350994] [0.0009813322383405707, 0.0043237687791450215]
	[1.0127842650874095, 1.0127842650874095] [0.0012814268141757375, 0.004244518198503472]
	[0.6370609879063225, 0.6370609879063225] [0.00274954426701606, 0.003478217322312518]
	[-0.011885075417187974, -0.011885075417187974] [0.004292670535659754, 0.0011094904640393914]
	[-0.011885075417187974, -0.011885075417187974] [0.004292670535659754, 0.0011094904640393914]
	[-0.01577973536813988, -0.01577973536813988] [0.0042969590564325396, 0.0010927635997131887]
	[-0.01577973536813988, -0.01577973536813988] [0.0042969590564325396, 0.0010927635997131887]
	[-0.29170989783253237, -0.29170989783253237] [0.004432129277080501, -0.00011924549786729972]
	[-0.29170989783253237, -0.29170989783253237] [0.004432129277080501, -0.00011924549786729972]
	[-0.29170989783253237, -0.29170989783253237] [0.004432129277080501, -0.00011924549786729972]
	[-0.29170989783253237, -0.29170989783253237] [0.004432129277080501, -0.00011924549786729972]
	[-0.29170989783253237, -0.29170989783253237] [0.004432129277080501, -0.00011924549786729972]
	[-0.4837413190695115, -0.4837413190695115] [0.004327901941413904, -0.0009629403943243358]
	[-0.4837413190695115, -0.4837413190695115] [0.004327901941413904, -0.0009629403943243358]
	[-0.4837413190695115, -0.4837413190695115] [0.004327901941413904, -0.0009629403943243358]
	[-0.7239913501277412, -0.7239913501277412] [0.0039744708375051415, -0.0019650880334827047]
	[-1.0999818286148209, -1.0999818286148209] [0.0029752631852947254, -0.0032872174244709808]
	[-1.3567842145335227, -1.3567842145335227] [0.002042778222096791, -0.0039351043890655316]
	[-1.3567842145335227, -1.3567842145335227] [0.002042778222096791, -0.0039351043890655316]
	[-1.3567842145335227, -1.3567842145335227] [0.002042778222096791, -0.0039351043890655316]
	[-1.3567842145335227, -1.3567842145335227] [0.002042778222096791, -0.0039351043890655316]
	[-1.3567842145335227, -1.3567842145335227] [0.002042778222096791, -0.0039351043890655316]
	[-1.3567842145335227, -1.3567842145335227] [0.002042778222096791, -0.0039351043890655316]
	[-1.3567842145335227, -1.3567842145335227] [0.002042778222096791, -0.0039351043890655316]
