source:
	0.47264811261632356,0.6883633644109098
target:
	0.06370389616515715,0.1126251993014582
points:
	[0.004593767675426118, 0.004593767675426118] [-0.004062951034745964, -0.0057761067842018255]
	[0.004593767675426118, 0.004593767675426118] [-0.004062951034745964, -0.0057761067842018255]
	[0.004593767675426118, 0.004593767675426118] [-0.004062951034745964, -0.0057761067842018255]
	[0.6137060116235248, 0.6137060116235248] [-2.7515380905207854e-05, -0.007061885272153555]
	[0.6137060116235248, 0.6137060116235248] [-2.7515380905207854e-05, -0.007061885272153555]
	[0.6137060116235248, 0.6137060116235248] [-2.7515380905207854e-05, -0.007061885272153555]
	[0.6137060116235248, 0.6137060116235248] [-2.7515380905207854e-05, -0.007061885272153555]
	[0.6137060116235248, 0.6137060116235248] [-2.7515380905207854e-05, -0.007061885272153555]
	[0.6137060116235248, 0.6137060116235248] [-2.7515380905207854e-05, -0.007061885272153555]
	[0.6137060116235248, 0.6137060116235248] [-2.7515380905207854e-05, -0.007061885272153555]
	[1.1655976188908737, 1.1655976188908737] [0.0036791086331381755, -0.006027863664584146]
	[0.3825844955173867, 0.3825844955173867] [-0.0016444453069072852, -0.006867807534128797]
	[0.3825844955173867, 0.3825844955173867] [-0.0016444453069072852, -0.006867807534128797]
	[0.3825844955173867, 0.3825844955173867] [-0.0016444453069072852, -0.006867807534128797]
	[0.4275521211765695, 0.4275521211765695] [-0.0013340580520694858, -0.006934786933061046]
	[0.4275521211765695, 0.4275521211765695] [-0.0013340580520694858, -0.006934786933061046]
	[0.654240562966883, 0.654240562966883] [0.0002586791908894564, -0.00705719956990352]
	[0.654240562966883, 0.654240562966883] [0.0002586791908894564, -0.00705719956990352]
	[-0.1465391366801474, -0.1465391366801474] [-0.0048862783947755655, -0.0050985551033596935]
	[-0.26374958099429, -0.26374958099429] [-0.0054489887594520135, -0.004492160080920008]
	[0.07467437553314654, 0.07467437553314654] [-0.003648516135796565, -0.006046429582826361]
	[0.1331023079463095, 0.1331023079463095] [-0.0032892108054276073, -0.006249165781982738]
	[0.74789968079362, 0.74789968079362] [0.0009175506158881626, -0.007002076946201671]
	[0.74789968079362, 0.74789968079362] [0.0009175506158881626, -0.007002076946201671]
	[0.16153704763659604, 0.16153704763659604] [-0.003110211716886654, -0.006340154869511204]
	[0.1373632067154082, 0.1373632067154082] [-0.003262553965018643, -0.006263124006323584]
	[0.059035480594006234, 0.059035480594006234] [-0.0037426255994779346, -0.005988633760331157]
	[-0.11710422100714143, -0.11710422100714143] [-0.004734107907767314, -0.005240152956819165]
	[0.07368702395866775, 0.07368702395866775] [-0.0036544843081933753, -0.006042824268040073]
	[0.07368702395866775, 0.07368702395866775] [-0.0036544843081933753, -0.006042824268040073]
	[-0.39658637962944887, -0.39658637962944887] [-0.005995954816408058, -0.0037308854891082723]
	[-1.175587381881949, -1.175587381881949] [-0.006888019922185541, 0.0015576142798590243]
	[-1.175587381881949, -1.175587381881949] [-0.006888019922185541, 0.0015576142798590243]
	[-1.175587381881949, -1.175587381881949] [-0.006888019922185541, 0.0015576142798590243]
	[-1.175587381881949, -1.175587381881949] [-0.006888019922185541, 0.0015576142798590243]
	[-0.32126393196736536, -0.32126393196736536] [-0.005698200141859587, -0.004171510018753045]
	[-1.039318956985666, -1.039318956985666] [-0.007035764074513583, 0.0006074574726099555]
	[-1.039318956985666, -1.039318956985666] [-0.007035764074513583, 0.0006074574726099555]
	[-1.8828891937333123, -1.8828891937333123] [-0.004223592421883295, 0.00565970385683347]
	[-2.3272128812670605, -2.3272128812670605] [-0.001380679663502169, 0.006925655518435579]
	[-2.41980135482473, -2.41980135482473] [-0.0007344457789419839, 0.00702364364778282]
	[-2.3798969871479794, -2.3798969871479794] [-0.0010140607876950938, 0.006988752493264078]
	[-2.258970203865158, -2.258970203865158] [-0.001849724474698588, 0.0068153870074227395]
	[-1.4611174850696274, -1.4611174850696274] [-0.006170413857379978, 0.003434672258294639]
	[-1.4582312710013605, -1.4582312710013605] [-0.006180301342537995, 0.0034168488419402915]
	[-1.165909885589699, -1.165909885589699] [-0.006902770950751881, 0.0014908835952889253]
	[-0.9671122538470444, -0.9671122538470444] [-0.007061254877030781, 9.828659549839775e-05]
	[-0.9671122538470444, -0.9671122538470444] [-0.007061254877030781, 9.828659549839775e-05]
	[-0.9671122538470444, -0.9671122538470444] [-0.007061254877030781, 9.828659549839775e-05]
	[-0.9671122538470444, -0.9671122538470444] [-0.007061254877030781, 9.828659549839775e-05]
	[-1.1731148783729788, -1.1731148783729788] [-0.006891850070869748, 0.0015405788827250295]
	[-1.1731148783729788, -1.1731148783729788] [-0.006891850070869748, 0.0015405788827250295]
	[-0.3383635772006388, -0.3383635772006388] [-0.005768694956644357, -0.004073467710738801]
	[-0.3383635772006388, -0.3383635772006388] [-0.005768694956644357, -0.004073467710738801]
	[-1.1264499171494347, -1.1264499171494347] [-0.006956212486802338, 0.0012174105846841055]
	[-1.1264499171494347, -1.1264499171494347] [-0.006956212486802338, 0.0012174105846841055]
	[-0.7305155200196278, -0.7305155200196278] [-0.006887575530054092, -0.0015595781516313187]
	[-0.7305155200196278, -0.7305155200196278] [-0.006887575530054092, -0.0015595781516313187]
	[-0.7305155200196278, -0.7305155200196278] [-0.006887575530054092, -0.0015595781516313187]
