source:
	0.11834535977251281,0.7391175922082627
target:
	0.828342988785452,0.5895091010950362
points:
	[0, 0] [0.007099976290129393, -0.001496084911132265]
	[0, 0] [0.007099976290129393, -0.001496084911132265]
	[0, 0] [0.007099976290129393, -0.001496084911132265]
	[0, 0] [0.007099976290129393, -0.001496084911132265]
	[0, 0] [0.007099976290129393, -0.001496084911132265]
	[0, 0] [0.007099976290129393, -0.001496084911132265]
	[-0.6053093176238251, -0.6053093176238251] [0.006689792971984973, 0.0028097336837674893]
	[-0.6053093176238251, -0.6053093176238251] [0.006689792971984973, 0.0028097336837674893]
	[-0.6053093176238251, -0.6053093176238251] [0.006689792971984973, 0.0028097336837674893]
	[-0.6053093176238251, -0.6053093176238251] [0.006689792971984973, 0.0028097336837674893]
	[-0.6053093176238251, -0.6053093176238251] [0.006689792971984973, 0.0028097336837674893]
	[-0.6053093176238251, -0.6053093176238251] [0.006689792971984973, 0.0028097336837674893]
	[-0.542088280978886, -0.542088280978886] [0.006853944178107544, 0.002381466477845716]
	[-0.542088280978886, -0.542088280978886] [0.006853944178107544, 0.002381466477845716]
	[-0.542088280978886, -0.542088280978886] [0.006853944178107544, 0.002381466477845716]
	[0.3080212231317798, 0.3080212231317798] [0.006312244951207187, -0.0035781974592909984]
	[0.3080212231317798, 0.3080212231317798] [0.006312244951207187, -0.0035781974592909984]
	[0.33676127700652325, 0.33676127700652325] [0.006206814771650482, -0.0037581090686858126]
	[-0.11802107180119403, -0.11802107180119403] [0.007226745894065615, -0.0006496746603669798]
	[-0.4154953286471515, -0.4154953286471515] [0.00709976988163874, 0.0014970641300534164]
	[-0.0836789018304831, -0.0836789018304831] [0.007200177904055397, -0.0008974249448670379]
	[0.3451804072762947, 0.3451804072762947] [0.006174955161954031, -0.0038102312435827883]
	[0.3291000829367311, 0.3291000829367311] [0.006235423942738406, -0.0037104476328391695]
	[0.3918948075432843, 0.3918948075432843] [0.005990290847376396, -0.004094429013373628]
	[1.027326953433542, 1.027326953433542] [0.0023909301337072483, -0.006850648617280542]
	[1.027326953433542, 1.027326953433542] [0.0023909301337072483, -0.006850648617280542]
	[1.027326953433542, 1.027326953433542] [0.0023909301337072483, -0.006850648617280542]
	[1.010083943868015, 1.010083943868015] [0.002508694651362259, -0.00680840543210696]
	[1.010083943868015, 1.010083943868015] [0.002508694651362259, -0.00680840543210696]
	[1.010083943868015, 1.010083943868015] [0.002508694651362259, -0.00680840543210696]
	[1.010083943868015, 1.010083943868015] [0.002508694651362259, -0.00680840543210696]
	[1.010083943868015, 1.010083943868015] [0.002508694651362259, -0.00680840543210696]
	[1.5997647471980576, 1.5997647471980576] [-0.0017011035538959769, -0.007053664301669002]
	[1.1144055468341731, 1.1144055468341731] [0.0017860797998095498, -0.007032627697413639]
	[1.1144055468341731, 1.1144055468341731] [0.0017860797998095498, -0.007032627697413639]
	[1.1144055468341731, 1.1144055468341731] [0.0017860797998095498, -0.007032627697413639]
	[0.7380670079646592, 0.7380670079646592] [0.0042456990225820165, -0.0058840439487960385]
	[0.38082086688603206, 0.38082086688603206] [0.006035264087176931, -0.004027843192050752]
	[0.38082086688603206, 0.38082086688603206] [0.006035264087176931, -0.004027843192050752]
	[0.38082086688603206, 0.38082086688603206] [0.006035264087176931, -0.004027843192050752]
	[0.38082086688603206, 0.38082086688603206] [0.006035264087176931, -0.004027843192050752]
	[-0.3289596287546342, -0.3289596287546342] [0.007202591276583523, 0.000877845250713414]
	[-0.3289596287546342, -0.3289596287546342] [0.007202591276583523, 0.000877845250713414]
	[-0.3289596287546342, -0.3289596287546342] [0.007202591276583523, 0.000877845250713414]
	[-0.3289596287546342, -0.3289596287546342] [0.007202591276583523, 0.000877845250713414]
	[-0.3289596287546342, -0.3289596287546342] [0.007202591276583523, 0.000877845250713414]
	[-0.7244931772428702, -0.7244931772428702] [0.006308252965480222, 0.0035852305233035095]
	[-0.7244931772428702, -0.7244931772428702] [0.006308252965480222, 0.0035852305233035095]
	[-0.7244931772428702, -0.7244931772428702] [0.006308252965480222, 0.0035852305233035095]
	[0.12166922025244786, 0.12166922025244786] [0.0068659104829070375, -0.002346743834001578]
	[0.12166922025244786, 0.12166922025244786] [0.0068659104829070375, -0.002346743834001578]
	[0.12166922025244786, 0.12166922025244786] [0.0068659104829070375, -0.002346743834001578]
	[0.12166922025244786, 0.12166922025244786] [0.0068659104829070375, -0.002346743834001578]
	[0.12166922025244786, 0.12166922025244786] [0.0068659104829070375, -0.002346743834001578]
	[0.8540750998058616, 0.8540750998058616] [0.0035360953094623077, -0.00633592639983419]
	[0.9384239325190471, 0.9384239325190471] [0.0029897290886400064, -0.006611312529162191]
	[0.9384239325190471, 0.9384239325190471] [0.0029897290886400064, -0.006611312529162191]
	[0.9384239325190471, 0.9384239325190471] [0.0029897290886400064, -0.006611312529162191]
