source:
	0.5146723079261833,0.8178276146938299
target:
	0.38090426870954264,0.36739115432441616
points:
	[0, 0] [-0.0013376803921664071, -0.0045043646036941375]
	[0, 0] [-0.0013376803921664071, -0.0045043646036941375]
	[0, 0] [-0.0013376803921664071, -0.0045043646036941375]
	[0, 0] [-0.0013376803921664071, -0.0045043646036941375]
	[-0.7428570235168197, -0.7428570235168197] [-0.0040319835009008775, -0.0024128403103111126]
	[-0.7428570235168197, -0.7428570235168197] [-0.0040319835009008775, -0.0024128403103111126]
	[-0.7428570235168197, -0.7428570235168197] [-0.0040319835009008775, -0.0024128403103111126]
	[-0.9869142979474463, -0.9869142979474463] [-0.004495540618263919, -0.0013670420125725371]
	[-0.9869142979474463, -0.9869142979474463] [-0.004495540618263919, -0.0013670420125725371]
	[-1.7623312996271903, -1.7623312996271903] [-0.004167345227303428, 0.0021706964483940295]
	[-1.7623312996271903, -1.7623312996271903] [-0.004167345227303428, 0.0021706964483940295]
	[-1.7623312996271903, -1.7623312996271903] [-0.004167345227303428, 0.0021706964483940295]
	[-1.7623312996271903, -1.7623312996271903] [-0.004167345227303428, 0.0021706964483940295]
	[-1.7623312996271903, -1.7623312996271903] [-0.004167345227303428, 0.0021706964483940295]
	[-1.4072872737722857, -1.4072872737722857] [-0.004662035621987943, 0.0005866116039720123]
	[-1.4072872737722857, -1.4072872737722857] [-0.004662035621987943, 0.0005866116039720123]
	[-1.5761156021140084, -1.5761156021140084] [-0.004497185422304659, 0.0013616213100600268]
	[-1.640285567366091, -1.640285567366091] [-0.00440061413994877, 0.001647205058844241]
	[-1.640285567366091, -1.640285567366091] [-0.00440061413994877, 0.001647205058844241]
	[-1.640285567366091, -1.640285567366091] [-0.00440061413994877, 0.001647205058844241]
	[-1.640285567366091, -1.640285567366091] [-0.00440061413994877, 0.001647205058844241]
	[-1.640285567366091, -1.640285567366091] [-0.00440061413994877, 0.001647205058844241]
	[-1.640285567366091, -1.640285567366091] [-0.00440061413994877, 0.001647205058844241]
	[-2.4681187491777252, -2.4681187491777252] [-0.0017637845812407684, 0.004355198418623019]
	[-3.0965484948616737, -3.0965484948616737] [0.0011334968512314674, 0.004560030066002577]
	[-3.0965484948616737, -3.0965484948616737] [0.0011334968512314674, 0.004560030066002577]
	[-3.0965484948616737, -3.0965484948616737] [0.0011334968512314674, 0.004560030066002577]
	[-3.0965484948616737, -3.0965484948616737] [0.0011334968512314674, 0.004560030066002577]
	[-3.0965484948616737, -3.0965484948616737] [0.0011334968512314674, 0.004560030066002577]
	[-3.0965484948616737, -3.0965484948616737] [0.0011334968512314674, 0.004560030066002577]
	[-3.0965484948616737, -3.0965484948616737] [0.0011334968512314674, 0.004560030066002577]
	[-3.0965484948616737, -3.0965484948616737] [0.0011334968512314674, 0.004560030066002577]
	[-3.0965484948616737, -3.0965484948616737] [0.0011334968512314674, 0.004560030066002577]
	[-3.0965484948616737, -3.0965484948616737] [0.0011334968512314674, 0.004560030066002577]
	[-2.6858296559657893, -2.6858296559657893] [-0.0007814477966270601, 0.004633360406416258]
	[-2.6858296559657893, -2.6858296559657893] [-0.0007814477966270601, 0.004633360406416258]
	[-3.469378776988467, -3.469378776988467] [0.002716629173367313, 0.0038338773127225586]
	[-2.6909160108514216, -2.6909160108514216] [-0.0007578708745049592, 0.004637275175377908]
	[-2.943715684831292, -2.943715684831292] [0.00042607229119493204, 0.004679439252439871]
	[-2.558315434542629, -2.558315434542629] [-0.001364322815686304, 0.004496366596397241]
	[-2.558315434542629, -2.558315434542629] [-0.001364322815686304, 0.004496366596397241]
	[-2.558315434542629, -2.558315434542629] [-0.001364322815686304, 0.004496366596397241]
	[-3.1540203274343597, -3.1540203274343597] [0.0013935544263057196, 0.004487392937499775]
	[-3.1540203274343597, -3.1540203274343597] [0.0013935544263057196, 0.004487392937499775]
	[-3.1540203274343597, -3.1540203274343597] [0.0013935544263057196, 0.004487392937499775]
	[-3.563864569681363, -3.563864569681363] [0.0030662199308696438, 0.003560475340475886]
	[-3.6998549621220858, -3.6998549621220858] [0.003520610633944321, 0.003111911001098406]
