source:
	0.7695063796977992,0.1446072488480783
target:
	0.0043322194473577325,0.7654078214999505
points:
	[0.7507753337061722, 0.7507753337061722] [-0.0013595106753729682, 0.009759109353600512]
	[0.7507753337061722, 0.7507753337061722] [-0.0013595106753729682, 0.009759109353600512]
	[0.7507753337061722, 0.7507753337061722] [-0.0013595106753729682, 0.009759109353600512]
	[0.7507753337061722, 0.7507753337061722] [-0.0013595106753729682, 0.009759109353600512]
	[0.804157292392284, 0.804157292392284] [-0.0008368610985071296, 0.009817746592461608]
	[0.22310831284696409, 0.22310831284696409] [-0.006088493167497389, 0.007747175975884612]
	[0.22310831284696409, 0.22310831284696409] [-0.006088493167497389, 0.007747175975884612]
	[-0.5230346657535837, -0.5230346657535837] [-0.00972972931892348, 0.0015559087481169659]
	[-0.5230346657535837, -0.5230346657535837] [-0.00972972931892348, 0.0015559087481169659]
	[-0.6563535509771266, -0.6563535509771266] [-0.0098502076607717, 0.00024878442809110905]
	[-0.6563535509771266, -0.6563535509771266] [-0.0098502076607717, 0.00024878442809110905]
	[-0.6753777231259372, -0.6753777231259372] [-0.009853157857561506, 6.135866654383912e-05]
	[-0.6753777231259372, -0.6753777231259372] [-0.009853157857561506, 6.135866654383912e-05]
	[-0.6753777231259372, -0.6753777231259372] [-0.009853157857561506, 6.135866654383912e-05]
	[-0.49881246302879945, -0.49881246302879945] [-0.009689191316978225, 0.00179110476382032]
	[-0.4222863614767548, -0.4222863614767548] [-0.009523901502689551, 0.0025266152890881088]
	[-0.33448644695570806, -0.33448644695570806] [-0.009265664333994375, 0.0033520067275783667]
	[-0.33448644695570806, -0.33448644695570806] [-0.009265664333994375, 0.0033520067275783667]
	[-0.33448644695570806, -0.33448644695570806] [-0.009265664333994375, 0.0033520067275783667]
	[-0.6562991765246458, -0.6562991765246458] [-0.009850194118693173, 0.00024932002737144607]
	[-1.5248754793262267, -1.5248754793262267] [-0.00655271237064737, -0.007358698610457626]
	[-1.5248754793262267, -1.5248754793262267] [-0.00655271237064737, -0.007358698610457626]
	[-1.5248754793262267, -1.5248754793262267] [-0.00655271237064737, -0.007358698610457626]
	[-0.6952766954648292, -0.6952766954648292] [-0.009852428042737804, -0.00013470825757834143]
	[-1.2396485230374994, -1.2396485230374994] [-0.008358524116118963, -0.005217620075498387]
	[-1.2396485230374994, -1.2396485230374994] [-0.008358524116118963, -0.005217620075498387]
	[-1.2090665391942381, -1.2090665391942381] [-0.008514156035160803, -0.0049595999496855545]
	[-1.2090665391942381, -1.2090665391942381] [-0.008514156035160803, -0.0049595999496855545]
	[-1.889444737540011, -1.889444737540011] [-0.003498330114105088, -0.009211415258511125]
	[-1.889444737540011, -1.889444737540011] [-0.003498330114105088, -0.009211415258511125]
	[-1.6676983199918405, -1.6676983199918405] [-0.005438572792361251, -0.008216471909169654]
	[-2.1273070027304213, -2.1273070027304213] [-0.0012293853336385193, -0.009776353939655652]
	[-2.3516245371341227, -2.3516245371341227] [0.0009760779154442163, -0.009804884321345568]
	[-2.3516245371341227, -2.3516245371341227] [0.0009760779154442163, -0.009804884321345568]
	[-2.8634261209566674, -2.8634261209566674] [0.005652936901764752, -0.008070488773094997]
	[-3.1533083232391386, -3.1533083232391386] [0.007723945761766571, -0.006117936459401512]
	[-3.1533083232391386, -3.1533083232391386] [0.007723945761766571, -0.006117936459401512]
	[-3.1533083232391386, -3.1533083232391386] [0.007723945761766571, -0.006117936459401512]
	[-3.1533083232391386, -3.1533083232391386] [0.007723945761766571, -0.006117936459401512]
	[-3.1533083232391386, -3.1533083232391386] [0.007723945761766571, -0.006117936459401512]
	[-3.1533083232391386, -3.1533083232391386] [0.007723945761766571, -0.006117936459401512]
	[-3.1533083232391386, -3.1533083232391386] [0.007723945761766571, -0.006117936459401512]
	[-3.1533083232391386, -3.1533083232391386] [0.007723945761766571, -0.006117936459401512]
	[-3.1533083232391386, -3.1533083232391386] [0.007723945761766571, -0.006117936459401512]
	[-3.1533083232391386, -3.1533083232391386] [0.007723945761766571, -0.006117936459401512]
	[-2.6176232001907898, -2.6176232001907898] [0.003519188468801236, -0.009203466584556196]
	[-2.8541151616771328, -2.8541151616771328] [0.005577548959202697, -0.008122772449089226]
	[-2.792524113787723, -2.792524113787723] [0.005066999384414387, -0.00845068055782079]
	[-2.7064387747365464, -2.7064387747365464] [0.004321654493131853, -0.00885504303174069]
	[-2.7064387747365464, -2.7064387747365464] [0.004321654493131853, -0.00885504303174069]
	[-3.023207892238314, -3.023207892238314] [0.006864966998231449, -0.0070682892389303895]
	[-3.023207892238314, -3.023207892238314] [0.006864966998231449, -0.0070682892389303895]
	[-2.73486456820225, -2.73486456820225] [0.004571586334149089, -0.008728635806436614]
	[-3.309531428336263, -3.309531428336263] [0.008581763409337743, -0.004841675478399796]
	[-2.593711366392701, -2.593711366392701] [0.003298131631360893, -0.009284977781029031]
	[-3.1480788944228024, -3.1480788944228024] [0.0076918469815239355, -0.006158244446659062]
	[-3.1480788944228024, -3.1480788944228024] [0.0076918469815239355, -0.006158244446659062]
	[-2.283550521430463, -2.283550521430463] [0.00030687472041616537, -0.009848569061440122]
	[-2.283550521430463, -2.283550521430463] [0.00030687472041616537, -0.009848569061440122]
	[-2.067270366149863, -2.067270366149863] [-0.0018137572804469775, -0.00968497646768497]
	[-1.2762583517542212, -1.2762583517542212] [-0.008161949851249515, -0.005520059716857608]
	[-1.3451247669914868, -1.3451247669914868] [-0.00776275682000674, -0.006068615262596971]
	[-1.3451247669914868, -1.3451247669914868] [-0.00776275682000674, -0.006068615262596971]
	[-1.3451247669914868, -1.3451247669914868] [-0.00776275682000674, -0.006068615262596971]
	[-1.3451247669914868, -1.3451247669914868] [-0.00776275682000674, -0.006068615262596971]
	[-1.3451247669914868, -1.3451247669914868] [-0.00776275682000674, -0.006068615262596971]
	[-1.3451247669914868, -1.3451247669914868] [-0.00776275682000674, -0.006068615262596971]
	[-1.3451247669914868, -1.3451247669914868] [-0.00776275682000674, -0.006068615262596971]
	[-1.0958323669013874, -1.0958323669013874] [-0.009020027008969568, -0.003965803501113691]
	[-0.9392721015157379, -0.9392721015157379] [-0.009528061072020852, -0.002510883681062697]
	[-0.9392721015157379, -0.9392721015157379] [-0.009528061072020852, -0.002510883681062697]
	[-0.9392721015157379, -0.9392721015157379] [-0.009528061072020852, -0.002510883681062697]
	[-0.10536379569252019, -0.10536379569252019] [-0.008262197332236234, 0.005368852754096965]
	[-0.10536379569252019, -0.10536379569252019] [-0.008262197332236234, 0.005368852754096965]
	[-0.10536379569252019, -0.10536379569252019] [-0.008262197332236234, 0.005368852754096965]
	[0.4236915786996943, 0.4236915786996943] [-0.004422867535961918, 0.008804926314928492]
	[0.4236915786996943, 0.4236915786996943] [-0.004422867535961918, 0.008804926314928492]
	[-0.35175896275066443, -0.35175896275066443] [-0.009322176920456518, 0.0031914733456029176]
	[0.47751556852006516, 0.47751556852006516] [-0.003942775037275964, 0.009030116813055055]
	[0.47751556852006516, 0.47751556852006516] [-0.003942775037275964, 0.009030116813055055]
	[0.3705661288154446, 0.3705661288154446] [-0.0048841733170370705, 0.008557647787863741]
	[-0.106589138516067, -0.106589138516067] [-0.00826876981308344, 0.0053587247018508175]
	[-0.106589138516067, -0.106589138516067] [-0.00826876981308344, 0.0053587247018508175]
	[-0.106589138516067, -0.106589138516067] [-0.00826876981308344, 0.0053587247018508175]
	[-0.106589138516067, -0.106589138516067] [-0.00826876981308344, 0.0053587247018508175]
	[-0.106589138516067, -0.106589138516067] [-0.00826876981308344, 0.0053587247018508175]
	[-0.106589138516067, -0.106589138516067] [-0.00826876981308344, 0.0053587247018508175]
	[0.38200845456715354, 0.38200845456715354] [-0.0047859363289299095, 0.008612972663802839]
	[0.38200845456715354, 0.38200845456715354] [-0.0047859363289299095, 0.008612972663802839]
	[0.38200845456715354, 0.38200845456715354] [-0.0047859363289299095, 0.008612972663802839]
