source:
	0.09345426072314422,0.14485375584668903
target:
	0.818927006323116,0.3681551246771648
points:
	[0, 0] [0.007254727455999718, 0.0022330136883047585]
	[-0.038649139732720786, -0.038649139732720786] [0.007335592307574161, 0.0019510269321696605]
	[-0.038649139732720786, -0.038649139732720786] [0.007335592307574161, 0.0019510269321696605]
	[-0.038649139732720786, -0.038649139732720786] [0.007335592307574161, 0.0019510269321696605]
	[-0.038649139732720786, -0.038649139732720786] [0.007335592307574161, 0.0019510269321696605]
	[0.07056814499755241, 0.07056814499755241] [0.007079222297479768, 0.0027389837998531203]
	[0.07056814499755241, 0.07056814499755241] [0.007079222297479768, 0.0027389837998531203]
	[0.13305305780519527, 0.13305305780519527] [0.006894373045083321, 0.0031756953424755814]
	[0.13305305780519527, 0.13305305780519527] [0.006894373045083321, 0.0031756953424755814]
	[0.09851678089134944, 0.09851678089134944] [0.006999916698925647, 0.0029357429725870806]
	[0.09851678089134944, 0.09851678089134944] [0.006999916698925647, 0.0029357429725870806]
	[0.09851678089134944, 0.09851678089134944] [0.006999916698925647, 0.0029357429725870806]
	[0.09851678089134944, 0.09851678089134944] [0.006999916698925647, 0.0029357429725870806]
	[0.09851678089134944, 0.09851678089134944] [0.006999916698925647, 0.0029357429725870806]
	[-0.04751724140832991, -0.04751724140832991] [0.0073526055405654205, 0.0018858982893674968]
	[0.6789731079640204, 0.6789731079640204] [0.004243439906913793, 0.006293698304606285]
	[0.9280094624419595, 0.9280094624419595] [0.0025613225991965383, 0.007145421410654353]
	[0.9280094624419595, 0.9280094624419595] [0.0025613225991965383, 0.007145421410654353]
	[0.9280094624419595, 0.9280094624419595] [0.0025613225991965383, 0.007145421410654353]
	[0.9280094624419595, 0.9280094624419595] [0.0025613225991965383, 0.007145421410654353]
	[0.642265126913599, 0.642265126913599] [0.00447155833875921, 0.006133725345666003]
	[0.642265126913599, 0.642265126913599] [0.00447155833875921, 0.006133725345666003]
	[0.642265126913599, 0.642265126913599] [0.00447155833875921, 0.006133725345666003]
	[0.07838914696997024, 0.07838914696997024] [0.007057584408078885, 0.0027942660782098705]
	[0.07838914696997024, 0.07838914696997024] [0.007057584408078885, 0.0027942660782098705]
	[0.8351620278348688, 0.8351620278348688] [0.0032127716530698626, 0.006877173758036314]
	[1.3346273749367696, 1.3346273749367696] [-0.000473569985063502, 0.007575826823670108]
	[0.7274908603562058, 0.7274908603562058] [0.0039332101064727025, 0.006492093564585584]
	[0.7274908603562058, 0.7274908603562058] [0.0039332101064727025, 0.006492093564585584]
	[0.7274908603562058, 0.7274908603562058] [0.0039332101064727025, 0.006492093564585584]
	[0.7274908603562058, 0.7274908603562058] [0.0039332101064727025, 0.006492093564585584]
	[0.3829570671100571, 0.3829570671100571] [0.005894823146436821, 0.004782100026685478]
	[0.3829570671100571, 0.3829570671100571] [0.005894823146436821, 0.004782100026685478]
	[-0.2682010766165514, -0.2682010766165514] [0.007587107399704441, 0.00023069871768757074]
	[-0.6774603823303186, -0.6774603823303186] [0.007052334268449956, -0.0028074903310677645]
	[-0.6099399213906509, -0.6099399213906509] [0.007225683571813526, -0.0023252779431751102]
	[-0.6099399213906509, -0.6099399213906509] [0.007225683571813526, -0.0023252779431751102]
	[-0.6701369391700496, -0.6701369391700496] [0.007072705463085825, -0.0027557681370950775]
	[-0.6701369391700496, -0.6701369391700496] [0.007072705463085825, -0.0027557681370950775]
	[-0.6701369391700496, -0.6701369391700496] [0.007072705463085825, -0.0027557681370950775]
	[-0.1307917861143243, -0.1307917861143243] [0.007483992270465886, 0.001267785584631502]
	[-0.1307917861143243, -0.1307917861143243] [0.007483992270465886, 0.001267785584631502]
	[-0.496667731035008, -0.496667731035008] [0.007442204672529009, -0.001493656655721102]
	[-0.496667731035008, -0.496667731035008] [0.007442204672529009, -0.001493656655721102]
	[-0.4651524136091152, -0.4651524136091152] [0.007485574394631984, -0.0012584103366639046]
	[-0.03795175305353127, -0.03795175305353127] [0.007334229903665303, 0.0019561422016750756]
	[0.5112479510627499, 0.5112479510627499] [0.005234561182855627, 0.0054969800632650705]
	[0.6536033012541961, 0.6536033012541961] [0.004401727165761136, 0.0061840293135780825]
	[0.6536033012541961, 0.6536033012541961] [0.004401727165761136, 0.0061840293135780825]
	[0.6536033012541961, 0.6536033012541961] [0.004401727165761136, 0.0061840293135780825]
	[0.9187798274622379, 0.9187798274622379] [0.0026271622004181805, 0.007121477330279615]
	[0.7479141467794683, 0.7479141467794683] [0.0037998091740090024, 0.006571063143366497]
	[0.7479141467794683, 0.7479141467794683] [0.0037998091740090024, 0.006571063143366497]
	[0.7479141467794683, 0.7479141467794683] [0.0037998091740090024, 0.006571063143366497]
	[0.22742035691762907, 0.22742035691762907] [0.006564460774858173, 0.0038112039211174458]
	[0.22742035691762907, 0.22742035691762907] [0.006564460774858173, 0.0038112039211174458]
	[0.4139017023335987, 0.4139017023335987] [0.0057440442922972465, 0.004962194651675808]
	[0.4139017023335987, 0.4139017023335987] [0.0057440442922972465, 0.004962194651675808]
	[0.4139017023335987, 0.4139017023335987] [0.0057440442922972465, 0.004962194651675808]
	[-0.0843012440454104, -0.0843012440454104] [0.00741698707755699, 0.0016142252892162143]
