source:
	0.021265649889249727,0.9302781823152075
target:
	0.186084909079548,0.2895864600840382
points:
	[-0.26615186960381204, -0.26615186960381204] [0.0032753122239979433, -0.005747821930861089]
	[-0.26615186960381204, -0.26615186960381204] [0.0032753122239979433, -0.005747821930861089]
	[-0.26615186960381204, -0.26615186960381204] [0.0032753122239979433, -0.005747821930861089]
	[-0.26615186960381204, -0.26615186960381204] [0.0032753122239979433, -0.005747821930861089]
	[-0.26615186960381204, -0.26615186960381204] [0.0032753122239979433, -0.005747821930861089]
	[-0.26615186960381204, -0.26615186960381204] [0.0032753122239979433, -0.005747821930861089]
	[-0.633831426740241, -0.633831426740241] [0.005122463885614705, -0.004186345763805369]
	[-0.23752373013123457, -0.23752373013123457] [0.00310944316905825, -0.005839220007154641]
	[-0.8069157969970271, -0.8069157969970271] [0.005766903883694935, -0.0032415963212254423]
	[-1.6273898523429218, -1.6273898523429218] [0.006303432590476554, 0.0020079503706207685]
	[-0.9385273238180638, -0.9385273238180638] [0.0061424308049312, -0.0024567602488216713]
	[-0.6849930195821112, -0.6849930195821112] [0.005329847994529255, -0.003918908964083056]
	[0.020767211154444354, 0.020767211154444354] [0.0015147929516804305, -0.006439761597069983]
	[-0.6068933236962967, -0.6068933236962967] [0.005007846835873795, -0.004322799692558848]
	[-1.3277599622484377, -1.3277599622484377] [0.006615268083409496, 5.7924935750584146e-05]
	[-0.9055109375283104, -0.9055109375283104] [0.006057984623636104, -0.0026581853609834237]
	[-1.1438641890016021, -1.1438641890016021] [0.006514318740682422, -0.0011527265323362003]
	[-0.8790202105572662, -0.8790202105572662] [0.005985450099549902, -0.002817714360852803]
	[-0.8790202105572662, -0.8790202105572662] [0.005985450099549902, -0.002817714360852803]
	[-0.8790202105572662, -0.8790202105572662] [0.005985450099549902, -0.002817714360852803]
	[-0.269669970031851, -0.269669970031851] [0.0032955133277807708, -0.005736263506846365]
	[-0.269669970031851, -0.269669970031851] [0.0032955133277807708, -0.005736263506846365]
	[-1.059594576101645, -1.059594576101645] [0.006394177250740378, -0.0016969456089316094]
	[-1.059594576101645, -1.059594576101645] [0.006394177250740378, -0.0016969456089316094]
	[-0.23913844195222755, -0.23913844195222755] [0.0031188677689161777, -0.0058341915424139]
	[0.6208780877255201, 0.6208780877255201] [-0.002386634468944467, -0.006170016452587807]
	[0.6208780877255201, 0.6208780877255201] [-0.002386634468944467, -0.006170016452587807]
	[0.8629475137839125, 0.8629475137839125] [-0.003796078115492165, -0.005418017908298155]
	[1.5374545462195415, 1.5374545462195415] [-0.006348412854950215, -0.0018608550015143347]
	[0.9801801987670057, 0.9801801987670057] [-0.004403737151986463, -0.004936823493884728]
	[0.15942841110432715, 0.15942841110432715] [0.0006101674732819221, -0.006587322883243754]
	[0.09821995937059004, 0.09821995937059004] [0.001011972960549401, -0.006537663025934798]
	[0.09821995937059004, 0.09821995937059004] [0.001011972960549401, -0.006537663025934798]
	[0.09821995937059004, 0.09821995937059004] [0.001011972960549401, -0.006537663025934798]
	[0.19989645425862945, 0.19989645425862945] [0.0003431646048669031, -0.0066066152580216584]
	[0.19989645425862945, 0.19989645425862945] [0.0003431646048669031, -0.0066066152580216584]
	[1.0671715374679382, 1.0671715374679382] [-0.004816004464674142, -0.004535551577239176]
	[0.47675559489914987, 0.47675559489914987] [-0.0014757276919818263, -0.006448825853802849]
	[0.47675559489914987, 0.47675559489914987] [-0.0014757276919818263, -0.006448825853802849]
	[0.47675559489914987, 0.47675559489914987] [-0.0014757276919818263, -0.006448825853802849]
	[0.47675559489914987, 0.47675559489914987] [-0.0014757276919818263, -0.006448825853802849]
	[0.8725567421452682, 0.8725567421452682] [-0.003847965027221381, -0.005381290947610917]
	[1.6044148249767796, 1.6044148249767796] [-0.006458696326278878, -0.0014319109184826326]
	[1.6600814380952913, 1.6600814380952913] [-0.006528360367564713, -0.0010703448158273004]
	[1.4158181177497675, 1.4158181177497675] [-0.006075716993489569, -0.0026174014076140724]
	[1.4158181177497675, 1.4158181177497675] [-0.006075716993489569, -0.0026174014076140724]
	[1.5406602003243144, 1.5406602003243144] [-0.006354345483397444, -0.0018404946593740907]
	[2.228398530696586, 2.228398530696586] [-0.006078228948975898, 0.0026115627423803946]
	[1.9452126908050553, 1.9452126908050553] [-0.006565846368070864, 0.0008091900793068936]
	[1.1078636675136262, 1.1078636675136262] [-0.004996528050224787, -0.004335877599388034]
	[1.1078636675136262, 1.1078636675136262] [-0.004996528050224787, -0.004335877599388034]
	[1.3674493814523512, 1.3674493814523512] [-0.005942060163880058, -0.0029081004319637515]
	[1.3674493814523512, 1.3674493814523512] [-0.005942060163880058, -0.0029081004319637515]
	[0.9271392692029685, 0.9271392692029685] [-0.004135813054859481, -0.00516334944477051]
	[1.3269970761514158, 1.3269970761514158] [-0.005819591780680863, -0.0031460258453785456]
	[1.3269970761514158, 1.3269970761514158] [-0.005819591780680863, -0.0031460258453785456]
