source:
	0.7127958702617413,0.4510992458582844
target:
	0.14091842859108794,0.7651058991262233
points:
	[-0.4475402572549351, -0.4475402572549351] [-0.006514418562244143, 0.0003560188965760994]
	[-0.4475402572549351, -0.4475402572549351] [-0.006514418562244143, 0.0003560188965760994]
	[-0.4475402572549351, -0.4475402572549351] [-0.006514418562244143, 0.0003560188965760994]
	[-0.4475402572549351, -0.4475402572549351] [-0.006514418562244143, 0.0003560188965760994]
	[-0.4475402572549351, -0.4475402572549351] [-0.006514418562244143, 0.0003560188965760994]
	[-0.533173073553706, -0.533173073553706] [-0.006520997760853034, -0.0002024521221919757]
	[-0.533173073553706, -0.533173073553706] [-0.006520997760853034, -0.0002024521221919757]
	[-0.533173073553706, -0.533173073553706] [-0.006520997760853034, -0.0002024521221919757]
	[-0.2674587353993384, -0.2674587353993384] [-0.006345308051177612, 0.0015170578085527547]
	[-0.7665263045473403, -0.7665263045473403] [-0.006297440380079995, -0.00170488806616981]
	[-0.7665263045473403, -0.7665263045473403] [-0.006297440380079995, -0.00170488806616981]
	[-0.9351958967774433, -0.9351958967774433] [-0.0059218720396886125, -0.002737851384641712]
	[-0.9351958967774433, -0.9351958967774433] [-0.0059218720396886125, -0.002737851384641712]
	[-0.9351958967774433, -0.9351958967774433] [-0.0059218720396886125, -0.002737851384641712]
	[-0.9351958967774433, -0.9351958967774433] [-0.0059218720396886125, -0.002737851384641712]
	[-0.9351958967774433, -0.9351958967774433] [-0.0059218720396886125, -0.002737851384641712]
	[-0.419028091911428, -0.419028091911428] [-0.006501621319921166, 0.0005415892088814794]
	[-0.419028091911428, -0.419028091911428] [-0.006501621319921166, 0.0005415892088814794]
	[0.24408729120940564, 0.24408729120940564] [-0.004790397944820681, 0.004429050258135271]
	[0.24408729120940564, 0.24408729120940564] [-0.004790397944820681, 0.004429050258135271]
	[0.24408729120940564, 0.24408729120940564] [-0.004790397944820681, 0.004429050258135271]
	[0.24408729120940564, 0.24408729120940564] [-0.004790397944820681, 0.004429050258135271]
	[0.24408729120940564, 0.24408729120940564] [-0.004790397944820681, 0.004429050258135271]
	[0.24408729120940564, 0.24408729120940564] [-0.004790397944820681, 0.004429050258135271]
	[-0.48536810473029346, -0.48536810473029346] [-0.006523222444157803, 0.00010939653955319022]
	[0.32472093573229077, 0.32472093573229077] [-0.004418089720540263, 0.0048005085022408585]
	[0.32472093573229077, 0.32472093573229077] [-0.004418089720540263, 0.0048005085022408585]
	[0.32472093573229077, 0.32472093573229077] [-0.004418089720540263, 0.0048005085022408585]
	[0.32472093573229077, 0.32472093573229077] [-0.004418089720540263, 0.0048005085022408585]
	[0.6561455905642815, 0.6561455905642815] [-0.002615616323763369, 0.005976867900973963]
	[0.6561455905642815, 0.6561455905642815] [-0.002615616323763369, 0.005976867900973963]
	[0.6561455905642815, 0.6561455905642815] [-0.002615616323763369, 0.005976867900973963]
	[0.2566593191689425, 0.2566593191689425] [-0.004734338697632868, 0.004488923674437584]
	[0.2566593191689425, 0.2566593191689425] [-0.004734338697632868, 0.004488923674437584]
	[0.2566593191689425, 0.2566593191689425] [-0.004734338697632868, 0.004488923674437584]
	[0.2566593191689425, 0.2566593191689425] [-0.004734338697632868, 0.004488923674437584]
	[0.2566593191689425, 0.2566593191689425] [-0.004734338697632868, 0.004488923674437584]
	[0.9239452566846014, 0.9239452566846014] [-0.0009408438249206118, 0.006455943893493736]
	[0.9207126962860708, 0.9207126962860708] [-0.0009617081014961244, 0.006452868833809271]
	[1.3613199971663446, 1.3613199971663446] [0.001882218487145923, 0.006246731323298324]
	[1.2447722095026867, 1.2447722095026867] [0.0011430538793131403, 0.006423225551684877]
	[1.0649064937394952, 1.0649064937394952] [-2.448489813121052e-05, 0.006524093741554746]
	[0.3352090643548711, 0.3352090643548711] [-0.004367499298402879, 0.004846581118405083]
	[0.3352090643548711, 0.3352090643548711] [-0.004367499298402879, 0.004846581118405083]
	[0.3352090643548711, 0.3352090643548711] [-0.004367499298402879, 0.004846581118405083]
	[0.3352090643548711, 0.3352090643548711] [-0.004367499298402879, 0.004846581118405083]
	[0.3352090643548711, 0.3352090643548711] [-0.004367499298402879, 0.004846581118405083]
	[0.3352090643548711, 0.3352090643548711] [-0.004367499298402879, 0.004846581118405083]
	[1.1871862810145581, 1.1871862810145581] [0.0007714761319791855, 0.006478365784410197]
	[1.8999430038121494, 1.8999430038121494] [0.0048200147463358205, 0.0043968007123288575]
	[1.5336034533445813, 1.5336034533445813] [0.002925246321798913, 0.005831580627551354]
	[1.5336034533445813, 1.5336034533445813] [0.002925246321798913, 0.005831580627551354]
	[1.5336034533445813, 1.5336034533445813] [0.002925246321798913, 0.005831580627551354]
	[0.9827222251664253, 0.9827222251664253] [-0.0005599767518510938, 0.0065000634378609414]
