source:
	0.28752560695993434,0.681551344632109
target:
	0.6155331501505938,0.19379773336574846
points:
	[0.2630072095157212, 0.2630072095157212] [0.0018991931122770602, -0.005562582034596363]
	[0.2630072095157212, 0.2630072095157212] [0.0018991931122770602, -0.005562582034596363]
	[0.25794294597058137, 0.25794294597058137] [0.0019273390192507663, -0.005552892730299076]
	[0.25794294597058137, 0.25794294597058137] [0.0019273390192507663, -0.005552892730299076]
	[0.25794294597058137, 0.25794294597058137] [0.0019273390192507663, -0.005552892730299076]
	[-0.5576631373090655, -0.5576631373090655] [0.005364340341866081, -0.0024027288789963248]
	[0.3008534225399352, 0.3008534225399352] [0.0016873607217176042, -0.005630458876871359]
	[-0.029815455949769865, -0.029815455949769865] [0.0034240220273841367, -0.0047775858469862225]
	[-0.029815455949769865, -0.029815455949769865] [0.0034240220273841367, -0.0047775858469862225]
	[0.3716276055701075, 0.3716276055701075] [0.001284977965430133, -0.005735685224774269]
	[1.0061126401705258, 1.0061126401705258] [-0.0023650093597088564, -0.005381076481320847]
	[0.26250293836769345, 0.26250293836769345] [0.0019019979203144383, -0.005561623619093114]
	[-0.07091118191422602, -0.07091118191422602] [0.003617414188383695, -0.004632879014070535]
	[-0.07091118191422602, -0.07091118191422602] [0.003617414188383695, -0.004632879014070535]
	[-0.569271452687669, -0.569271452687669] [0.005391869923672793, -0.002340297437405679]
	[-0.569271452687669, -0.569271452687669] [0.005391869923672793, -0.002340297437405679]
	[-1.3945991936764406, -1.3945991936764406] [0.005376973312602985, 0.002374323348849123]
	[-1.4088133153926625, -1.4088133153926625] [0.005342682351887236, 0.002450509876774119]
	[-1.4088133153926625, -1.4088133153926625] [0.005342682351887236, 0.002450509876774119]
	[-1.0229797117019035, -1.0229797117019035] [0.005872119564872928, 0.0002597406113248328]
	[-1.7577790647013285, -1.7577790647013285] [0.004182768841650391, 0.004129612353073043]
	[-1.7577790647013285, -1.7577790647013285] [0.004182768841650391, 0.004129612353073043]
	[-1.4210182564601064, -1.4210182564601064] [0.0053123768461688795, 0.002515532868722575]
	[-1.0494292221027552, -1.0494292221027552] [0.005863196474880787, 0.0004149463414471278]
	[-0.48138852770844154, -0.48138852770844154] [0.0051656539765352096, -0.0028045092911311263]
	[0.05717079979828843, 0.05717079979828843] [0.002996015667519177, -0.005056989567847106]
	[-0.7455996382336656, -0.7455996382336656] [0.005718791208593251, -0.0013581901493720874]
	[-0.1446961154401124, -0.1446961154401124] [0.0039490982445230015, -0.004353604991778674]
	[0.5194061790375704, 0.5194061790375704] [0.0004264428286825406, -0.005862371523811849]
	[0.27710343685702277, 0.27710343685702277] [0.0018205956029053812, -0.005588799962426319]
	[0.27710343685702277, 0.27710343685702277] [0.0018205956029053812, -0.005588799962426319]
	[0.1899047799289577, 0.1899047799289577] [0.0023003969422704736, -0.005409013521643988]
	[0.1899047799289577, 0.1899047799289577] [0.0023003969422704736, -0.005409013521643988]
	[0.29524169545238166, 0.29524169545238166] [0.001718930585801029, -0.005620901263190144]
	[0.7203036376991057, 0.7203036376991057] [-0.0007519631576890909, -0.005829563000672785]
	[0.8254761257487049, 0.8254761257487049] [-0.001359788139255135, -0.005718411456486485]
	[0.7798908643072285, 0.7798908643072285] [-0.001097790543682179, -0.0057744358418409004]
	[0.7798908643072285, 0.7798908643072285] [-0.001097790543682179, -0.0057744358418409004]
	[0.6772535720616223, 0.6772535720616223] [-0.0005003808972252365, -0.005856523911590126]
	[0.6772535720616223, 0.6772535720616223] [-0.0005003808972252365, -0.005856523911590126]
	[0.6823523681234162, 0.6823523681234162] [-0.0005302354845268787, -0.00585389645452355]
	[0.45307189818599175, 0.45307189818599175] [0.0008140960185766267, -0.0058212113036611645]
	[0.3095845209337311, 0.3095845209337311] [0.0016381369407555395, -0.005644976592747477]
	[0.2719303063305528, 0.2719303063305528] [0.0018494827049661375, -0.005579307044191597]
	[0.2719303063305528, 0.2719303063305528] [0.0018494827049661375, -0.005579307044191597]
	[0.2719303063305528, 0.2719303063305528] [0.0018494827049661375, -0.005579307044191597]
	[0.09086617560886898, 0.09086617560886898] [0.0028239501011897705, -0.005155051813059217]
	[0.09086617560886898, 0.09086617560886898] [0.0028239501011897705, -0.005155051813059217]
