source:
	0.5115913059693521,0.9390576320472107
target:
	0.9188827997608767,0.31164401287880306
points:
	[0, 0] [0.004072914937915247, -0.006274136191684077]
	[-0.125400508978945, -0.125400508978945] [0.0048256524377476755, -0.005715461450605107]
	[0.6311908361322776, 0.6311908361322776] [-0.00041424145606396235, -0.007468723121081083]
	[0.6311908361322776, 0.6311908361322776] [-0.00041424145606396235, -0.007468723121081083]
	[-0.08769879271460868, -0.08769879271460868] [0.004606791544947563, -0.005893292178798941]
	[0.5273825905816057, 0.5273825905816057] [0.00036191181309168504, -0.0074714416870399125]
	[0.5273825905816057, 0.5273825905816057] [0.00036191181309168504, -0.0074714416870399125]
	[0.2657370366205826, 0.2657370366205826] [0.002282235555595023, -0.007123539984591298]
	[0.2657370366205826, 0.2657370366205826] [0.002282235555595023, -0.007123539984591298]
	[0.2657370366205826, 0.2657370366205826] [0.002282235555595023, -0.007123539984591298]
	[1.0799760800217348, 1.0799760800217348] [-0.0036136864000433067, -0.0065494039152761965]
	[1.7163440448899023, 1.7163440448899023] [-0.0067985100284480935, -0.0031198850037114875]
	[1.7163440448899023, 1.7163440448899023] [-0.0067985100284480935, -0.0031198850037114875]
	[2.3111367585087432, 2.3111367585087432] [-0.007379152892381409, 0.0012253667345542788]
	[2.5212496397035102, 2.5212496397035102] [-0.0069612908596933054, 0.002737489837432015]
	[2.5212496397035102, 2.5212496397035102] [-0.0069612908596933054, 0.002737489837432015]
	[2.9883063476072653, 2.9883063476072653] [-0.004983135845468707, 0.005578689648017535]
	[2.9883063476072653, 2.9883063476072653] [-0.004983135845468707, 0.005578689648017535]
	[2.49629983470377, 2.49629983470377] [-0.007027417047300056, 0.0025629730171442874]
	[2.49629983470377, 2.49629983470377] [-0.007027417047300056, 0.0025629730171442874]
	[2.49629983470377, 2.49629983470377] [-0.007027417047300056, 0.0025629730171442874]
	[2.49629983470377, 2.49629983470377] [-0.007027417047300056, 0.0025629730171442874]
	[2.49629983470377, 2.49629983470377] [-0.007027417047300056, 0.0025629730171442874]
	[2.49629983470377, 2.49629983470377] [-0.007027417047300056, 0.0025629730171442874]
	[2.49629983470377, 2.49629983470377] [-0.007027417047300056, 0.0025629730171442874]
	[2.594787258075805, 2.594787258075805] [-0.0067413496778962745, 0.0032415467856597288]
	[2.594787258075805, 2.594787258075805] [-0.0067413496778962745, 0.0032415467856597288]
	[3.4597487608015274, 3.4597487608015274] [-0.0019058623945746392, 0.007233333227236206]
	[2.669939679149064, 2.669939679149064] [-0.006478940607612467, 0.003738549136539914]
	[2.669939679149064, 2.669939679149064] [-0.006478940607612467, 0.003738549136539914]
	[2.669939679149064, 2.669939679149064] [-0.006478940607612467, 0.003738549136539914]
	[2.669939679149064, 2.669939679149064] [-0.006478940607612467, 0.003738549136539914]
	[2.669939679149064, 2.669939679149064] [-0.006478940607612467, 0.003738549136539914]
	[2.7923559868009526, 2.7923559868009526] [-0.00597393812650757, 0.004501720149448693]
	[2.7923559868009526, 2.7923559868009526] [-0.00597393812650757, 0.004501720149448693]
	[2.7923559868009526, 2.7923559868009526] [-0.00597393812650757, 0.004501720149448693]
	[2.150138741103266, 2.150138741103266] [-0.007480154583397335, 2.6616757371412256e-05]
	[2.150138741103266, 2.150138741103266] [-0.007480154583397335, 2.6616757371412256e-05]
	[2.150138741103266, 2.150138741103266] [-0.007480154583397335, 2.6616757371412256e-05]
	[2.3215086016538216, 2.3215086016538216] [-0.007366046905573247, 0.0013018348697849216]
	[2.8071834947063103, 2.8071834947063103] [-0.0059065345932137235, 0.004589800664785206]
	[2.8071834947063103, 2.8071834947063103] [-0.0059065345932137235, 0.004589800664785206]
	[2.8071834947063103, 2.8071834947063103] [-0.0059065345932137235, 0.004589800664785206]
	[2.2973202218167783, 2.2973202218167783] [-0.007395378361465997, 0.00112329868425705]
	[1.8484325239949, 1.8484325239949] [-0.007150191725956355, -0.002197311840717744]
	[1.5363598043342703, 1.5363598043342703] [-0.006130187084379622, -0.0042865169256400245]
	[2.303207470876111, 2.303207470876111] [-0.0073886371001122345, 0.001166817400512267]
	[2.303207470876111, 2.303207470876111] [-0.0073886371001122345, 0.001166817400512267]
	[2.303207470876111, 2.303207470876111] [-0.0073886371001122345, 0.001166817400512267]
	[2.303207470876111, 2.303207470876111] [-0.0073886371001122345, 0.001166817400512267]
	[2.303207470876111, 2.303207470876111] [-0.0073886371001122345, 0.001166817400512267]
	[2.303207470876111, 2.303207470876111] [-0.0073886371001122345, 0.001166817400512267]
	[2.303207470876111, 2.303207470876111] [-0.0073886371001122345, 0.001166817400512267]
	[2.303207470876111, 2.303207470876111] [-0.0073886371001122345, 0.001166817400512267]
	[2.54319324807544, 2.54319324807544] [-0.0068995493356150015, 0.0028895743646266854]
	[2.54319324807544, 2.54319324807544] [-0.0068995493356150015, 0.0028895743646266854]
	[2.54319324807544, 2.54319324807544] [-0.0068995493356150015, 0.0028895743646266854]
	[2.54319324807544, 2.54319324807544] [-0.0068995493356150015, 0.0028895743646266854]
	[3.050297896566944, 3.050297896566944] [-0.004627953782523384, 0.005876688253610244]
	[3.5451453820174073, 3.5451453820174073] [-0.0012819655696586938, 0.0073695308752662675]
	[3.5451453820174073, 3.5451453820174073] [-0.0012819655696586938, 0.0073695308752662675]
	[3.5451453820174073, 3.5451453820174073] [-0.0012819655696586938, 0.0073695308752662675]
	[2.7765842531165217, 2.7765842531165217] [-0.006044192128418205, 0.0044069448099630796]
	[2.7765842531165217, 2.7765842531165217] [-0.006044192128418205, 0.0044069448099630796]
	[2.7765842531165217, 2.7765842531165217] [-0.006044192128418205, 0.0044069448099630796]
	[2.7765842531165217, 2.7765842531165217] [-0.006044192128418205, 0.0044069448099630796]
	[1.9714535520453191, 1.9714535520453191] [-0.00736578805224726, -0.0013032986659490822]
	[1.9714535520453191, 1.9714535520453191] [-0.00736578805224726, -0.0013032986659490822]
	[1.9714535520453191, 1.9714535520453191] [-0.00736578805224726, -0.0013032986659490822]
	[1.9714535520453191, 1.9714535520453191] [-0.00736578805224726, -0.0013032986659490822]
	[1.9714535520453191, 1.9714535520453191] [-0.00736578805224726, -0.0013032986659490822]
	[1.9714535520453191, 1.9714535520453191] [-0.00736578805224726, -0.0013032986659490822]
	[1.9714535520453191, 1.9714535520453191] [-0.00736578805224726, -0.0013032986659490822]
	[1.1464193986672966, 1.1464193986672966] [-0.0040405566515169964, -0.006295023668674716]
	[1.0788464582871156, 1.0788464582871156] [-0.0036062857469917877, -0.006553481834440149]
	[1.5660686497794878, 1.5660686497794878] [-0.006254810720817049, -0.004102531400250976]
	[1.5660686497794878, 1.5660686497794878] [-0.006254810720817049, -0.004102531400250976]
	[1.5660686497794878, 1.5660686497794878] [-0.006254810720817049, -0.004102531400250976]
	[1.5660686497794878, 1.5660686497794878] [-0.006254810720817049, -0.004102531400250976]
