source:
	0.9332439218520971,0.9182195230555903
target:
	0.2537861330395139,0.6660261954237982
points:
	[0, 0] [-0.006794577888125834, -0.002521933276317922]
	[-0.7746426647884295, -0.7746426647884295] [-0.0066198812438236915, 0.0029501878661670785]
	[-0.7746426647884295, -0.7746426647884295] [-0.0066198812438236915, 0.0029501878661670785]
	[-0.38067440475804476, -0.38067440475804476] [-0.007245199034483075, 0.00018310401069793872]
	[-0.806687395858469, -0.806687395858469] [-0.006521960875193672, 0.003160769284596891]
	[-0.806687395858469, -0.806687395858469] [-0.006521960875193672, 0.003160769284596891]
	[-0.806687395858469, -0.806687395858469] [-0.006521960875193672, 0.003160769284596891]
	[-1.04500920351116, -1.04500920351116] [-0.005591451266431635, 0.004611085432208799]
	[-1.1660401656249741, -1.1660401656249741] [-0.004993825475724519, 0.005252441646131152]
	[-1.1660401656249741, -1.1660401656249741] [-0.004993825475724519, 0.005252441646131152]
	[-1.3454692892841777, -1.3454692892841777] [-0.003976261100015314, 0.006059355064073499]
	[-1.3454692892841777, -1.3454692892841777] [-0.003976261100015314, 0.006059355064073499]
	[-1.3454692892841777, -1.3454692892841777] [-0.003976261100015314, 0.006059355064073499]
	[-1.3454692892841777, -1.3454692892841777] [-0.003976261100015314, 0.006059355064073499]
	[-1.3454692892841777, -1.3454692892841777] [-0.003976261100015314, 0.006059355064073499]
	[-1.7677651172035809, -1.7677651172035809] [-0.0011434870611865685, 0.007156736230217449]
	[-1.864656094860089, -1.864656094860089] [-0.0004457850906223792, 0.007233789586446854]
	[-1.864656094860089, -1.864656094860089] [-0.0004457850906223792, 0.007233789586446854]
	[-1.864656094860089, -1.864656094860089] [-0.0004457850906223792, 0.007233789586446854]
	[-1.864656094860089, -1.864656094860089] [-0.0004457850906223792, 0.007233789586446854]
	[-1.0551008008880816, -1.0551008008880816] [-0.005544634123375537, 0.0046672763541392905]
	[-1.0551008008880816, -1.0551008008880816] [-0.005544634123375537, 0.0046672763541392905]
	[-1.0551008008880816, -1.0551008008880816] [-0.005544634123375537, 0.0046672763541392905]
	[-1.0551008008880816, -1.0551008008880816] [-0.005544634123375537, 0.0046672763541392905]
	[-1.6965582629170353, -1.6965582629170353] [-0.0016497674367054998, 0.007057244755058048]
	[-1.6965582629170353, -1.6965582629170353] [-0.0016497674367054998, 0.007057244755058048]
	[-1.6965582629170353, -1.6965582629170353] [-0.0016497674367054998, 0.007057244755058048]
	[-1.069591042119274, -1.069591042119274] [-0.005476424444600642, 0.004747126649941911]
	[-1.069591042119274, -1.069591042119274] [-0.005476424444600642, 0.004747126649941911]
	[-1.7083555026932207, -1.7083555026932207] [-0.0015663985575982819, 0.0070762159157816956]
	[-1.7083555026932207, -1.7083555026932207] [-0.0015663985575982819, 0.0070762159157816956]
	[-1.7083555026932207, -1.7083555026932207] [-0.0015663985575982819, 0.0070762159157816956]
	[-1.7083555026932207, -1.7083555026932207] [-0.0015663985575982819, 0.0070762159157816956]
	[-1.7083555026932207, -1.7083555026932207] [-0.0015663985575982819, 0.0070762159157816956]
	[-1.246945290732048, -1.246945290732048] [-0.004553004492912389, 0.005638846177679238]
	[-1.762155981896005, -1.762155981896005] [-0.0011836119641872411, 0.007150209706452041]
	[-1.9881135419426885, -1.9881135419426885] [0.0004484061456267868, 0.007233627586251057]
	[-1.9881135419426885, -1.9881135419426885] [0.0004484061456267868, 0.007233627586251057]
	[-1.9881135419426885, -1.9881135419426885] [0.0004484061456267868, 0.007233627586251057]
	[-1.9881135419426885, -1.9881135419426885] [0.0004484061456267868, 0.007233627586251057]
	[-1.9881135419426885, -1.9881135419426885] [0.0004484061456267868, 0.007233627586251057]
	[-2.4674486318457203, -2.4674486318457203] [0.003733943220675384, 0.006211610431504901]
	[-2.4674486318457203, -2.4674486318457203] [0.003733943220675384, 0.006211610431504901]
	[-2.4674486318457203, -2.4674486318457203] [0.003733943220675384, 0.006211610431504901]
	[-2.4674486318457203, -2.4674486318457203] [0.003733943220675384, 0.006211610431504901]
	[-2.4674486318457203, -2.4674486318457203] [0.003733943220675384, 0.006211610431504901]
	[-2.4674486318457203, -2.4674486318457203] [0.003733943220675384, 0.006211610431504901]
	[-2.4674486318457203, -2.4674486318457203] [0.003733943220675384, 0.006211610431504901]
	[-2.000158862732485, -2.000158862732485] [0.0005355028742392221, 0.007227701764716754]
	[-2.000158862732485, -2.000158862732485] [0.0005355028742392221, 0.007227701764716754]
	[-2.000158862732485, -2.000158862732485] [0.0005355028742392221, 0.007227701764716754]
	[-2.000158862732485, -2.000158862732485] [0.0005355028742392221, 0.007227701764716754]
	[-2.55819833369736, -2.55819833369736] [0.004281506694227766, 0.005847660776352455]
	[-2.5325804144542077, -2.5325804144542077] [0.00413031332573087, 0.005955413332363939]
	[-2.5325804144542077, -2.5325804144542077] [0.00413031332573087, 0.005955413332363939]
	[-2.5325804144542077, -2.5325804144542077] [0.00413031332573087, 0.005955413332363939]
	[-2.5325804144542077, -2.5325804144542077] [0.00413031332573087, 0.005955413332363939]
	[-2.5325804144542077, -2.5325804144542077] [0.00413031332573087, 0.005955413332363939]
	[-2.5325804144542077, -2.5325804144542077] [0.00413031332573087, 0.005955413332363939]
	[-2.2663389819047417, -2.2663389819047417] [0.002417876496541504, 0.006832298981710354]
	[-2.9195634257581156, -2.9195634257581156] [0.006072435043271493, 0.003956256914465553]
	[-2.9195634257581156, -2.9195634257581156] [0.006072435043271493, 0.003956256914465553]
	[-3.2123738519862424, -3.2123738519862424] [0.006955921095374985, 0.0020350916055365733]
	[-3.2123738519862424, -3.2123738519862424] [0.006955921095374985, 0.0020350916055365733]
	[-3.2123738519862424, -3.2123738519862424] [0.006955921095374985, 0.0020350916055365733]
	[-3.2123738519862424, -3.2123738519862424] [0.006955921095374985, 0.0020350916055365733]
	[-3.2123738519862424, -3.2123738519862424] [0.006955921095374985, 0.0020350916055365733]
	[-3.2123738519862424, -3.2123738519862424] [0.006955921095374985, 0.0020350916055365733]
	[-3.2123738519862424, -3.2123738519862424] [0.006955921095374985, 0.0020350916055365733]
	[-3.2123738519862424, -3.2123738519862424] [0.006955921095374985, 0.0020350916055365733]
	[-3.2123738519862424, -3.2123738519862424] [0.006955921095374985, 0.0020350916055365733]
	[-3.2123738519862424, -3.2123738519862424] [0.006955921095374985, 0.0020350916055365733]
	[-3.2123738519862424, -3.2123738519862424] [0.006955921095374985, 0.0020350916055365733]
	[-3.768525299332447, -3.768525299332447] [0.006981984743742493, -0.0019437914410129565]
