source:
	0.9327287579142277,0.9968917307049737
target:
	0.5872097984700353,0.7865383183779995
points:
	[0, 0] [-0.003455189594441924, -0.0021035341232697423]
	[-0.395665315970421, -0.395665315970421] [-0.003998991549051664, -0.0006093090610792869]
	[-0.395665315970421, -0.395665315970421] [-0.003998991549051664, -0.0006093090610792869]
	[-1.2132286425317338, -1.2132286425317338] [-0.0031797927665826275, 0.0025004217450039813]
	[-1.2132286425317338, -1.2132286425317338] [-0.0031797927665826275, 0.0025004217450039813]
	[-1.6752028379280666, -1.6752028379280666] [-0.0017319902638538176, 0.0036555985374785807]
	[-1.6752028379280666, -1.6752028379280666] [-0.0017319902638538176, 0.0036555985374785807]
	[-2.2749148604212936, -2.2749148604212936] [0.0006334824393991338, 0.003995233527626749]
	[-2.2749148604212936, -2.2749148604212936] [0.0006334824393991338, 0.003995233527626749]
	[-2.2749148604212936, -2.2749148604212936] [0.0006334824393991338, 0.003995233527626749]
	[-2.4671237061241116, -2.4671237061241116] [0.001385016243242892, 0.0038006474379049288]
	[-2.738211887078384, -2.738211887078384] [0.0023521730587396476, 0.0032909683746641084]
	[-2.767695036602712, -2.767695036602712] [0.002448164868630106, 0.0032201987077361068]
	[-2.8903560191052393, -2.8903560191052393] [0.0028237737420207655, 0.002896462116992728]
	[-3.453866145932206, -3.453866145932206] [0.003934342197116583, 0.000940288475568969]
	[-3.037853824145771, -3.037853824145771] [0.0032187873508922773, 0.0024500201899241214]
	[-3.73373417369616, -3.73373417369616] [0.004040999192230155, -0.00018307503842737862]
	[-3.73373417369616, -3.73373417369616] [0.004040999192230155, -0.00018307503842737862]
	[-3.73373417369616, -3.73373417369616] [0.004040999192230155, -0.00018307503842737862]
	[-4.579798204932523, -4.579798204932523] [0.0025418559145734547, -0.003146769685065607]
	[-4.178422101768609, -4.178422101768609] [0.003569237114339941, -0.0019036116628446684]
	[-3.791577772060278, -3.791577772060278] [0.004023656909338372, -0.0004163844584437917]
	[-3.791577772060278, -3.791577772060278] [0.004023656909338372, -0.0004163844584437917]
	[-3.791577772060278, -3.791577772060278] [0.004023656909338372, -0.0004163844584437917]
	[-3.791577772060278, -3.791577772060278] [0.004023656909338372, -0.0004163844584437917]
	[-3.791577772060278, -3.791577772060278] [0.004023656909338372, -0.0004163844584437917]
	[-3.791577772060278, -3.791577772060278] [0.004023656909338372, -0.0004163844584437917]
	[-3.791577772060278, -3.791577772060278] [0.004023656909338372, -0.0004163844584437917]
	[-4.279976936021864, -4.279976936021864] [0.0033578586310216247, -0.002255654307595367]
	[-4.279976936021864, -4.279976936021864] [0.0033578586310216247, -0.002255654307595367]
	[-4.2519762994526555, -4.2519762994526555] [0.0034196938801560705, -0.0021607602151379668]
	[-3.3839363227688897, -3.3839363227688897] [0.0038590256673384582, 0.0012128939937698252]
	[-3.3839363227688897, -3.3839363227688897] [0.0038590256673384582, 0.0012128939937698252]
	[-3.7402193648420776, -3.7402193648420776] [0.004039726946657727, -0.00020927765706685954]
	[-3.7402193648420776, -3.7402193648420776] [0.004039726946657727, -0.00020927765706685954]
	[-3.7402193648420776, -3.7402193648420776] [0.004039726946657727, -0.00020927765706685954]
	[-3.729488832050643, -3.729488832050643] [0.00404173999072105, -0.00016591801802744554]
	[-3.729488832050643, -3.729488832050643] [0.00404173999072105, -0.00016591801802744554]
	[-3.790491067060745, -3.790491067060745] [0.004024107020498204, -0.00041201168536465554]
	[-3.402868094760442, -3.402868094760442] [0.003881294988365612, 0.0011396228124199422]
	[-3.402868094760442, -3.402868094760442] [0.003881294988365612, 0.0011396228124199422]
	[-3.9001338997073107, -3.9001338997073107] [0.003954859566703581, -0.0008498686657084869]
