source:
	0.9239057775593567,0.27737600222124914
target:
	0.39178343304195984,0.0778743972628636
points:
	[0.8374355207792782, 0.8374355207792782] [-0.002079713435594976, -0.0052886954929710255]
	[0.8374355207792782, 0.8374355207792782] [-0.002079713435594976, -0.0052886954929710255]
	[0.8374355207792782, 0.8374355207792782] [-0.002079713435594976, -0.0052886954929710255]
	[0.7665568497953912, 0.7665568497953912] [-0.0024490335254373904, -0.005128132484915927]
	[0.7665568497953912, 0.7665568497953912] [-0.0024490335254373904, -0.005128132484915927]
	[0.7665568497953912, 0.7665568497953912] [-0.0024490335254373904, -0.005128132484915927]
	[0.7665568497953912, 0.7665568497953912] [-0.0024490335254373904, -0.005128132484915927]
	[0.7665568497953912, 0.7665568497953912] [-0.0024490335254373904, -0.005128132484915927]
	[1.3009838284291955, 1.3009838284291955] [0.0005044621898790751, -0.005660479298659142]
	[2.1053520772222614, 2.1053520772222614] [0.00442764560904294, -0.0035625078739967807]
	[2.9221171276690345, 2.9221171276690345] [0.005627927143821869, 0.000788634297630599]
	[3.0466094434432027, 3.0466094434432027] [0.005486446180849674, 0.0014813562354161565]
	[3.031403828035912, 3.031403828035912] [0.0055083359956356725, 0.0013977634101487483]
	[3.839212270977453, 3.839212270977453] [0.0027964558272853208, 0.0049472560877327]
	[3.839212270977453, 3.839212270977453] [0.0027964558272853208, 0.0049472560877327]
	[3.58824728912868, 3.58824728912868] [0.003937447672401856, 0.004097805976210135]
	[2.790648678657535, 2.790648678657535] [0.005682742859291172, 4.4063439964213466e-05]
	[2.959304165414474, 2.959304165414474] [0.005594716015580961, 0.00099732677521873]
	[3.2208021296160605, 3.2208021296160605] [0.005146680134437568, 0.0024098115248608106]
	[3.2208021296160605, 3.2208021296160605] [0.005146680134437568, 0.0024098115248608106]
	[3.2208021296160605, 3.2208021296160605] [0.005146680134437568, 0.0024098115248608106]
	[3.2208021296160605, 3.2208021296160605] [0.005146680134437568, 0.0024098115248608106]
	[3.2208021296160605, 3.2208021296160605] [0.005146680134437568, 0.0024098115248608106]
	[3.013069556826843, 3.013069556826843] [0.005533035758128155, 0.0012965428226022768]
	[3.013069556826843, 3.013069556826843] [0.005533035758128155, 0.0012965428226022768]
	[3.013069556826843, 3.013069556826843] [0.005533035758128155, 0.0012965428226022768]
	[3.013069556826843, 3.013069556826843] [0.005533035758128155, 0.0012965428226022768]
	[3.013069556826843, 3.013069556826843] [0.005533035758128155, 0.0012965428226022768]
	[2.7694584237731954, 2.7694584237731954] [0.005682400700469051, -7.635621045560524e-05]
	[2.7694584237731954, 2.7694584237731954] [0.005682400700469051, -7.635621045560524e-05]
	[2.7694584237731954, 2.7694584237731954] [0.005682400700469051, -7.635621045560524e-05]
	[2.558031170067861, 2.558031170067861] [0.00553984346051847, -0.001267139465298526]
	[2.558031170067861, 2.558031170067861] [0.00553984346051847, -0.001267139465298526]
	[2.558031170067861, 2.558031170067861] [0.00553984346051847, -0.001267139465298526]
	[1.9600469558263907, 1.9600469558263907] [0.0038651550855458186, -0.0041660633884094455]
	[2.5809418208947736, 2.5809418208947736] [0.005567418048143253, -0.0011398966044229909]
	[2.5809418208947736, 2.5809418208947736] [0.005567418048143253, -0.0011398966044229909]
	[2.5809418208947736, 2.5809418208947736] [0.005567418048143253, -0.0011398966044229909]
	[2.5809418208947736, 2.5809418208947736] [0.005567418048143253, -0.0011398966044229909]
	[2.5809418208947736, 2.5809418208947736] [0.005567418048143253, -0.0011398966044229909]
	[2.5809418208947736, 2.5809418208947736] [0.005567418048143253, -0.0011398966044229909]
	[2.5809418208947736, 2.5809418208947736] [0.005567418048143253, -0.0011398966044229909]
	[2.5809418208947736, 2.5809418208947736] [0.005567418048143253, -0.0011398966044229909]
	[2.735341104408635, 2.735341104408635] [0.005676489324376476, -0.0002701424472499545]
	[2.735341104408635, 2.735341104408635] [0.005676489324376476, -0.0002701424472499545]
	[3.0120338550814134, 3.0120338550814134] [0.005534375621969586, 0.0012908115534480818]
	[3.0120338550814134, 3.0120338550814134] [0.005534375621969586, 0.0012908115534480818]
	[3.5042448585306936, 3.5042448585306936] [0.004267384692334071, 0.003752990258340559]
	[3.2226267883421436, 3.2226267883421436] [0.005142274485627239, 0.0024191984428800824]
	[3.408580724961813, 3.408580724961813] [0.004606352023325159, 0.0033282170945980235]
	[3.408580724961813, 3.408580724961813] [0.004606352023325159, 0.0033282170945980235]
	[4.26204652821479, 4.26204652821479] [0.0005200803667410963, 0.005659065682928299]
	[4.26204652821479, 4.26204652821479] [0.0005200803667410963, 0.005659065682928299]
	[3.614585527280597, 3.614585527280597] [0.0038281655304394967, 0.0042000781734535825]
	[3.247118580153143, 3.247118580153143] [0.005081487690290072, 0.0025444038289934956]
	[2.8386516419104595, 2.8386516419104595] [0.0056740824248913205, 0.0003166964273649606]
	[2.0097663909753853, 2.0097663909753853] [0.004067427683870297, -0.003968820987151196]
	[1.1636482459041302, 1.1636482459041302] [-0.00027523149068069087, -0.005676244851845627]
	[1.1636482459041302, 1.1636482459041302] [-0.00027523149068069087, -0.005676244851845627]
	[1.1636482459041302, 1.1636482459041302] [-0.00027523149068069087, -0.005676244851845627]
