source:
	0.017844987049037475,0.7953040300711726
target:
	0.47084463327496906,0.9311245216107186
points:
	[0, 0] [0.004529996462259316, 0.0013582049153954602]
	[-0.01916506265150619, -0.01916506265150619] [0.004555193043572039, 0.0012711431375259073]
	[0.11078143811236477, 0.11078143811236477] [0.004352071306620495, 0.0018506928114565301]
	[0.9701235795372073, 0.9701235795372073] [0.001439884368039976, 0.004504699939725222]
	[1.1010200067336924, 1.1010200067336924] [0.0008395998310116721, 0.00465410148837039]
	[1.1010200067336924, 1.1010200067336924] [0.0008395998310116721, 0.00465410148837039]
	[1.1010200067336924, 1.1010200067336924] [0.0008395998310116721, 0.00465410148837039]
	[1.1010200067336924, 1.1010200067336924] [0.0008395998310116721, 0.00465410148837039]
	[1.2514592567882872, 1.2514592567882872] [0.00013259531144084924, 0.004727367874797794]
	[1.0359685223301625, 1.0359685223301625] [0.0011403667187830336, 0.004589678887131248]
	[1.0359685223301625, 1.0359685223301625] [0.0011403667187830336, 0.004589678887131248]
	[1.5036676154577577, 1.5036676154577577] [-0.0010512813602803761, 0.004610899699821429]
	[1.3062659569250759, 1.3062659569250759] [-0.00012656552624343444, 0.0047275331524858745]
	[1.3062659569250759, 1.3062659569250759] [-0.00012656552624343444, 0.0047275331524858745]
	[1.3062659569250759, 1.3062659569250759] [-0.00012656552624343444, 0.0047275331524858745]
	[1.3062659569250759, 1.3062659569250759] [-0.00012656552624343444, 0.0047275331524858745]
	[0.48583411108920027, 0.48583411108920027] [0.0033716029102956848, 0.0033163055280796996]
	[0.48583411108920027, 0.48583411108920027] [0.0033716029102956848, 0.0033163055280796996]
	[0.48583411108920027, 0.48583411108920027] [0.0033716029102956848, 0.0033163055280796996]
	[1.0093973615308833, 1.0093973615308833] [0.0012619029237357902, 0.004557761462752672]
	[1.0093973615308833, 1.0093973615308833] [0.0012619029237357902, 0.004557761462752672]
	[1.0093973615308833, 1.0093973615308833] [0.0012619029237357902, 0.004557761462752672]
	[1.7756197313533932, 1.7756197313533932] [-0.0022511895208891445, 0.004159054493671033]
	[1.7756197313533932, 1.7756197313533932] [-0.0022511895208891445, 0.004159054493671033]
	[1.5092060164658045, 1.5092060164658045] [-0.0010768021178718997, 0.004605006594917417]
	[2.2842588422593137, 2.2842588422593137] [-0.003991621208892312, 0.002536246964514178]
	[2.2842588422593137, 2.2842588422593137] [-0.003991621208892312, 0.002536246964514178]
	[2.4510424120161054, 2.4510424120161054] [-0.004357278745365029, 0.0018383988891087985]
	[2.4510424120161054, 2.4510424120161054] [-0.004357278745365029, 0.0018383988891087985]
	[2.4510424120161054, 2.4510424120161054] [-0.004357278745365029, 0.0018383988891087985]
	[2.357822679297455, 2.357822679297455] [-0.0041672332975760526, 0.0022360132342765155]
	[2.357822679297455, 2.357822679297455] [-0.0041672332975760526, 0.0022360132342765155]
	[2.357822679297455, 2.357822679297455] [-0.0041672332975760526, 0.0022360132342765155]
	[2.357822679297455, 2.357822679297455] [-0.0041672332975760526, 0.0022360132342765155]
	[2.357822679297455, 2.357822679297455] [-0.0041672332975760526, 0.0022360132342765155]
	[2.357822679297455, 2.357822679297455] [-0.0041672332975760526, 0.0022360132342765155]
	[3.0826083433215077, 3.0826083433215077] [-0.004602184814873801, -0.0010887990953483127]
	[3.0826083433215077, 3.0826083433215077] [-0.004602184814873801, -0.0010887990953483127]
	[3.268522711581278, 3.268522711581278] [-0.004321619021090493, -0.0019207283974667412]
	[2.785354157870622, 2.785354157870622] [-0.004719257729989524, 0.00030691206919969]
	[2.785354157870622, 2.785354157870622] [-0.004719257729989524, 0.00030691206919969]
	[2.74268933070052, 2.74268933070052] [-0.004701872800447572, 0.0005079180137557771]
	[2.74268933070052, 2.74268933070052] [-0.004701872800447572, 0.0005079180137557771]
	[2.74268933070052, 2.74268933070052] [-0.004701872800447572, 0.0005079180137557771]
	[2.74268933070052, 2.74268933070052] [-0.004701872800447572, 0.0005079180137557771]
	[2.74268933070052, 2.74268933070052] [-0.004701872800447572, 0.0005079180137557771]
