source:
	0.040287472896782583,0.8692081171226637
target:
	0.8563306077404782,0.6406226174083158
points:
	[0, 0] [0.008160431348436956, -0.002285854997143478]
	[0, 0] [0.008160431348436956, -0.002285854997143478]
	[0, 0] [0.008160431348436956, -0.002285854997143478]
	[0, 0] [0.008160431348436956, -0.002285854997143478]
	[0, 0] [0.008160431348436956, -0.002285854997143478]
	[0, 0] [0.008160431348436956, -0.002285854997143478]
	[0.36144976430826375, 0.36144976430826375] [0.0068247976172931225, -0.005023933751902838]
	[0.36144976430826375, 0.36144976430826375] [0.0068247976172931225, -0.005023933751902838]
	[0.971659778809062, 0.971659778809062] [0.002714197706776199, -0.008028132016169715]
	[1.4611863493064554, 1.4611863493064554] [-0.001379462508047114, -0.0083615103928304]
	[1.4611863493064554, 1.4611863493064554] [-0.001379462508047114, -0.0083615103928304]
	[0.7324601451668789, 0.7324601451668789] [0.00453898500780469, -0.007156492713574344]
	[1.1438761156642971, 1.1438761156642971] [0.0012982961786396853, -0.008374496993434769]
	[1.1438761156642971, 1.1438761156642971] [0.0012982961786396853, -0.008374496993434769]
	[0.7742172276607189, 0.7742172276607189] [0.00423628095297216, -0.007339734092458915]
	[0.14920328938920735, 0.14920328938920735] [0.007729974433797802, -0.003473509480820626]
	[-0.5448361618828484, -0.5448361618828484] [0.008163608889590978, 0.0022744807667486613]
	[-0.5448361618828484, -0.5448361618828484] [0.008163608889590978, 0.0022744807667486613]
	[-0.48684325341405527, -0.48684325341405527] [0.008281714735391212, 0.0017974910019586926]
	[-0.11165097845937166, -0.11165097845937166] [0.008364308459490937, -0.0013623937958632756]
	[-0.1691694145317467, -0.1691694145317467] [0.008428795716781571, -0.0008793040573561823]
	[-0.1691694145317467, -0.1691694145317467] [0.008428795716781571, -0.0008793040573561823]
	[-0.1691694145317467, -0.1691694145317467] [0.008428795716781571, -0.0008793040573561823]
	[-0.07165085056642063, -0.07165085056642063] [0.0083031364671928, -0.0016957882142801537]
	[-0.07165085056642063, -0.07165085056642063] [0.0083031364671928, -0.0016957882142801537]
	[-0.07165085056642063, -0.07165085056642063] [0.0083031364671928, -0.0016957882142801537]
	[0.46029402679486964, 0.46029402679486964] [0.0062957061778186295, -0.005672905479830839]
	[1.1128814084716248, 1.1128814084716248] [0.0015571961349656663, -0.008330240876335233]
	[1.1128814084716248, 1.1128814084716248] [0.0015571961349656663, -0.008330240876335233]
	[1.1128814084716248, 1.1128814084716248] [0.0015571961349656663, -0.008330240876335233]
	[0.5589749208498215, 0.5589749208498215] [0.005706178239851717, -0.006265564839307081]
	[0.5589749208498215, 0.5589749208498215] [0.005706178239851717, -0.006265564839307081]
	[0.5589749208498215, 0.5589749208498215] [0.005706178239851717, -0.006265564839307081]
	[0.9576741951096317, 0.9576741951096317] [0.0028262067193432663, -0.007989388489744217]
	[0.5873782653599987, 0.5873782653599987] [0.005525937595962715, -0.006425090392052414]
	[0.5873782653599987, 0.5873782653599987] [0.005525937595962715, -0.006425090392052414]
	[1.1817605570177874, 1.1817605570177874] [0.0009801773579893062, -0.008417661504681899]
	[1.1817605570177874, 1.1817605570177874] [0.0009801773579893062, -0.008417661504681899]
	[1.1817605570177874, 1.1817605570177874] [0.0009801773579893062, -0.008417661504681899]
	[1.0051410195571648, 1.0051410195571648] [0.0024439349452898616, -0.008114490424155386]
	[0.9280711856941561, 0.9280711856941561] [0.0030614438537860905, -0.007902236037390542]
	[0.9280711856941561, 0.9280711856941561] [0.0030614438537860905, -0.007902236037390542]
	[0.9280711856941561, 0.9280711856941561] [0.0030614438537860905, -0.007902236037390542]
	[0.9280711856941561, 0.9280711856941561] [0.0030614438537860905, -0.007902236037390542]
	[1.5455369019390193, 1.5455369019390193] [-0.002079019920562514, -0.00821556139472055]
	[1.5455369019390193, 1.5455369019390193] [-0.002079019920562514, -0.00821556139472055]
	[1.2833298039340655, 1.2833298039340655] [0.00012161952982700368, -0.008473663997969418]
	[1.2833298039340655, 1.2833298039340655] [0.00012161952982700368, -0.008473663997969418]
	[1.2833298039340655, 1.2833298039340655] [0.00012161952982700368, -0.008473663997969418]
	[1.2833298039340655, 1.2833298039340655] [0.00012161952982700368, -0.008473663997969418]
	[1.2833298039340655, 1.2833298039340655] [0.00012161952982700368, -0.008473663997969418]
	[1.2833298039340655, 1.2833298039340655] [0.00012161952982700368, -0.008473663997969418]
	[1.3120176568934616, 1.3120176568934616] [-0.00012148839719323604, -0.008473665879055289]
	[1.9974184608184458, 1.9974184608184458] [-0.005457741536865205, -0.006483118861882345]
	[2.2376040913931567, 2.2376040913931567] [-0.006843294023868217, -0.004998709809881741]
	[2.5917608782617307, 2.5917608782617307] [-0.008152144644224854, -0.00231523445036446]
	[2.5917608782617307, 2.5917608782617307] [-0.008152144644224854, -0.00231523445036446]
	[2.5890170042198286, 2.5890170042198286] [-0.008145761252390528, -0.0023375941648565734]
	[2.5890170042198286, 2.5890170042198286] [-0.008145761252390528, -0.0023375941648565734]
	[2.5890170042198286, 2.5890170042198286] [-0.008145761252390528, -0.0023375941648565734]
	[2.8707820150652386, 2.8707820150652386] [-0.008474514236798672, 1.9527181441408306e-05]
	[2.794059877497604, 2.794059877497604] [-0.008451081457742364, -0.0006300754360563451]
	[2.794059877497604, 2.794059877497604] [-0.008451081457742364, -0.0006300754360563451]
	[2.794059877497604, 2.794059877497604] [-0.008451081457742364, -0.0006300754360563451]
	[2.794059877497604, 2.794059877497604] [-0.008451081457742364, -0.0006300754360563451]
	[2.722509426858132, 2.722509426858132] [-0.008384414443709302, -0.001232626178789518]
	[2.722509426858132, 2.722509426858132] [-0.008384414443709302, -0.001232626178789518]
	[2.9105003651493013, 2.9105003651493013] [-0.008467055258316787, 0.0003560170124143854]
	[2.9105003651493013, 2.9105003651493013] [-0.008467055258316787, 0.0003560170124143854]
	[2.9105003651493013, 2.9105003651493013] [-0.008467055258316787, 0.0003560170124143854]
	[2.9105003651493013, 2.9105003651493013] [-0.008467055258316787, 0.0003560170124143854]
	[2.9105003651493013, 2.9105003651493013] [-0.008467055258316787, 0.0003560170124143854]
	[2.711205683045276, 2.711205683045276] [-0.008369945797886823, -0.001327320685047563]
	[2.711205683045276, 2.711205683045276] [-0.008369945797886823, -0.001327320685047563]
	[2.711205683045276, 2.711205683045276] [-0.008369945797886823, -0.001327320685047563]
	[2.711205683045276, 2.711205683045276] [-0.008369945797886823, -0.001327320685047563]
	[2.9708730144699245, 2.9708730144699245] [-0.008430148706982547, 0.0008662364796514352]
	[2.9708730144699245, 2.9708730144699245] [-0.008430148706982547, 0.0008662364796514352]
