source:
	0.0005032925765930951,0.6850594101196354
target:
	0.749001167735397,0.35394870565666803
points:
	[0.287117226792324, 0.287117226792324] [0.0062409074646519016, -0.005295225282306021]
	[0.6689517937260792, 0.6689517937260792] [0.0038183279038993935, -0.00723938594019023]
	[0.6689517937260792, 0.6689517937260792] [0.0038183279038993935, -0.00723938594019023]
	[0.6689517937260792, 0.6689517937260792] [0.0038183279038993935, -0.00723938594019023]
	[0.9247667965778739, 0.9247667965778739] [0.0018622589744672763, -0.007969964133215206]
	[0.5705736792808711, 0.5705736792808711] [0.004510914319237848, -0.006829347609927002]
	[0.5705736792808711, 0.5705736792808711] [0.004510914319237848, -0.006829347609927002]
	[1.0724591782725104, 1.0724591782725104] [0.0006691568191461755, -0.008157240092341948]
	[0.6242298513565363, 0.6242298513565363] [0.00413816160183777, -0.007061441448443524]
	[1.3194731909247444, 1.3194731909247444] [-0.00134567853158694, -0.008073257462904718]
	[2.0259077093396787, 2.0259077093396787] [-0.006264191263539152, -0.005267660257317329]
	[1.9661440524663303, 1.9661440524663303] [-0.005938380433529046, -0.005632403980486493]
	[2.2592980061418686, 2.2592980061418686] [-0.007312645663567756, -0.003676078096535003]
	[3.087547537106681, 3.087547537106681] [-0.00765291213382584, 0.0029019429085807204]
	[2.255109187180048, 2.255109187180048] [-0.007297183128468902, -0.003706677105212905]
	[2.7420741227977223, 2.7420741227977223] [-0.008183461865880847, 0.00013888362896562166]
	[2.1646951272265054, 2.1646951272265054] [-0.006932697984815665, -0.004350406351601369]
	[1.7721808916654003, 1.7721808916654003] [-0.004741382602647528, -0.006671403734449899]
	[1.7721808916654003, 1.7721808916654003] [-0.004741382602647528, -0.006671403734449899]
	[1.564187440329192, 1.564187440329192] [-0.0032615677199846855, -0.007506697861288585]
	[1.564187440329192, 1.564187440329192] [-0.0032615677199846855, -0.007506697861288585]
	[1.564187440329192, 1.564187440329192] [-0.0032615677199846855, -0.007506697861288585]
	[1.9663846192437169, 1.9663846192437169] [-0.005939735230956414, -0.0056309752404761874]
	[2.3327529902494173, 2.3327529902494173] [-0.007562709846654731, -0.003129497810836796]
	[2.9165267292017583, 2.9165267292017583] [-0.008035144898982058, 0.0015571715464531505]
	[3.629316613198636, 3.629316613198636] [-0.005060604007194368, 0.006432621849222058]
	[3.629316613198636, 3.629316613198636] [-0.005060604007194368, 0.006432621849222058]
	[3.629316613198636, 3.629316613198636] [-0.005060604007194368, 0.006432621849222058]
	[3.833617471029518, 3.833617471029518] [-0.0036502918746972204, 0.007325551583480944]
	[3.833617471029518, 3.833617471029518] [-0.0036502918746972204, 0.007325551583480944]
	[3.101748361478639, 3.101748361478639] [-0.007610931894098858, 0.003010324314107946]
	[3.3284777086023793, 3.3284777086023793] [-0.006739447777772351, 0.0046441555124048135]
	[3.2119284583182126, 3.2119284583182126] [-0.007233774414944404, 0.0038289482219555342]
	[3.2119284583182126, 3.2119284583182126] [-0.007233774414944404, 0.0038289482219555342]
	[3.2119284583182126, 3.2119284583182126] [-0.007233774414944404, 0.0038289482219555342]
	[3.716021754028977, 3.716021754028977] [-0.004484550847506551, 0.006846688284773083]
	[3.8231835410810677, 3.8231835410810677] [-0.0037265260837329255, 0.007287066633425198]
	[3.326537604707077, 3.326537604707077] [-0.006748445232672723, 0.004631071551416314]
	[3.326537604707077, 3.326537604707077] [-0.006748445232672723, 0.004631071551416314]
	[2.564642368636322, 2.564642368636322] [-0.008079496745867337, -0.0013076961062264544]
	[2.564642368636322, 2.564642368636322] [-0.008079496745867337, -0.0013076961062264544]
	[2.564642368636322, 2.564642368636322] [-0.008079496745867337, -0.0013076961062264544]
	[3.357982925571929, 3.357982925571929] [-0.006599507515801751, 0.004840954174705323]
	[3.247256346389468, 3.247256346389468] [-0.007094020274591821, 0.004082059910927434]
	[2.9948973085616872, 2.9948973085616872] [-0.00788857025519427, 0.0021814665025126838]
	[2.9948973085616872, 2.9948973085616872] [-0.00788857025519427, 0.0021814665025126838]
	[2.150785452323233, 2.150785452323233] [-0.0068715165429561785, -0.004446413967749772]
	[2.0206865170366464, 2.0206865170366464] [-0.006236602537917492, -0.005300294855643582]
	[2.016798582809518, 2.016798582809518] [-0.006215948255766716, -0.0053245022353597925]
	[1.921512584303439, 1.921512584303439] [-0.005681167873896072, -0.005891745782137235]
	[1.0791462485085697, 1.0791462485085697] [0.0006145942269956534, -0.008161532375042344]
	[0.41845897188319126, 0.41845897188319126] [0.0054936686753131745, -0.006066954858790651]
	[0.714199220160281, 0.714199220160281] [0.003486968060421307, -0.007404687064172421]
	[-0.07267480435080598, -0.07267480435080598] [0.007705643305687044, -0.002758876223798586]
	[-0.2782298326750422, -0.2782298326750422] [0.008106538635277846, -0.001127992964281381]
	[-1.0455550584715576, -1.0455550584715576] [0.006617910973113583, 0.004815764853547517]
	[-0.21643413251413768, -0.21643413251413768] [0.008021404546442387, -0.0016264703732420452]
	[-0.21643413251413768, -0.21643413251413768] [0.008021404546442387, -0.0016264703732420452]
	[-0.9443789141540145, -0.9443789141540145] [0.007070477027341808, 0.004122704376808074]
	[-0.31867595653019354, -0.31867595653019354] [0.008145519345872642, -0.0007992817768066754]
	[-0.31867595653019354, -0.31867595653019354] [0.008145519345872642, -0.0007992817768066754]
	[-0.7194431144552269, -0.7194431144552269] [0.0078119041665253445, 0.0024418210552259313]
	[-0.6517247574476143, -0.6517247574476143] [0.00795922894754102, 0.0019076192841722336]
	[-1.0820091931956788, -1.0820091931956788] [0.006437998515243382, 0.005053762152144154]
	[-0.9265484915757369, -0.9265484915757369] [0.007142858786248417, 0.0039959861276579155]
	[-0.32833604646664416, -0.32833604646664416] [0.008152860303501994, -0.0007205592580087136]
	[0.15810188625365196, 0.15810188625365196] [0.0068703113078334675, -0.004448275992581429]
	[0.33307833387551133, 0.33307833387551133] [0.005991028165261773, -0.005576371427349587]
	[0.33307833387551133, 0.33307833387551133] [0.005991028165261773, -0.005576371427349587]
	[0.9631922524800864, 0.9631922524800864] [0.00155471016914301, -0.008035621510666367]
	[0.9631922524800864, 0.9631922524800864] [0.00155471016914301, -0.008035621510666367]
	[0.3078092627178515, 0.3078092627178515] [0.006130010284664212, -0.005423219586429419]
	[0.3078092627178515, 0.3078092627178515] [0.006130010284664212, -0.005423219586429419]
	[0.3078092627178515, 0.3078092627178515] [0.006130010284664212, -0.005423219586429419]
	[-0.40231783481649375, -0.40231783481649375] [0.008183818579670401, -0.00011597511699611887]
	[-0.9744524086119704, -0.9744524086119704] [0.006943314506105497, 0.004333442100919968]
	[-1.095987329415941, -1.095987329415941] [0.006366729695349065, 0.005143256726927123]
	[-1.1782900256223334, -1.1782900256223334] [0.005922352432091962, 0.005649254680293244]
	[-0.4344852806422045, -0.4344852806422045] [0.008183314843787374, 0.00014729202344304157]
