source:
	0.8258590979656781,0.4994875750211163
target:
	0.1096292572649149,0.8389795979908183
points:
	[0.7986766658014052, 0.7986766658014052] [-0.0025645816273035756, 0.007499794858122927]
	[0.49518855627524927, 0.49518855627524927] [-0.004688699016712331, 0.006390626210921037]
	[-0.22906775478625063, -0.22906775478625063] [-0.007746092065189208, 0.0016798986739214236]
	[-0.0937580026826374, -0.0937580026826374] [-0.007448675947317948, 0.0027094701454116877]
	[0.23718269052140567, 0.23718269052140567] [-0.006164093412272989, 0.004982765722146978]
	[0.23718269052140567, 0.23718269052140567] [-0.006164093412272989, 0.004982765722146978]
	[0.23718269052140567, 0.23718269052140567] [-0.006164093412272989, 0.004982765722146978]
	[0.23718269052140567, 0.23718269052140567] [-0.006164093412272989, 0.004982765722146978]
	[0.23718269052140567, 0.23718269052140567] [-0.006164093412272989, 0.004982765722146978]
	[0.7940175477714604, 0.7940175477714604] [-0.00259949609520532, 0.0074877648125486985]
	[1.2894477509616977, 1.2894477509616977] [0.0012728157821799, 0.00782329481878728]
	[1.667759387378192, 1.667759387378192] [0.00407236414678475, 0.006799989124477499]
	[1.0550831605143913, 1.0550831605143913] [-0.0005787449235105435, 0.007905001970305948]
	[1.0550831605143913, 1.0550831605143913] [-0.0005787449235105435, 0.007905001970305948]
	[1.0550831605143913, 1.0550831605143913] [-0.0005787449235105435, 0.007905001970305948]
	[1.0550831605143913, 1.0550831605143913] [-0.0005787449235105435, 0.007905001970305948]
	[1.0550831605143913, 1.0550831605143913] [-0.0005787449235105435, 0.007905001970305948]
	[1.4335429635954142, 1.4335429635954142] [0.0023830268977249997, 0.007559443408198074]
	[1.5574520867434662, 1.5574520867434662] [0.003299045376805214, 0.007206962011750187]
	[2.051616950990848, 2.051616950990848] [0.006322601998714287, 0.004780031987642368]
	[2.2052748396707047, 2.2052748396707047] [0.006979710791212191, 0.003756013725755836]
	[2.2052748396707047, 2.2052748396707047] [0.006979710791212191, 0.003756013725755836]
	[2.1594414664187696, 2.1594414664187696] [0.006800290429325578, 0.004071860989013879]
	[2.1594414664187696, 2.1594414664187696] [0.006800290429325578, 0.004071860989013879]
	[1.5647960633512135, 1.5647960633512135] [0.0033518836965218306, 0.00718253976821718]
	[1.5647960633512135, 1.5647960633512135] [0.0033518836965218306, 0.00718253976821718]
	[1.1274543115512907, 1.1274543115512907] [-5.635148599084986e-06, 0.007926157333924832]
	[0.4498056152582255, 0.4498056152582255] [-0.004973797262600808, 0.006171332321920029]
	[0.4498056152582255, 0.4498056152582255] [-0.004973797262600808, 0.006171332321920029]
	[-0.015298454278903917, -0.015298454278903917] [-0.007213395287538021, 0.003284955138621289]
	[-0.29872410525940957, -0.29872410525940957] [-0.007844228622117026, 0.0011366966002369283]
	[-1.0172559084921116, -1.0172559084921116] [-0.0066531885314123265, -0.004308025557318996]
	[-1.0172559084921116, -1.0172559084921116] [-0.0066531885314123265, -0.004308025557318996]
	[-1.0172559084921116, -1.0172559084921116] [-0.0066531885314123265, -0.004308025557318996]
	[-0.6999395965207608, -0.6999395965207608] [-0.007665217488434223, -0.002017038098805347]
	[-0.9087837291663754, -0.9087837291663754] [-0.007080470542257018, -0.003562434383572666]
	[-0.9087837291663754, -0.9087837291663754] [-0.007080470542257018, -0.003562434383572666]
	[-0.8635744611483457, -0.8635744611483457] [-0.007234236159554968, -0.0032388005534175067]
	[-0.7643984150437624, -0.7643984150437624] [-0.007519372867949731, -0.002506597995246066]
	[-0.7520757877569608, -0.7520757877569608] [-0.0075496890686826005, -0.0024137516034680555]
	[-0.4105457681482092, -0.4105457681482092] [-0.007922079831646497, 0.0002542694988589328]
	[-0.4105457681482092, -0.4105457681482092] [-0.007922079831646497, 0.0002542694988589328]
	[-0.4105457681482092, -0.4105457681482092] [-0.007922079831646497, 0.0002542694988589328]
	[-1.0333988602583097, -1.0333988602583097] [-0.006582780428425968, -0.004414861681656877]
	[-0.5637079735798479, -0.5637079735798479] [-0.007868133037474937, -0.0009573318868739201]
	[-0.5637079735798479, -0.5637079735798479] [-0.007868133037474937, -0.0009573318868739201]
	[-0.9450915082137905, -0.9450915082137905] [-0.006946488458444008, -0.003817106225104869]
	[-0.9682949756091178, -0.9682949756091178] [-0.00685605639217807, -0.003977246859864798]
	[-0.9682949756091178, -0.9682949756091178] [-0.00685605639217807, -0.003977246859864798]
	[-0.9682949756091178, -0.9682949756091178] [-0.00685605639217807, -0.003977246859864798]
	[-1.3233998217416645, -1.3233998217416645] [-0.005045463630554395, -0.006112879729700479]
	[-1.3233998217416645, -1.3233998217416645] [-0.005045463630554395, -0.006112879729700479]
	[-1.964595866320653, -1.964595866320653] [-0.00038689260594693624, -0.007916711182586727]
	[-2.3112303651616664, -2.3112303651616664] [0.0023256984342454982, -0.007577277125061363]
	[-2.3112303651616664, -2.3112303651616664] [0.0023256984342454982, -0.007577277125061363]
	[-2.3112303651616664, -2.3112303651616664] [0.0023256984342454982, -0.007577277125061363]
	[-2.3112303651616664, -2.3112303651616664] [0.0023256984342454982, -0.007577277125061363]
	[-1.8477545034026237, -1.8477545034026237] [-0.0013071507922209483, -0.007817631268064918]
	[-1.8477545034026237, -1.8477545034026237] [-0.0013071507922209483, -0.007817631268064918]
	[-1.8477545034026237, -1.8477545034026237] [-0.0013071507922209483, -0.007817631268064918]
	[-1.4867624801234316, -1.4867624801234316] [-0.003984107709488565, -0.006852071774012873]
	[-1.4867624801234316, -1.4867624801234316] [-0.003984107709488565, -0.006852071774012873]
	[-1.9648321606052117, -1.9648321606052117] [-0.0003850219215583257, -0.007916802382082661]
	[-1.9648321606052117, -1.9648321606052117] [-0.0003850219215583257, -0.007916802382082661]
	[-2.0527418025345496, -2.0527418025345496] [0.0003115320615847636, -0.007920034697628218]
	[-2.8501425046836832, -2.8501425046836832] [0.005884749813787194, -0.005309776027871773]
	[-2.8501425046836832, -2.8501425046836832] [0.005884749813787194, -0.005309776027871773]
	[-2.8501425046836832, -2.8501425046836832] [0.005884749813787194, -0.005309776027871773]
	[-2.8501425046836832, -2.8501425046836832] [0.005884749813787194, -0.005309776027871773]
	[-2.8501425046836832, -2.8501425046836832] [0.005884749813787194, -0.005309776027871773]
	[-2.8501425046836832, -2.8501425046836832] [0.005884749813787194, -0.005309776027871773]
	[-2.8501425046836832, -2.8501425046836832] [0.005884749813787194, -0.005309776027871773]
	[-3.4837247815497014, -3.4837247815497014] [0.007886165771213387, -0.0007952303225937183]
