source:
	0.6168407533549525,0.9232439382796478
target:
	0.06602295625429555,0.6751000240077205
points:
	[0.6873638779267253, 0.6873638779267253] [-0.0026829104179295995, -0.005412906471450088]
	[0.6873638779267253, 0.6873638779267253] [-0.0026829104179295995, -0.005412906471450088]
	[0.6873638779267253, 0.6873638779267253] [-0.0026829104179295995, -0.005412906471450088]
	[0.6873638779267253, 0.6873638779267253] [-0.0026829104179295995, -0.005412906471450088]
	[0.04365820007681731, 0.04365820007681731] [-0.005394628650607382, -0.0027194754092191003]
	[0.04365820007681731, 0.04365820007681731] [-0.005394628650607382, -0.0027194754092191003]
	[0.04365820007681731, 0.04365820007681731] [-0.005394628650607382, -0.0027194754092191003]
	[-0.32247299681185404, -0.32247299681185404] [-0.00601065715527441, -0.0006079188605808792]
	[-0.32247299681185404, -0.32247299681185404] [-0.00601065715527441, -0.0006079188605808792]
	[-1.1944992358678301, -1.1944992358678301] [-0.0043319578786454385, 0.004210903194914736]
	[-1.1944992358678301, -1.1944992358678301] [-0.0043319578786454385, 0.004210903194914736]
	[-0.9757760007382148, -0.9757760007382148] [-0.0051424465222826374, 0.0031706164297758584]
	[-0.9757760007382148, -0.9757760007382148] [-0.0051424465222826374, 0.0031706164297758584]
	[-1.4167044058011786, -1.4167044058011786] [-0.0032974481623445017, 0.00506205495781627]
	[-1.4167044058011786, -1.4167044058011786] [-0.0032974481623445017, 0.00506205495781627]
	[-0.8441887188684357, -0.8441887188684357] [-0.0055139992671224755, 0.0024684766276945394]
	[-0.8441887188684357, -0.8441887188684357] [-0.0055139992671224755, 0.0024684766276945394]
	[-1.2041575913399007, -1.2041575913399007] [-0.004291086061801228, 0.0042525457304439]
	[-1.7666412650143775, -1.7666412650143775] [-0.0013621369135900876, 0.005885758048708481]
	[-2.318258316746448, -2.318258316746448] [0.0019244181965795651, 0.005726620240942721]
	[-1.6290154348059156, -1.6290154348059156] [-0.002156734872754892, 0.005643231296690253]
	[-1.890874289805196, -1.890874289805196] [-0.0006223128303072859, 0.006009183931328475]
	[-1.4742116750000598, -1.4742116750000598] [-0.00300105266031806, 0.005243209676266943]
	[-1.803186281246766, -1.803186281246766] [-0.001146180173202348, 0.005931596394720332]
	[-1.5184433983362993, -1.5184433983362993] [-0.002766276855857792, 0.005370779937406386]
	[-1.7823819964956265, -1.7823819964956265] [-0.0012693258570915548, 0.005906469050779848]
	[-1.9324860202528509, -1.9324860202528509] [-0.00037179374376955895, 0.006029870163726183]
	[-1.9324860202528509, -1.9324860202528509] [-0.00037179374376955895, 0.006029870163726183]
	[-1.9324860202528509, -1.9324860202528509] [-0.00037179374376955895, 0.006029870163726183]
	[-1.9324860202528509, -1.9324860202528509] [-0.00037179374376955895, 0.006029870163726183]
	[-1.2284322512178334, -1.2284322512178334] [-0.004186602879695052, 0.004355447291269924]
	[-1.2284322512178334, -1.2284322512178334] [-0.004186602879695052, 0.004355447291269924]
	[-0.858362939774905, -0.858362939774905] [-0.005478457810183643, 0.0025463826894909663]
	[-1.7105716091836793, -1.7105716091836793] [-0.0016898358665825674, 0.0058001740942244615]
	[-1.7105716091836793, -1.7105716091836793] [-0.0016898358665825674, 0.0058001740942244615]
	[-1.7105716091836793, -1.7105716091836793] [-0.0016898358665825674, 0.0058001740942244615]
	[-1.7105716091836793, -1.7105716091836793] [-0.0016898358665825674, 0.0058001740942244615]
	[-1.7105716091836793, -1.7105716091836793] [-0.0016898358665825674, 0.0058001740942244615]
	[-1.7105716091836793, -1.7105716091836793] [-0.0016898358665825674, 0.0058001740942244615]
	[-2.1451157425459018, -2.1451157425459018] [0.000909069584991575, 0.005972533572023237]
	[-2.1451157425459018, -2.1451157425459018] [0.000909069584991575, 0.005972533572023237]
	[-1.7205037402251704, -1.7205037402251704] [-0.001632145376430964, 0.005816671406354018]
	[-1.7205037402251704, -1.7205037402251704] [-0.001632145376430964, 0.005816671406354018]
	[-2.419235693928429, -2.419235693928429] [0.002491892328335803, 0.0055034568594005155]
	[-2.419235693928429, -2.419235693928429] [0.002491892328335803, 0.0055034568594005155]
	[-1.9363894159860868, -1.9363894159860868] [-0.0003482540016568567, 0.006031275481159139]
	[-1.9363894159860868, -1.9363894159860868] [-0.0003482540016568567, 0.006031275481159139]
	[-1.9363894159860868, -1.9363894159860868] [-0.0003482540016568567, 0.006031275481159139]
	[-1.9363894159860868, -1.9363894159860868] [-0.0003482540016568567, 0.006031275481159139]
	[-1.9812541302695765, -1.9812541302695765] [-7.740288617022101e-05, 0.006040825570442664]
	[-1.9812541302695765, -1.9812541302695765] [-7.740288617022101e-05, 0.006040825570442664]
	[-1.9812541302695765, -1.9812541302695765] [-7.740288617022101e-05, 0.006040825570442664]
	[-1.1724581343272846, -1.1724581343272846] [-0.004423711096842751, 0.004114406993841485]
	[-1.8358276314368376, -1.8358276314368376] [-0.0009519886886966183, 0.005965842967753602]
	[-2.0223335618886753, -2.0223335618886753] [0.00017074630688873618, 0.0060389080534468545]
	[-1.3602951281208608, -1.3602951281208608] [-0.003577598754914469, 0.004868095308037411]
	[-1.3602951281208608, -1.3602951281208608] [-0.003577598754914469, 0.004868095308037411]
