source:
	0.792751430531199,0.2388379178669615
target:
	0.04975823491543274,0.03214104799068662
points:
	[0, 0] [-0.0074299319561576625, -0.0020669686987627492]
	[0.34496452828335317, 0.34496452828335317] [-0.006293242759823965, -0.004457728574141885]
	[-0.31710095940404354, -0.31710095940404354] [-0.007704009058175035, 0.00035283552309090134]
	[-0.31710095940404354, -0.31710095940404354] [-0.007704009058175035, 0.00035283552309090134]
	[-0.31710095940404354, -0.31710095940404354] [-0.007704009058175035, 0.00035283552309090134]
	[-0.6957994332812615, -0.6957994332812615] [-0.007027706570366994, 0.0031760964776937086]
	[-0.6957994332812615, -0.6957994332812615] [-0.007027706570366994, 0.0031760964776937086]
	[-0.6957994332812615, -0.6957994332812615] [-0.007027706570366994, 0.0031760964776937086]
	[-0.6957994332812615, -0.6957994332812615] [-0.007027706570366994, 0.0031760964776937086]
	[-0.6957994332812615, -0.6957994332812615] [-0.007027706570366994, 0.0031760964776937086]
	[-0.6957994332812615, -0.6957994332812615] [-0.007027706570366994, 0.0031760964776937086]
	[-1.1294795786679803, -1.1294795786679803] [-0.005042482475514224, 0.005835205134263042]
	[-1.1294795786679803, -1.1294795786679803] [-0.005042482475514224, 0.005835205134263042]
	[-1.1294795786679803, -1.1294795786679803] [-0.005042482475514224, 0.005835205134263042]
	[-1.6974672664538344, -1.6974672664538344] [-0.001111766470174889, 0.007631528273589287]
	[-1.6974672664538344, -1.6974672664538344] [-0.001111766470174889, 0.007631528273589287]
	[-1.8272459831178893, -1.8272459831178893] [-0.00011478501147386498, 0.007711230308837802]
	[-1.8272459831178893, -1.8272459831178893] [-0.00011478501147386498, 0.007711230308837802]
	[-1.8272459831178893, -1.8272459831178893] [-0.00011478501147386498, 0.007711230308837802]
	[-1.8272459831178893, -1.8272459831178893] [-0.00011478501147386498, 0.007711230308837802]
	[-1.7651241889629377, -1.7651241889629377] [-0.0005932910106461629, 0.007689229756710633]
	[-1.6725308949768918, -1.6725308949768918] [-0.0013017037294825618, 0.007601435119465863]
	[-1.6725308949768918, -1.6725308949768918] [-0.0013017037294825618, 0.007601435119465863]
	[-1.6725308949768918, -1.6725308949768918] [-0.0013017037294825618, 0.007601435119465863]
	[-1.6725308949768918, -1.6725308949768918] [-0.0013017037294825618, 0.007601435119465863]
	[-1.6725308949768918, -1.6725308949768918] [-0.0013017037294825618, 0.007601435119465863]
	[-1.6725308949768918, -1.6725308949768918] [-0.0013017037294825618, 0.007601435119465863]
	[-1.6725308949768918, -1.6725308949768918] [-0.0013017037294825618, 0.007601435119465863]
	[-1.3640263142529299, -1.3640263142529299] [-0.003548303949582176, 0.006847319735208611]
	[-0.624225340058808, -0.624225340058808] [-0.007236845489580176, 0.0026653922478203605]
	[-1.0043791403143179, -1.0043791403143179] [-0.005731160327729099, 0.00516043116150791]
	[-1.3781706830741445, -1.3781706830741445] [-0.003451101226615712, 0.006896821644674402]
	[-1.3781706830741445, -1.3781706830741445] [-0.003451101226615712, 0.006896821644674402]
	[-1.3781706830741445, -1.3781706830741445] [-0.003451101226615712, 0.006896821644674402]
	[-1.3781706830741445, -1.3781706830741445] [-0.003451101226615712, 0.006896821644674402]
	[-1.3781706830741445, -1.3781706830741445] [-0.003451101226615712, 0.006896821644674402]
	[-1.3781706830741445, -1.3781706830741445] [-0.003451101226615712, 0.006896821644674402]
	[-0.5839251636439435, -0.5839251636439435] [-0.007338356293681441, 0.002371660890975731]
	[-0.5839251636439435, -0.5839251636439435] [-0.007338356293681441, 0.002371660890975731]
	[-0.5839251636439435, -0.5839251636439435] [-0.007338356293681441, 0.002371660890975731]
	[-0.5839251636439435, -0.5839251636439435] [-0.007338356293681441, 0.002371660890975731]
	[-0.5839251636439435, -0.5839251636439435] [-0.007338356293681441, 0.002371660890975731]
	[-0.5839251636439435, -0.5839251636439435] [-0.007338356293681441, 0.002371660890975731]
	[-0.5839251636439435, -0.5839251636439435] [-0.007338356293681441, 0.002371660890975731]
	[-0.5839251636439435, -0.5839251636439435] [-0.007338356293681441, 0.002371660890975731]
	[-0.4231178260348335, -0.4231178260348335] [-0.0076234182129152365, 0.0011660802827378873]
	[-0.05350130049315366, -0.05350130049315366] [-0.007529833578617967, -0.0016666897591079007]
	[-0.05350130049315366, -0.05350130049315366] [-0.007529833578617967, -0.0016666897591079007]
	[-0.4466135633270817, -0.4466135633270817] [-0.007593918661740606, 0.0013448597821578237]
	[-0.4466135633270817, -0.4466135633270817] [-0.007593918661740606, 0.0013448597821578237]
	[-0.4466135633270817, -0.4466135633270817] [-0.007593918661740606, 0.0013448597821578237]
	[0.13383333641817197, 0.13383333641817197] [-0.007087686860144597, -0.0030398920124457417]
	[0.13383333641817197, 0.13383333641817197] [-0.007087686860144597, -0.0030398920124457417]
	[0.6446627361738057, 0.6446627361738057] [-0.004696661848301445, -0.006116994029546494]
	[0.6446627361738057, 0.6446627361738057] [-0.004696661848301445, -0.006116994029546494]
	[0.6446627361738057, 0.6446627361738057] [-0.004696661848301445, -0.006116994029546494]
	[0.6756227765250682, 0.6756227765250682] [-0.00450505896747424, -0.006259448232422546]
	[0.6756227765250682, 0.6756227765250682] [-0.00450505896747424, -0.006259448232422546]
	[0.6756227765250682, 0.6756227765250682] [-0.00450505896747424, -0.006259448232422546]
	[0.6756227765250682, 0.6756227765250682] [-0.00450505896747424, -0.006259448232422546]
	[0.6756227765250682, 0.6756227765250682] [-0.00450505896747424, -0.006259448232422546]
	[0.6756227765250682, 0.6756227765250682] [-0.00450505896747424, -0.006259448232422546]
	[0.04556771565721329, 0.04556771565721329] [-0.007328065023325279, -0.002403270997768352]
	[0.04556771565721329, 0.04556771565721329] [-0.007328065023325279, -0.002403270997768352]
	[0.04556771565721329, 0.04556771565721329] [-0.007328065023325279, -0.002403270997768352]
