source:
	0.7210772270425848,0.7903487117765574
target:
	0.593950323407082,0.015478124647322566
points:
	[0, 0] [-0.0012712690363550292, -0.007748705871292349]
	[-0.35372620501366053, -0.35372620501366053] [-0.003876681350905821, -0.0068286096202766315]
	[-1.1028956865146944, -1.1028956865146944] [-0.007489212028292751, -0.002360142122388127]
	[-1.1028956865146944, -1.1028956865146944] [-0.007489212028292751, -0.002360142122388127]
	[-1.1028956865146944, -1.1028956865146944] [-0.007489212028292751, -0.002360142122388127]
	[-1.1028956865146944, -1.1028956865146944] [-0.007489212028292751, -0.002360142122388127]
	[-1.1028956865146944, -1.1028956865146944] [-0.007489212028292751, -0.002360142122388127]
	[-1.1028956865146944, -1.1028956865146944] [-0.007489212028292751, -0.002360142122388127]
	[-1.1028956865146944, -1.1028956865146944] [-0.007489212028292751, -0.002360142122388127]
	[-1.1028956865146944, -1.1028956865146944] [-0.007489212028292751, -0.002360142122388127]
	[-1.591966331814731, -1.591966331814731] [-0.0077200588091425925, 0.0014350120647490738]
	[-1.591966331814731, -1.591966331814731] [-0.0077200588091425925, 0.0014350120647490738]
	[-1.591966331814731, -1.591966331814731] [-0.0077200588091425925, 0.0014350120647490738]
	[-1.591966331814731, -1.591966331814731] [-0.0077200588091425925, 0.0014350120647490738]
	[-1.591966331814731, -1.591966331814731] [-0.0077200588091425925, 0.0014350120647490738]
	[-1.591966331814731, -1.591966331814731] [-0.0077200588091425925, 0.0014350120647490738]
	[-1.591966331814731, -1.591966331814731] [-0.0077200588091425925, 0.0014350120647490738]
	[-1.591966331814731, -1.591966331814731] [-0.0077200588091425925, 0.0014350120647490738]
	[-1.591966331814731, -1.591966331814731] [-0.0077200588091425925, 0.0014350120647490738]
	[-1.591966331814731, -1.591966331814731] [-0.0077200588091425925, 0.0014350120647490738]
	[-1.591966331814731, -1.591966331814731] [-0.0077200588091425925, 0.0014350120647490738]
	[-1.591966331814731, -1.591966331814731] [-0.0077200588091425925, 0.0014350120647490738]
	[-1.591966331814731, -1.591966331814731] [-0.0077200588091425925, 0.0014350120647490738]
	[-1.591966331814731, -1.591966331814731] [-0.0077200588091425925, 0.0014350120647490738]
	[-1.591966331814731, -1.591966331814731] [-0.0077200588091425925, 0.0014350120647490738]
	[-0.8303056035695183, -0.8303056035695183] [-0.0065772729359604536, -0.004289294623650574]
	[-0.8303056035695183, -0.8303056035695183] [-0.0065772729359604536, -0.004289294623650574]
	[-0.8303056035695183, -0.8303056035695183] [-0.0065772729359604536, -0.004289294623650574]
	[-0.6480418111440615, -0.6480418111440615] [-0.005690864434935491, -0.005410418618349407]
	[-0.6480418111440615, -0.6480418111440615] [-0.005690864434935491, -0.005410418618349407]
	[-0.6480418111440615, -0.6480418111440615] [-0.005690864434935491, -0.005410418618349407]
	[-0.564427146386344, -0.564427146386344] [-0.005219119051183822, -0.005866801852130821]
	[-0.564427146386344, -0.564427146386344] [-0.005219119051183822, -0.005866801852130821]
	[0.09788170058631485, 0.09788170058631485] [-0.0005079380111864566, -0.007835851365320012]
	[0.8700348551006168, 0.8700348551006168] [0.005103020119072133, -0.005968061101140018]
	[0.4648795709953892, 0.4648795709953892] [0.002337505958043772, -0.007496307993853069]
	[0.4648795709953892, 0.4648795709953892] [0.002337505958043772, -0.007496307993853069]
	[0.4648795709953892, 0.4648795709953892] [0.002337505958043772, -0.007496307993853069]
	[0.4648795709953892, 0.4648795709953892] [0.002337505958043772, -0.007496307993853069]
	[0.4648795709953892, 0.4648795709953892] [0.002337505958043772, -0.007496307993853069]
	[0.0029475968878812653, 0.0029475968878812653] [-0.0012484234855205296, -0.0077524193928989885]
	[0.0029475968878812653, 0.0029475968878812653] [-0.0012484234855205296, -0.0077524193928989885]
	[0.0029475968878812653, 0.0029475968878812653] [-0.0012484234855205296, -0.0077524193928989885]
	[0.0029475968878812653, 0.0029475968878812653] [-0.0012484234855205296, -0.0077524193928989885]
	[0.0029475968878812653, 0.0029475968878812653] [-0.0012484234855205296, -0.0077524193928989885]
	[0.0029475968878812653, 0.0029475968878812653] [-0.0012484234855205296, -0.0077524193928989885]
	[0.0029475968878812653, 0.0029475968878812653] [-0.0012484234855205296, -0.0077524193928989885]
	[0.0029475968878812653, 0.0029475968878812653] [-0.0012484234855205296, -0.0077524193928989885]
	[0.0029475968878812653, 0.0029475968878812653] [-0.0012484234855205296, -0.0077524193928989885]
	[0.02142597461943565, 0.02142597461943565] [-0.0011049663724448393, -0.0077741634249841735]
	[0.02142597461943565, 0.02142597461943565] [-0.0011049663724448393, -0.0077741634249841735]
	[0.02142597461943565, 0.02142597461943565] [-0.0011049663724448393, -0.0077741634249841735]
	[0.02142597461943565, 0.02142597461943565] [-0.0011049663724448393, -0.0077741634249841735]
	[0.02142597461943565, 0.02142597461943565] [-0.0011049663724448393, -0.0077741634249841735]
	[0.02142597461943565, 0.02142597461943565] [-0.0011049663724448393, -0.0077741634249841735]
	[0.02142597461943565, 0.02142597461943565] [-0.0011049663724448393, -0.0077741634249841735]
	[0.02142597461943565, 0.02142597461943565] [-0.0011049663724448393, -0.0077741634249841735]
	[0.02142597461943565, 0.02142597461943565] [-0.0011049663724448393, -0.0077741634249841735]
	[0.05141191513144408, 0.05141191513144408] [-0.0008713889717578758, -0.007803797082349995]
	[0.05141191513144408, 0.05141191513144408] [-0.0008713889717578758, -0.007803797082349995]
	[0.05141191513144408, 0.05141191513144408] [-0.0008713889717578758, -0.007803797082349995]
	[0.05141191513144408, 0.05141191513144408] [-0.0008713889717578758, -0.007803797082349995]
	[0.05141191513144408, 0.05141191513144408] [-0.0008713889717578758, -0.007803797082349995]
	[-0.7694056215355416, -0.7694056215355416] [-0.006304023256954651, -0.004681651249118246]
	[-0.7694056215355416, -0.7694056215355416] [-0.006304023256954651, -0.004681651249118246]
	[-0.7694056215355416, -0.7694056215355416] [-0.006304023256954651, -0.004681651249118246]
