source:
	0.781758802678308,0.404708791829415
target:
	0.37108453622043636,0.7486278283331125
points:
	[0.15661509150186395, 0.15661509150186395] [-0.0035200499769202282, 0.004037649543982013]
	[0.15661509150186395, 0.15661509150186395] [-0.0035200499769202282, 0.004037649543982013]
	[-0.2632898507640494, -0.2632898507640494] [-0.004860298476063473, 0.0022518579892189766]
	[-0.2632898507640494, -0.2632898507640494] [-0.004860298476063473, 0.0022518579892189766]
	[-0.8377340389612608, -0.8377340389612608] [-0.005303781748177467, -0.0007505097252759833]
	[-0.8377340389612608, -0.8377340389612608] [-0.005303781748177467, -0.0007505097252759833]
	[-0.8377340389612608, -0.8377340389612608] [-0.005303781748177467, -0.0007505097252759833]
	[-0.5965594346332714, -0.5965594346332714] [-0.005329534512721702, 0.000537984718874523]
	[-1.2488192879622027, -1.2488192879622027] [-0.004562004465399842, -0.0028073975382382453]
	[-1.2488192879622027, -1.2488192879622027] [-0.004562004465399842, -0.0028073975382382453]
	[-1.2488192879622027, -1.2488192879622027] [-0.004562004465399842, -0.0028073975382382453]
	[-2.0027255050590203, -2.0027255050590203] [-0.0014041552468440355, -0.0051693049554843076]
	[-2.0027255050590203, -2.0027255050590203] [-0.0014041552468440355, -0.0051693049554843076]
	[-2.0027255050590203, -2.0027255050590203] [-0.0014041552468440355, -0.0051693049554843076]
	[-2.0027255050590203, -2.0027255050590203] [-0.0014041552468440355, -0.0051693049554843076]
	[-2.0027255050590203, -2.0027255050590203] [-0.0014041552468440355, -0.0051693049554843076]
	[-1.8916126211742013, -1.8916126211742013] [-0.0019686914880184423, -0.004981728565973661]
	[-1.0789688929791312, -1.0789688929791312] [-0.004970905682719955, -0.0019958613111979305]
	[-1.0789688929791312, -1.0789688929791312] [-0.004970905682719955, -0.0019958613111979305]
	[-1.0789688929791312, -1.0789688929791312] [-0.004970905682719955, -0.0019958613111979305]
	[-1.0789688929791312, -1.0789688929791312] [-0.004970905682719955, -0.0019958613111979305]
	[-1.0789688929791312, -1.0789688929791312] [-0.004970905682719955, -0.0019958613111979305]
	[-1.8369016974332113, -1.8369016974332113] [-0.002238164814939728, -0.004866619354459527]
	[-1.8369016974332113, -1.8369016974332113] [-0.002238164814939728, -0.004866619354459527]
	[-1.8369016974332113, -1.8369016974332113] [-0.002238164814939728, -0.004866619354459527]
	[-1.8369016974332113, -1.8369016974332113] [-0.002238164814939728, -0.004866619354459527]
	[-1.8369016974332113, -1.8369016974332113] [-0.002238164814939728, -0.004866619354459527]
	[-1.8369016974332113, -1.8369016974332113] [-0.002238164814939728, -0.004866619354459527]
	[-1.8369016974332113, -1.8369016974332113] [-0.002238164814939728, -0.004866619354459527]
	[-1.8369016974332113, -1.8369016974332113] [-0.002238164814939728, -0.004866619354459527]
	[-1.8369016974332113, -1.8369016974332113] [-0.002238164814939728, -0.004866619354459527]
	[-1.8369016974332113, -1.8369016974332113] [-0.002238164814939728, -0.004866619354459527]
	[-1.8369016974332113, -1.8369016974332113] [-0.002238164814939728, -0.004866619354459527]
	[-2.2875563872626987, -2.2875563872626987] [0.00010496893735816573, -0.005355590275798192]
	[-2.2875563872626987, -2.2875563872626987] [0.00010496893735816573, -0.005355590275798192]
	[-3.034889600504421, -3.034889600504421] [0.003717109947502002, -0.0038570013375958173]
	[-3.779346514840304, -3.779346514840304] [0.005347168797825284, -0.00031804327944158484]
	[-3.779346514840304, -3.779346514840304] [0.005347168797825284, -0.00031804327944158484]
	[-3.779346514840304, -3.779346514840304] [0.005347168797825284, -0.00031804327944158484]
	[-3.674819815474294, -3.674819815474294] [0.005284800742572582, -0.0008742120974560715]
	[-3.660018806840229, -3.660018806840229] [0.005271283134494459, -0.0009523338679415603]
	[-3.660018806840229, -3.660018806840229] [0.005271283134494459, -0.0009523338679415603]
	[-3.660018806840229, -3.660018806840229] [0.005271283134494459, -0.0009523338679415603]
	[-3.660018806840229, -3.660018806840229] [0.005271283134494459, -0.0009523338679415603]
	[-3.660018806840229, -3.660018806840229] [0.005271283134494459, -0.0009523338679415603]
	[-3.660018806840229, -3.660018806840229] [0.005271283134494459, -0.0009523338679415603]
	[-3.000203264138413, -3.000203264138413] [0.0035811156460026643, -0.0039835883836045576]
	[-3.000203264138413, -3.000203264138413] [0.0035811156460026643, -0.0039835883836045576]
	[-3.000203264138413, -3.000203264138413] [0.0035811156460026643, -0.0039835883836045576]
	[-3.000203264138413, -3.000203264138413] [0.0035811156460026643, -0.0039835883836045576]
	[-3.4758852864060965, -3.4758852864060965] [0.005007806152457525, -0.001901379293945009]
	[-3.4758852864060965, -3.4758852864060965] [0.005007806152457525, -0.001901379293945009]
	[-3.4758852864060965, -3.4758852864060965] [0.005007806152457525, -0.001901379293945009]
