source:
	0.8885891479331645,0.9880627667213275
target:
	0.7262559738600957,0.36331816769368386
points:
	[0, 0] [-0.0016233317407306869, -0.006247445990276437]
	[0, 0] [-0.0016233317407306869, -0.006247445990276437]
	[0, 0] [-0.0016233317407306869, -0.006247445990276437]
	[0, 0] [-0.0016233317407306869, -0.006247445990276437]
	[0, 0] [-0.0016233317407306869, -0.006247445990276437]
	[0, 0] [-0.0016233317407306869, -0.006247445990276437]
	[0, 0] [-0.0016233317407306869, -0.006247445990276437]
	[0, 0] [-0.0016233317407306869, -0.006247445990276437]
	[0, 0] [-0.0016233317407306869, -0.006247445990276437]
	[0, 0] [-0.0016233317407306869, -0.006247445990276437]
	[0, 0] [-0.0016233317407306869, -0.006247445990276437]
	[0, 0] [-0.0016233317407306869, -0.006247445990276437]
	[0, 0] [-0.0016233317407306869, -0.006247445990276437]
	[0, 0] [-0.0016233317407306869, -0.006247445990276437]
	[0, 0] [-0.0016233317407306869, -0.006247445990276437]
	[0, 0] [-0.0016233317407306869, -0.006247445990276437]
	[0, 0] [-0.0016233317407306869, -0.006247445990276437]
	[0, 0] [-0.0016233317407306869, -0.006247445990276437]
	[0, 0] [-0.0016233317407306869, -0.006247445990276437]
	[0.601390562232584, 0.601390562232584] [0.00219622240232755, -0.006069793612751545]
	[0.601390562232584, 0.601390562232584] [0.00219622240232755, -0.006069793612751545]
	[1.2366888766060216, 1.2366888766060216] [0.005369650463968152, -0.0035822676109821083]
	[1.2366888766060216, 1.2366888766060216] [0.005369650463968152, -0.0035822676109821083]
	[1.2366888766060216, 1.2366888766060216] [0.005369650463968152, -0.0035822676109821083]
	[1.2366888766060216, 1.2366888766060216] [0.005369650463968152, -0.0035822676109821083]
	[1.2366888766060216, 1.2366888766060216] [0.005369650463968152, -0.0035822676109821083]
	[1.2366888766060216, 1.2366888766060216] [0.005369650463968152, -0.0035822676109821083]
	[1.2366888766060216, 1.2366888766060216] [0.005369650463968152, -0.0035822676109821083]
	[1.091978969377543, 1.091978969377543] [0.004796943453753211, -0.004319157422852178]
	[1.091978969377543, 1.091978969377543] [0.004796943453753211, -0.004319157422852178]
	[1.9637352301096915, 1.9637352301096915] [0.006392895770930563, 0.0008925642855856167]
	[1.5188093106565268, 1.5188093106565268] [0.006154651397227966, -0.0019457783842166336]
	[1.3731296905709613, 1.3731296905709613] [0.00580699941906454, -0.002818606941180154]
	[1.3731296905709613, 1.3731296905709613] [0.00580699941906454, -0.002818606941180154]
	[1.1861363321497975, 1.1861363321497975] [0.005181775073440165, -0.003849025127244433]
	[1.1861363321497975, 1.1861363321497975] [0.005181775073440165, -0.003849025127244433]
	[1.1861363321497975, 1.1861363321497975] [0.005181775073440165, -0.003849025127244433]
	[1.1861363321497975, 1.1861363321497975] [0.005181775073440165, -0.003849025127244433]
	[1.1861363321497975, 1.1861363321497975] [0.005181775073440165, -0.003849025127244433]
	[0.7785689392339663, 0.7785689392339663] [0.0032316586783543927, -0.005587680156245666]
	[0.7785689392339663, 0.7785689392339663] [0.0032316586783543927, -0.005587680156245666]
	[0.6858665829895665, 0.6858665829895665] [0.002700533101107912, -0.0058628413172885155]
	[0.6028728496373704, 0.6028728496373704] [0.0022052171649115737, -0.006066531512937538]
	[0.6028728496373704, 0.6028728496373704] [0.0022052171649115737, -0.006066531512937538]
	[0.08794031500162569, 0.08794031500162569] [-0.00106836425943484, -0.006365876620784219]
	[0.08794031500162569, 0.08794031500162569] [-0.00106836425943484, -0.006365876620784219]
	[0.08794031500162569, 0.08794031500162569] [-0.00106836425943484, -0.006365876620784219]
	[-0.29856597129325896, -0.29856597129325896] [-0.0033892001528083283, -0.0054935516440722445]
	[-0.29856597129325896, -0.29856597129325896] [-0.0033892001528083283, -0.0054935516440722445]
	[-0.29856597129325896, -0.29856597129325896] [-0.0033892001528083283, -0.0054935516440722445]
	[0.24483992208434507, 0.24483992208434507] [-6.053041671658344e-05, -0.006454620314978796]
	[0.24483992208434507, 0.24483992208434507] [-6.053041671658344e-05, -0.006454620314978796]
	[0.24483992208434507, 0.24483992208434507] [-6.053041671658344e-05, -0.006454620314978796]
