source:
	0.1384248479365774,0.14511905196407604
target:
	0.8933151440478414,0.47327296687356557
points:
	[0.2688640689988708, 0.2688640689988708] [0.006405998976407173, 0.005168908222981703]
	[0.2688640689988708, 0.2688640689988708] [0.006405998976407173, 0.005168908222981703]
	[0.2688640689988708, 0.2688640689988708] [0.006405998976407173, 0.005168908222981703]
	[0.9610256734659726, 0.9610256734659726] [0.0016329635485008798, 0.008067705073476908]
	[0.9610256734659726, 0.9610256734659726] [0.0016329635485008798, 0.008067705073476908]
	[0.9610256734659726, 0.9610256734659726] [0.0016329635485008798, 0.008067705073476908]
	[0.9610256734659726, 0.9610256734659726] [0.0016329635485008798, 0.008067705073476908]
	[0.9610256734659726, 0.9610256734659726] [0.0016329635485008798, 0.008067705073476908]
	[0.9610256734659726, 0.9610256734659726] [0.0016329635485008798, 0.008067705073476908]
	[0.9610256734659726, 0.9610256734659726] [0.0016329635485008798, 0.008067705073476908]
	[0.9610256734659726, 0.9610256734659726] [0.0016329635485008798, 0.008067705073476908]
	[1.4367392798322822, 1.4367392798322822] [-0.0022431412809926503, 0.00791976971236186]
	[1.4367392798322822, 1.4367392798322822] [-0.0022431412809926503, 0.00791976971236186]
	[1.4367392798322822, 1.4367392798322822] [-0.0022431412809926503, 0.00791976971236186]
	[0.7148921973147174, 0.7148921973147174] [0.0035494920211990126, 0.0074266776888984596]
	[0.39200661005422294, 0.39200661005422294] [0.005722584740868718, 0.005916625641944412]
	[-0.10123348381582498, -0.10123348381582498] [0.007841889100454373, 0.0025018414097445337]
	[0.7311099934812687, 0.7311099934812687] [0.0034285861780078038, 0.007483263454089497]
	[1.2469588712459672, 1.2469588712459672] [-0.0007088561083333233, 0.008200729121304772]
	[1.2469588712459672, 1.2469588712459672] [-0.0007088561083333233, 0.008200729121304772]
	[0.8439453849442127, 0.8439453849442127] [0.002564196886596132, 0.007821721641052456]
	[1.6116708297159688, 1.6116708297159688] [-0.0035872700001513846, 0.007408503833389809]
	[1.9416591645400705, 1.9416591645400705] [-0.00579431513701444, 0.005846396086163079]
	[2.55468536338663, 2.55468536338663] [-0.008102928321938884, 0.0014480979638333534]
	[2.55468536338663, 2.55468536338663] [-0.008102928321938884, 0.0014480979638333534]
	[1.8429678560586478, 1.8429678560586478] [-0.005190067499347475, 0.0063888680104972175]
	[1.8429678560586478, 1.8429678560586478] [-0.005190067499347475, 0.0063888680104972175]
	[1.3985812271504443, 1.3985812271504443] [-0.0019393787720018553, 0.007999577806487426]
	[1.3985812271504443, 1.3985812271504443] [-0.0019393787720018553, 0.007999577806487426]
	[1.3985812271504443, 1.3985812271504443] [-0.0019393787720018553, 0.007999577806487426]
	[1.4224047789811127, 1.4224047789811127] [-0.0021293887690653503, 0.007951109266858051]
	[1.4565393221237224, 1.4565393221237224] [-0.002399503122244271, 0.007873805932944856]
	[1.8804506146798958, 1.8804506146798958] [-0.005425838341549899, 0.006189887995327917]
	[1.6080157556249213, 1.6080157556249213] [-0.0035601674678700426, 0.007421566054685321]
	[2.2994252958024783, 2.2994252958024783] [-0.007474734025061977, 0.003447141766437582]
	[2.524357318571139, 2.524357318571139] [-0.00805529086241901, 0.001693140344202584]
	[2.524357318571139, 2.524357318571139] [-0.00805529086241901, 0.001693140344202584]
	[3.3850302057943913, 3.3850302057943913] [-0.006535341494688578, -0.005004372753017035]
	[3.779443058674307, 3.779443058674307] [-0.004110562055539179, -0.007131459506363276]
	[3.779443058674307, 3.779443058674307] [-0.004110562055539179, -0.007131459506363276]
	[3.779443058674307, 3.779443058674307] [-0.004110562055539179, -0.007131459506363276]
	[4.2955665731289905, 4.2955665731289905] [-5.5652164786938525e-05, -0.008231120090236332]
	[4.2955665731289905, 4.2955665731289905] [-5.5652164786938525e-05, -0.008231120090236332]
	[4.945059026964848, 4.945059026964848] [0.0049337146878404604, -0.006588846217838517]
	[4.417204585660213, 4.417204585660213] [0.0009435089827265411, -0.008177054842842377]
	[4.1223239542079755, 4.1223239542079755] [-0.0014736776098631665, -0.008098315220187814]
	[4.1223239542079755, 4.1223239542079755] [-0.0014736776098631665, -0.008098315220187814]
	[3.256485602808504, 3.256485602808504] [-0.00712293673746333, -0.00412531299872299]
	[2.5900406503245383, 2.5900406503245383] [-0.008149051787669268, 0.001160771323397481]
	[2.5900406503245383, 2.5900406503245383] [-0.008149051787669268, 0.001160771323397481]
	[2.8934468454346045, 2.8934468454346045] [-0.008123645153725436, -0.001326960632306344]
	[2.8934468454346045, 2.8934468454346045] [-0.008123645153725436, -0.001326960632306344]
	[3.527864803822238, 3.527864803822238] [-0.005756419116376729, -0.005883712608544895]
	[3.7479682308621127, 3.7479682308621127] [-0.004332950529922502, -0.0069985694830145065]
	[3.7479682308621127, 3.7479682308621127] [-0.004332950529922502, -0.0069985694830145065]
	[3.7479682308621127, 3.7479682308621127] [-0.004332950529922502, -0.0069985694830145065]
	[3.7479682308621127, 3.7479682308621127] [-0.004332950529922502, -0.0069985694830145065]
	[3.7479682308621127, 3.7479682308621127] [-0.004332950529922502, -0.0069985694830145065]
	[3.6427078356187503, 3.6427078356187503] [-0.005044281264835051, -0.0065045877367110455]
	[3.4572478885719824, 3.4572478885719824] [-0.0061572165690779316, -0.005462885613374109]
	[3.954578155714466, 3.954578155714466] [-0.0028050889767403855, -0.0077385987708310094]
	[3.217787398978351, 3.217787398978351] [-0.007277206283463509, -0.00384664838674616]
	[3.217787398978351, 3.217787398978351] [-0.007277206283463509, -0.00384664838674616]
	[3.217787398978351, 3.217787398978351] [-0.007277206283463509, -0.00384664838674616]
	[2.4929797802776257, 2.4929797802776257] [-0.007998207911022036, 0.001945020646523359]
	[1.884702022377923, 1.884702022377923] [-0.005452104965254116, 0.006166764674542805]
	[1.2601435843438793, 1.2601435843438793] [-0.0008169156246621799, 0.008190670544315675]
	[1.3345321533180279, 1.3345321533180279] [-0.001423386880671229, 0.008107305649306102]
	[1.2704054479827218, 1.2704054479827218] [-0.0009009226811021567, 0.008181856355743072]
	[1.124280517008666, 1.124280517008666] [0.00030000168011517283, 0.008225839415844786]
	[1.124280517008666, 1.124280517008666] [0.00030000168011517283, 0.008225839415844786]
	[1.2593624042827167, 1.2593624042827167] [-0.0008105169875379529, 0.008191306203301768]
	[1.5591230227128565, 1.5591230227128565] [-0.0031931969320244053, 0.007586694171814728]
	[1.5591230227128565, 1.5591230227128565] [-0.0031931969320244053, 0.007586694171814728]
	[0.9474309449345342, 0.9474309449345342] [0.001742487533385832, 0.008044760549533627]
	[0.9474309449345342, 0.9474309449345342] [0.001742487533385832, 0.008044760549533627]
	[1.2410921390869378, 1.2410921390869378] [-0.0006607327041938979, 0.00820474663819342]
	[1.2410921390869378, 1.2410921390869378] [-0.0006607327041938979, 0.00820474663819342]
	[1.2410921390869378, 1.2410921390869378] [-0.0006607327041938979, 0.00820474663819342]
	[1.2410921390869378, 1.2410921390869378] [-0.0006607327041938979, 0.00820474663819342]
	[1.2410921390869378, 1.2410921390869378] [-0.0006607327041938979, 0.00820474663819342]
