source:
	0.7734203419272666,0.1371841900468731
target:
	0.28911411335503645,0.3667818279036218
points:
	[0, 0] [-0.004843062285722301, 0.0022959763785674867]
	[0, 0] [-0.004843062285722301, 0.0022959763785674867]
	[0, 0] [-0.004843062285722301, 0.0022959763785674867]
	[0, 0] [-0.004843062285722301, 0.0022959763785674867]
	[0.15267463088013747, 0.15267463088013747] [-0.004437549936816923, 0.003005812767386171]
	[0.15267463088013747, 0.15267463088013747] [-0.004437549936816923, 0.003005812767386171]
	[-0.39764437933630714, -0.39764437933630714] [-0.005354297357122562, 0.00024137034995199363]
	[-0.39764437933630714, -0.39764437933630714] [-0.005354297357122562, 0.00024137034995199363]
	[-0.39764437933630714, -0.39764437933630714] [-0.005354297357122562, 0.00024137034995199363]
	[0.20098709013907368, 0.20098709013907368] [-0.004287210394036019, 0.003216611084914544]
	[0.9087832967787977, 0.9087832967787977] [-0.001166092813080077, 0.005231346613025042]
	[0.9087832967787977, 0.9087832967787977] [-0.001166092813080077, 0.005231346613025042]
	[0.9087832967787977, 0.9087832967787977] [-0.001166092813080077, 0.005231346613025042]
	[1.1028858640530537, 1.1028858640530537] [-0.00013514125653740468, 0.00535803104461957]
	[1.072855953709185, 1.072855953709185] [-0.0002959573358780785, 0.005351557632097924]
	[1.072855953709185, 1.072855953709185] [-0.0002959573358780785, 0.005351557632097924]
	[1.072855953709185, 1.072855953709185] [-0.0002959573358780785, 0.005351557632097924]
	[1.4062951911493842, 1.4062951911493842] [0.0014718801396882025, 0.005153671379581456]
	[1.4062951911493842, 1.4062951911493842] [0.0014718801396882025, 0.005153671379581456]
	[1.4062951911493842, 1.4062951911493842] [0.0014718801396882025, 0.005153671379581456]
	[1.602449178084798, 1.602449178084798] [0.0024480974353140697, 0.004767974284906984]
	[1.8837270066122151, 1.8837270066122151] [0.0036754018502252253, 0.0039010487146005474]
	[1.716037021918214, 1.716037021918214] [0.0029727415547443703, 0.004459772133531221]
	[1.7936585521014186, 1.7936585521014186] [0.0033096173342452816, 0.004215826483050357]
	[1.7936585521014186, 1.7936585521014186] [0.0033096173342452816, 0.004215826483050357]
	[1.7936585521014186, 1.7936585521014186] [0.0033096173342452816, 0.004215826483050357]
	[1.3514172044627693, 1.3514172044627693] [0.001186983170893465, 0.005226646227394894]
	[1.3514172044627693, 1.3514172044627693] [0.001186983170893465, 0.005226646227394894]
	[1.2234791457703018, 1.2234791457703018] [0.000510417787005414, 0.0053353756678451505]
	[0.37865644244279584, 0.37865644244279584] [-0.00365123102159782, 0.003923680907164512]
	[1.0897836798482774, 1.0897836798482774] [-0.0002053295582182106, 0.005355800557045372]
	[0.6809255770426944, 0.6809255770426944] [-0.0023176671174997892, 0.00483271962426808]
	[0.6809255770426944, 0.6809255770426944] [-0.0023176671174997892, 0.00483271962426808]
	[0.34208276081611666, 0.34208276081611666] [-0.0037922607539954104, 0.003787547782937102]
	[0.8439800354029802, 0.8439800354029802] [-0.0015024162844527824, 0.005144852295502436]
	[0.8439800354029802, 0.8439800354029802] [-0.0015024162844527824, 0.005144852295502436]
	[0.8439800354029802, 0.8439800354029802] [-0.0015024162844527824, 0.005144852295502436]
	[0.8439800354029802, 0.8439800354029802] [-0.0015024162844527824, 0.005144852295502436]
	[0.515524165483696, 0.515524165483696] [-0.0030817353535173733, 0.00438516442624524]
	[0.515524165483696, 0.515524165483696] [-0.0030817353535173733, 0.00438516442624524]
	[0.2056727242649421, 0.2056727242649421] [-0.004272091523393391, 0.0032366640001822754]
	[0.4056581974486113, 0.4056581974486113] [-0.0035439666588400935, 0.004020828292199926]
	[-0.40317197270184624, -0.40317197270184624] [-0.005355549749308784, 0.0002117704346792022]
	[-0.6230501843767278, -0.6230501843767278] [-0.005272799052454896, -0.0009614312179019]
	[-0.7497086506166168, -0.7497086506166168] [-0.005109113399150231, -0.0016197901434905576]
	[-0.8162321042063576, -0.8162321042063576] [-0.004990138132505454, -0.0019558326239329793]
