source:
	0.37781620658983195,0.9090147047906674
target:
	0.7472045604360482,0.520482566707418
points:
	[0, 0] [0.0036938835384621627, -0.0038853213808324938]
	[0, 0] [0.0036938835384621627, -0.0038853213808324938]
	[0, 0] [0.0036938835384621627, -0.0038853213808324938]
	[0.5985628484743534, 0.5985628484743534] [0.0008624812878608837, -0.0052911835969058655]
	[0.5985628484743534, 0.5985628484743534] [0.0008624812878608837, -0.0052911835969058655]
	[0.5985628484743534, 0.5985628484743534] [0.0008624812878608837, -0.0052911835969058655]
	[0.5985628484743534, 0.5985628484743534] [0.0008624812878608837, -0.0052911835969058655]
	[0.5985628484743534, 0.5985628484743534] [0.0008624812878608837, -0.0052911835969058655]
	[-0.004197637257123743, -0.004197637257123743] [0.0037101601169922532, -0.0038697816132639696]
	[0.5110229604760984, 0.5110229604760984] [0.001321776958444273, -0.0051955176354432355]
	[0.5110229604760984, 0.5110229604760984] [0.001321776958444273, -0.0051955176354432355]
	[0.5079806788526466, 0.5079806788526466] [0.001337577045054833, -0.005191472380415622]
	[0.5079806788526466, 0.5079806788526466] [0.001337577045054833, -0.005191472380415622]
	[0.5079806788526466, 0.5079806788526466] [0.001337577045054833, -0.005191472380415622]
	[-0.2983667833224024, -0.2983667833224024] [0.004672807163648356, -0.0026278072683194376]
	[-0.2983667833224024, -0.2983667833224024] [0.004672807163648356, -0.0026278072683194376]
	[-0.2983667833224024, -0.2983667833224024] [0.004672807163648356, -0.0026278072683194376]
	[-0.2983667833224024, -0.2983667833224024] [0.004672807163648356, -0.0026278072683194376]
	[-0.2983667833224024, -0.2983667833224024] [0.004672807163648356, -0.0026278072683194376]
	[-0.7718666406860029, -0.7718666406860029] [0.005356984886013284, -0.00020787197767159875]
	[-0.7718666406860029, -0.7718666406860029] [0.005356984886013284, -0.00020787197767159875]
	[-0.03607168150568596, -0.03607168150568596] [0.003831600305096504, -0.0037495782336231143]
	[-0.03607168150568596, -0.03607168150568596] [0.003831600305096504, -0.0037495782336231143]
	[-0.03607168150568596, -0.03607168150568596] [0.003831600305096504, -0.0037495782336231143]
	[-0.03607168150568596, -0.03607168150568596] [0.003831600305096504, -0.0037495782336231143]
	[-0.03607168150568596, -0.03607168150568596] [0.003831600305096504, -0.0037495782336231143]
	[-0.08880179978919381, -0.08880179978919381] [0.004023898816144173, -0.00354241953267952]
	[-0.08880179978919381, -0.08880179978919381] [0.004023898816144173, -0.00354241953267952]
	[-0.1401775247656692, -0.1401775247656692] [0.0042005038347569515, -0.0033311057266721517]
	[0.3585941898581893, 0.3585941898581893] [0.0020953344098807, -0.0049345791653236]
	[0.3585941898581893, 0.3585941898581893] [0.0020953344098807, -0.0049345791653236]
	[0.3585941898581893, 0.3585941898581893] [0.0020953344098807, -0.0049345791653236]
	[0.3585941898581893, 0.3585941898581893] [0.0020953344098807, -0.0049345791653236]
	[0.326884014473583, 0.326884014473583] [0.002250731180225714, -0.004865666139639631]
	[0.326884014473583, 0.326884014473583] [0.002250731180225714, -0.004865666139639631]
	[0.326884014473583, 0.326884014473583] [0.002250731180225714, -0.004865666139639631]
	[0.326884014473583, 0.326884014473583] [0.002250731180225714, -0.004865666139639631]
	[0.5203948547442504, 0.5203948547442504] [0.0012730277822825284, -0.005207676842279356]
	[0.5203948547442504, 0.5203948547442504] [0.0012730277822825284, -0.005207676842279356]
	[0.5203948547442504, 0.5203948547442504] [0.0012730277822825284, -0.005207676842279356]
	[0.5203948547442504, 0.5203948547442504] [0.0012730277822825284, -0.005207676842279356]
	[0.5203948547442504, 0.5203948547442504] [0.0012730277822825284, -0.005207676842279356]
	[0.5203948547442504, 0.5203948547442504] [0.0012730277822825284, -0.005207676842279356]
