source:
	0.9608832969165126,0.7986463822464699
target:
	0.5007005504316467,0.03709006839008833
points:
	[0.3072870901800667, 0.3072870901800667] [-0.002082757852151909, -0.008650765148990405]
	[0.1800804211294143, 0.1800804211294143] [-0.0031633990830321305, -0.00831664139993777]
	[0.32843384913441886, 0.32843384913441886] [-0.0018993701687167717, -0.008692871268796993]
	[0.02760914565582484, 0.02760914565582484] [-0.004389841189665896, -0.007739697168701118]
	[0.02760914565582484, 0.02760914565582484] [-0.004389841189665896, -0.007739697168701118]
	[-0.8079005425084885, -0.8079005425084885] [-0.00868476189119916, -0.001936111780570063]
	[-0.8079005425084885, -0.8079005425084885] [-0.00868476189119916, -0.001936111780570063]
	[-0.9591980438200474, -0.9591980438200474] [-0.008877362790629426, -0.0006050188569255778]
	[-0.9591980438200474, -0.9591980438200474] [-0.008877362790629426, -0.0006050188569255778]
	[-1.0180323352150895, -1.0180323352150895] [-0.008897578166110868, -8.19799465391956e-05]
	[-1.0613803040963414, -1.0613803040963414] [-0.008892772545237862, 0.0003036682274310685]
	[-1.0613803040963414, -1.0613803040963414] [-0.008892772545237862, 0.0003036682274310685]
	[-1.0613803040963414, -1.0613803040963414] [-0.008892772545237862, 0.0003036682274310685]
	[-1.7889027863083684, -1.7889027863083684] [-0.00643939271526696, 0.006140670923625057]
	[-1.7889027863083684, -1.7889027863083684] [-0.00643939271526696, 0.006140670923625057]
	[-2.3567564818026634, -2.3567564818026634] [-0.0021261775499387204, 0.00864019600239624]
	[-2.163017458967089, -2.163017458967089] [-0.0037498902819765416, 0.008069197036064077]
	[-2.163017458967089, -2.163017458967089] [-0.0037498902819765416, 0.008069197036064077]
	[-2.163017458967089, -2.163017458967089] [-0.0037498902819765416, 0.008069197036064077]
	[-2.8216925500925694, -2.8216925500925694] [0.0019734828603735015, 0.008676346197190347]
	[-2.732338787658657, -2.732338787658657] [0.0011913769053162966, 0.008817836412815014]
	[-2.732338787658657, -2.732338787658657] [0.0011913769053162966, 0.008817836412815014]
	[-2.635084704746547, -2.635084704746547] [0.0003295277462766724, 0.0088918518542608]
	[-3.309459752706131, -3.309459752706131] [0.005809548148615102, 0.006739641551492946]
	[-3.9345585382111623, -3.9345585382111623] [0.00865487927496517, 0.0020655949916345614]
	[-3.9345585382111623, -3.9345585382111623] [0.00865487927496517, 0.0020655949916345614]
	[-4.426850256642558, -4.426850256642558] [0.008603426350446117, -0.002270390487589481]
	[-4.426850256642558, -4.426850256642558] [0.008603426350446117, -0.002270390487589481]
	[-4.6275874132281745, -4.6275874132281745] [0.007977971246699142, -0.003940252875200924]
	[-5.401694831538734, -5.401694831538734] [0.0029500663058067613, -0.008394684432724737]
	[-5.401694831538734, -5.401694831538734] [0.0029500663058067613, -0.008394684432724737]
	[-4.664695467689218, -4.664695467689218] [0.007826297449001748, -0.004233519360229277]
	[-4.664695467689218, -4.664695467689218] [0.007826297449001748, -0.004233519360229277]
	[-4.664695467689218, -4.664695467689218] [0.007826297449001748, -0.004233519360229277]
	[-4.664695467689218, -4.664695467689218] [0.007826297449001748, -0.004233519360229277]
	[-4.664695467689218, -4.664695467689218] [0.007826297449001748, -0.004233519360229277]
	[-4.664695467689218, -4.664695467689218] [0.007826297449001748, -0.004233519360229277]
	[-4.664695467689218, -4.664695467689218] [0.007826297449001748, -0.004233519360229277]
	[-4.664695467689218, -4.664695467689218] [0.007826297449001748, -0.004233519360229277]
	[-4.664695467689218, -4.664695467689218] [0.007826297449001748, -0.004233519360229277]
	[-4.846573021529181, -4.846573021529181] [0.00693146503533955, -0.00557928403987041]
	[-4.846573021529181, -4.846573021529181] [0.00693146503533955, -0.00557928403987041]
	[-5.6446691306244405, -5.6446691306244405] [0.0008437307305990578, -0.008857862969584152]
	[-5.826602093373001, -5.826602093373001] [-0.0007728561202208682, -0.008864328025920779]
	[-6.6564842586352215, -6.6564842586352215] [-0.007062209824433733, -0.005412837548768583]
	[-6.508717915616343, -6.508717915616343] [-0.006188321052255859, -0.006393614039640988]
	[-6.508717915616343, -6.508717915616343] [-0.006188321052255859, -0.006393614039640988]
	[-6.508717915616343, -6.508717915616343] [-0.006188321052255859, -0.006393614039640988]
	[-6.1515026338737, -6.1515026338737] [-0.003562044521777457, -0.00815386146304698]
	[-6.1515026338737, -6.1515026338737] [-0.003562044521777457, -0.00815386146304698]
	[-6.1515026338737, -6.1515026338737] [-0.003562044521777457, -0.00815386146304698]
	[-6.257939080092454, -6.257939080092454] [-0.004408117191724287, -0.007729302734251788]
	[-6.257939080092454, -6.257939080092454] [-0.004408117191724287, -0.007729302734251788]
	[-6.257939080092454, -6.257939080092454] [-0.004408117191724287, -0.007729302734251788]
	[-6.257939080092454, -6.257939080092454] [-0.004408117191724287, -0.007729302734251788]
	[-6.257939080092454, -6.257939080092454] [-0.004408117191724287, -0.007729302734251788]
	[-6.257939080092454, -6.257939080092454] [-0.004408117191724287, -0.007729302734251788]
	[-7.0923327464716035, -7.0923327464716035] [-0.008687169270802543, -0.0019252812766220432]
	[-7.0923327464716035, -7.0923327464716035] [-0.008687169270802543, -0.0019252812766220432]
	[-7.0923327464716035, -7.0923327464716035] [-0.008687169270802543, -0.0019252812766220432]
	[-7.6306307303981145, -7.6306307303981145] [-0.008445695940457637, 0.0028006852759681496]
	[-7.6306307303981145, -7.6306307303981145] [-0.008445695940457637, 0.0028006852759681496]
	[-7.6306307303981145, -7.6306307303981145] [-0.008445695940457637, 0.0028006852759681496]
	[-7.6306307303981145, -7.6306307303981145] [-0.008445695940457637, 0.0028006852759681496]
	[-7.6306307303981145, -7.6306307303981145] [-0.008445695940457637, 0.0028006852759681496]
	[-8.373544066930439, -8.373544066930439] [-0.0043257778877511316, 0.007775684124212529]
	[-8.742746348446467, -8.742746348446467] [-0.0012282641451227625, 0.00881277397437908]
	[-8.742746348446467, -8.742746348446467] [-0.0012282641451227625, 0.00881277397437908]
	[-8.742746348446467, -8.742746348446467] [-0.0012282641451227625, 0.00881277397437908]
	[-9.160850478373309, -9.160850478373309] [0.0024557765706822105, 0.008552355194247706]
	[-9.595969117717683, -9.595969117717683] [0.005831918969776334, 0.0067202930787020245]
	[-9.595969117717683, -9.595969117717683] [0.005831918969776334, 0.0067202930787020245]
	[-9.595969117717683, -9.595969117717683] [0.005831918969776334, 0.0067202930787020245]
	[-9.595969117717683, -9.595969117717683] [0.005831918969776334, 0.0067202930787020245]
	[-9.595969117717683, -9.595969117717683] [0.005831918969776334, 0.0067202930787020245]
	[-9.595969117717683, -9.595969117717683] [0.005831918969776334, 0.0067202930787020245]
	[-9.595969117717683, -9.595969117717683] [0.005831918969776334, 0.0067202930787020245]
	[-9.595969117717683, -9.595969117717683] [0.005831918969776334, 0.0067202930787020245]
	[-9.815433921764685, -9.815433921764685] [0.007155092005752416, 0.005289449529289911]
	[-10.268291297574672, -10.268291297574672] [0.008748190933781935, 0.0016256608870803726]
	[-10.268291297574672, -10.268291297574672] [0.008748190933781935, 0.0016256608870803726]
	[-10.074927427278858, -10.074927427278858] [0.008272765380412354, 0.003276426543406432]
	[-10.097334924206775, -10.097334924206775] [0.008344098980614275, 0.003090247584805982]
	[-10.097334924206775, -10.097334924206775] [0.008344098980614275, 0.003090247584805982]
	[-10.097334924206775, -10.097334924206775] [0.008344098980614275, 0.003090247584805982]
