source:
	0.7743188901496758,0.0193975767802117
target:
	0.20298295083062945,0.7483316771334213
points:
	[-0.5354991679932316, -0.5354991679932316] [-0.008633104121681282, 0.003353577350493302]
	[0.03589475641867279, 0.03589475641867279] [-0.0054480862092888705, 0.007489681200003671]
	[0.11220437342561161, 0.11220437342561161] [-0.004861251196950365, 0.007883222984394178]
	[0.11220437342561161, 0.11220437342561161] [-0.004861251196950365, 0.007883222984394178]
	[0.15569805923972196, 0.15569805923972196] [-0.004513891573044224, 0.008087134887482238]
	[0.15569805923972196, 0.15569805923972196] [-0.004513891573044224, 0.008087134887482238]
	[0.15569805923972196, 0.15569805923972196] [-0.004513891573044224, 0.008087134887482238]
	[-0.04592827706239097, -0.04592827706239097] [-0.006042003738619484, 0.0070193417529024905]
	[0.09954444211405336, 0.09954444211405336] [-0.004960660032005161, 0.00782104979324378]
	[0.05632536804442796, 0.05632536804442796] [-0.005293941083540612, 0.0075994181109827665]
	[0.05632536804442796, 0.05632536804442796] [-0.005293941083540612, 0.0075994181109827665]
	[0.7657005560233766, 0.7657005560233766] [0.0009330771483912214, 0.009214463351529601]
	[0.7657005560233766, 0.7657005560233766] [0.0009330771483912214, 0.009214463351529601]
	[1.2978399603503639, 1.2978399603503639] [0.005479271246007103, 0.007466897242778408]
	[0.8609927347965542, 0.8609927347965542] [0.001805581900873328, 0.00908387812670176]
	[1.620230568855486, 1.620230568855486] [0.007562756746343192, 0.005346183518845249]
	[1.403743915305154, 1.403743915305154] [0.006237869770065456, 0.0068458709126915]
	[1.7392137964326422, 1.7392137964326422] [0.00814389320552496, 0.004410665627605025]
	[2.151883325208844, 2.151883325208844] [0.009229166256173697, 0.0007742467548765112]
	[2.214488739888535, 2.214488739888535] [0.0092595259721121, 0.00019531152888015095]
	[2.214488739888535, 2.214488739888535] [0.0092595259721121, 0.00019531152888015095]
	[1.5935318808856693, 1.5935318808856693] [0.0074173423358685564, 0.005546169894085827]
	[1.5935318808856693, 1.5935318808856693] [0.0074173423358685564, 0.005546169894085827]
	[1.5935318808856693, 1.5935318808856693] [0.0074173423358685564, 0.005546169894085827]
	[1.2529670212582829, 1.2529670212582829] [0.005138806503386641, 0.007705169403866678]
	[1.416443115532677, 1.416443115532677] [0.006324301535925767, 0.006766105076350721]
	[1.416443115532677, 1.416443115532677] [0.006324301535925767, 0.006766105076350721]
	[2.007529021584609, 2.007529021584609] [0.009021795588422235, 0.0020938414892864043]
	[2.007529021584609, 2.007529021584609] [0.009021795588422235, 0.0020938414892864043]
	[2.503851560368316, 2.503851560368316] [0.008930299867050764, -0.002454936273324651]
	[1.8361293289990281, 1.8361293289990281] [0.008532470040980738, 0.003601933206112819]
	[2.463920686203188, 2.463920686203188] [0.009021182947374216, -0.002096479442192711]
	[2.463920686203188, 2.463920686203188] [0.009021182947374216, -0.002096479442192711]
	[2.8880086428795257, 2.8880086428795257] [0.007359356414888607, -0.005622885467459739]
	[2.8880086428795257, 2.8880086428795257] [0.007359356414888607, -0.005622885467459739]
	[3.3181477730414897, 3.3181477730414897] [0.00434424816871424, -0.008179515613418375]
	[3.730079340520645, 3.730079340520645] [0.0007059332255481215, -0.00923464271656458]
	[4.134161111120638, 4.134161111120638] [-0.0029817473425922726, -0.008768474816436205]
	[4.751796568027982, 4.751796568027982] [-0.007508773156770625, -0.005421742662806206]
	[4.751796568027982, 4.751796568027982] [-0.007508773156770625, -0.005421742662806206]
	[4.751796568027982, 4.751796568027982] [-0.007508773156770625, -0.005421742662806206]
	[4.751796568027982, 4.751796568027982] [-0.007508773156770625, -0.005421742662806206]
	[4.080393128204628, 4.080393128204628] [-0.0025062022004750835, -0.008916048359663932]
	[4.283772761040119, 4.283772761040119] [-0.004255415757127334, -0.008226080753039348]
	[4.283772761040119, 4.283772761040119] [-0.004255415757127334, -0.008226080753039348]
	[3.9901925121451716, 3.9901925121451716] [-0.0016928707531425028, -0.009105556349542116]
	[4.337412182200804, 4.337412182200804] [-0.004690326061292603, -0.007986101004889147]
	[4.337412182200804, 4.337412182200804] [-0.004690326061292603, -0.007986101004889147]
	[4.337412182200804, 4.337412182200804] [-0.004690326061292603, -0.007986101004889147]
	[4.337412182200804, 4.337412182200804] [-0.004690326061292603, -0.007986101004889147]
	[4.431074566678404, 4.431074566678404] [-0.005416671911078491, -0.0075124319117889716]
	[4.561930642288996, 4.561930642288996] [-0.006350606620516494, -0.006741421465313091]
	[4.561930642288996, 4.561930642288996] [-0.006350606620516494, -0.006741421465313091]
	[5.17340390102287, 5.17340390102287] [-0.009069974109936247, -0.0018741764769141117]
	[5.060376247364562, 5.060376247364562] [-0.008800717147052115, -0.0028851941908847128]
	[5.060376247364562, 5.060376247364562] [-0.008800717147052115, -0.0028851941908847128]
	[4.36636072830723, 4.36636072830723] [-0.004919514633765249, -0.007846995832145036]
	[4.36636072830723, 4.36636072830723] [-0.004919514633765249, -0.007846995832145036]
	[4.36636072830723, 4.36636072830723] [-0.004919514633765249, -0.007846995832145036]
	[4.36636072830723, 4.36636072830723] [-0.004919514633765249, -0.007846995832145036]
	[4.36636072830723, 4.36636072830723] [-0.004919514633765249, -0.007846995832145036]
	[5.1962008702740645, 5.1962008702740645] [-0.009110339213892978, -0.0016669394798060067]
	[5.685865807524087, 5.685865807524087] [-0.008823799812802265, 0.0028138096391054513]
	[6.005917199041243, 6.005917199041243] [-0.007490452962987948, 0.005447025080793837]
	[6.005917199041243, 6.005917199041243] [-0.007490452962987948, 0.005447025080793837]
	[5.3264431233925915, 5.3264431233925915] [-0.00924967151236138, -0.0004696219063697339]
	[5.3264431233925915, 5.3264431233925915] [-0.00924967151236138, -0.0004696219063697339]
	[5.3264431233925915, 5.3264431233925915] [-0.00924967151236138, -0.0004696219063697339]
	[5.375372782494928, 5.375372782494928] [-0.009261570620630996, -1.6657148520014202e-05]
	[5.375372782494928, 5.375372782494928] [-0.009261570620630996, -1.6657148520014202e-05]
	[5.658517815154683, 5.658517815154683] [-0.0088974427552061, 0.0025714743318498217]
	[5.812930629038286, 5.812930629038286] [-0.008396088510790696, 0.0039093049945611155]
	[5.348828650272866, 5.348828650272866] [-0.009257865905127022, -0.00026246276729972173]
	[4.5493998050563125, 4.5493998050563125] [-0.006265634590577982, -0.00682046853221131]
	[5.408073354413757, 5.408073354413757] [-0.009257163837453515, 0.00028615643986274456]
	[5.408073354413757, 5.408073354413757] [-0.009257163837453515, 0.00028615643986274456]
	[4.818240805777514, 4.818240805777514] [-0.007852182797697008, -0.004911231325551995]
	[5.454842066741471, 5.454842066741471] [-0.009233663237951741, 0.0007186313586468357]
	[5.454842066741471, 5.454842066741471] [-0.009233663237951741, 0.0007186313586468357]
	[5.454842066741471, 5.454842066741471] [-0.009233663237951741, 0.0007186313586468357]
	[5.454842066741471, 5.454842066741471] [-0.009233663237951741, 0.0007186313586468357]
	[5.454842066741471, 5.454842066741471] [-0.009233663237951741, 0.0007186313586468357]
	[5.521303986655965, 5.521303986655965] [-0.009165550870386155, 0.0013302800697205198]
	[4.91543234812198, 4.91543234812198] [-0.008291704363832744, -0.004126088530839959]
	[4.825201959180697, 4.825201959180697] [-0.007886180107822032, -0.004856452525097316]
