source:
	0.8664250359310213,0.3288589266192399
target:
	0.15094160017541913,0.9637593062814247
points:
	[-0.11112531225410398, -0.11112531225410398] [-0.007814786701874408, 0.005516394900457149]
	[0.1696672478136541, 0.1696672478136541] [-0.005980041022770371, 0.007465963652440737]
	[0.5648576991274699, 0.5648576991274699] [-0.002644842648161101, 0.009192731436306126]
	[-0.16087079221191425, -0.16087079221191425] [-0.008079421957371841, 0.005120980836550796]
	[-0.16087079221191425, -0.16087079221191425] [-0.008079421957371841, 0.005120980836550796]
	[-0.16087079221191425, -0.16087079221191425] [-0.008079421957371841, 0.005120980836550796]
	[-0.6639439435963246, -0.6639439435963246] [-0.009547350942375538, 0.0005912646418513803]
	[-0.8331945937541718, -0.8331945937541718] [-0.009510526229205344, -0.001025375412802507]
	[-1.0130384039716096, -1.0130384039716096] [-0.009173722115676228, -0.0027100417778948703]
	[-1.0130384039716096, -1.0130384039716096] [-0.009173722115676228, -0.0027100417778948703]
	[-0.2923651909040431, -0.2923651909040431] [-0.008681114232576235, 0.004017431962652891]
	[0.22256335673665406, 0.22256335673665406] [-0.005576940612963571, 0.007771694621706404]
	[0.24969496213543554, 0.24969496213543554] [-0.005364055395895885, 0.007920127120402992]
	[0.45336941512974793, 0.45336941512974793] [-0.0036511824697391185, 0.008841400933463684]
	[0.45336941512974793, 0.45336941512974793] [-0.0036511824697391185, 0.008841400933463684]
	[0.6234197917942231, 0.6234197917942231] [-0.0021022707435553794, 0.00933177162249344]
	[1.2560733223621883, 1.2560733223621883] [0.0038223533403983325, 0.008768758112454035]
	[0.9731374219917898, 0.9731374219917898] [0.0012223494015089547, 0.009487221186112057]
	[0.7144598943835838, 0.7144598943835838] [-0.0012451722771736173, 0.00948425273248984]
	[0.0011058284131391094, 0.0011058284131391094] [-0.007147809075526186, 0.006356911932173375]
	[0.0011058284131391094, 0.0011058284131391094] [-0.007147809075526186, 0.006356911932173375]
	[0.6939350987090582, 0.6939350987090582] [-0.0014395586935075455, 0.009456699987920182]
	[0.6939350987090582, 0.6939350987090582] [-0.0014395586935075455, 0.009456699987920182]
	[0.6939350987090582, 0.6939350987090582] [-0.0014395586935075455, 0.009456699987920182]
	[1.485256102513619, 1.485256102513619] [0.005714509684329323, 0.007671107023193531]
	[1.485256102513619, 1.485256102513619] [0.005714509684329323, 0.007671107023193531]
	[1.5615323125852094, 1.5615323125852094] [0.0062824498175193845, 0.007213343758891114]
	[0.933603321833528, 0.933603321833528] [0.0008464232351748603, 0.009528120045451718]
	[0.933603321833528, 0.933603321833528] [0.0008464232351748603, 0.009528120045451718]
	[0.9483180301137151, 0.9483180301137151] [0.0009865300493749412, 0.009514634115680067]
	[0.9577024834576994, 0.9577024834576994] [0.0010757749382036825, 0.009504957242192918]
	[0.9577024834576994, 0.9577024834576994] [0.0010757749382036825, 0.009504957242192918]
	[1.195945729571507, 1.195945729571507] [0.003288519211404768, 0.008982602367343469]
	[0.5785864052978975, 0.5785864052978975] [-0.002518393061191248, 0.009228174265960006]
	[1.3244359620836916, 1.3244359620836916] [0.004412413668639559, 0.008487173234380545]
	[1.3244359620836916, 1.3244359620836916] [0.004412413668639559, 0.008487173234380545]
	[2.054341963333708, 2.054341963333708] [0.008947537899710992, 0.0033827606221573177]
	[2.888630935314005, 2.888630935314005] [0.008516115999735927, -0.004356291102833289]
	[2.888630935314005, 2.888630935314005] [0.008516115999735927, -0.004356291102833289]
	[2.675239979441773, 2.675239979441773] [0.009245511211014894, -0.0024539817319166493]
	[2.5826013627065203, 2.5826013627065203] [0.009432875940180021, -0.0015881924917199508]
	[2.9920615568765507, 2.9920615568765507] [0.008020833382962332, -0.005212267811264089]
	[2.4578794801342685, 2.4578794801342685] [0.00955717342884707, -0.00040241762451746717]
	[2.018009123210962, 2.018009123210962] [0.008818754575652118, 0.0037055460634024735]
	[2.1925157830217366, 2.1925157830217366] [0.009328183568767617, 0.0021181348401262314]
	[1.6969061203608442, 1.6969061203608442] [0.0071984893590609726, 0.006299464647179845]
	[2.173182435051773, 2.173182435051773] [0.00928549219968436, 0.0022980727802190295]
	[2.173182435051773, 2.173182435051773] [0.00928549219968436, 0.0022980727802190295]
	[2.173182435051773, 2.173182435051773] [0.00928549219968436, 0.0022980727802190295]
	[2.087468898274816, 2.087468898274816] [0.009054668858700937, 0.0030845543848105838]
	[2.2219843130186954, 2.2219843130186954] [0.009386542877841547, 0.0018423671447420186]
	[2.623973321976334, 2.623973321976334] [0.009359116360016496, -0.00197697871846267]
	[2.623973321976334, 2.623973321976334] [0.009359116360016496, -0.00197697871846267]
	[2.623973321976334, 2.623973321976334] [0.009359116360016496, -0.00197697871846267]
	[2.623973321976334, 2.623973321976334] [0.009359116360016496, -0.00197697871846267]
	[2.623973321976334, 2.623973321976334] [0.009359116360016496, -0.00197697871846267]
	[2.26141181704965, 2.26141181704965] [0.009451869120062807, 0.0014709432452633445]
	[1.6650770586961259, 1.6650770586961259] [0.006994371115758238, 0.006525356433837893]
	[2.3256348924565, 2.3256348924565] [0.00952678678475904, 0.0008612998614438762]
	[1.601746816236214, 1.601746816236214] [0.0065673733518123, 0.006954934302456667]
	[1.601746816236214, 1.601746816236214] [0.0065673733518123, 0.006954934302456667]
	[0.7736637777372419, 0.7736637777372419] [-0.0006818140596094887, 0.009541311937134304]
	[0.7736637777372419, 0.7736637777372419] [-0.0006818140596094887, 0.009541311937134304]
	[0.28610657800331624, 0.28610657800331624] [-0.005072179034054525, 0.008110148194705225]
	[0.4826375920176953, 0.4826375920176953] [-0.003390883989189257, 0.008944462514061014]
	[0.0798187577500073, 0.0798187577500073] [-0.0066258229491698815, 0.006899273450142157]
	[0.9302761082997453, 0.9302761082997453] [0.0008147165186039332, 0.009530883531336255]
	[0.09400609286516737, 0.09400609286516737] [-0.006527277115062112, 0.006992578734399004]
	[0.03578587325469546, 0.03578587325469546] [-0.006923097349120717, 0.0066009262219919144]
	[0.03578587325469546, 0.03578587325469546] [-0.006923097349120717, 0.0066009262219919144]
	[0.03578587325469546, 0.03578587325469546] [-0.006923097349120717, 0.0066009262219919144]
	[0.03578587325469546, 0.03578587325469546] [-0.006923097349120717, 0.0066009262219919144]
	[-0.026195088800285204, -0.026195088800285204] [-0.0073186734349707, 0.006159425545116761]
	[-0.026195088800285204, -0.026195088800285204] [-0.0073186734349707, 0.006159425545116761]
	[0.3816606926571641, 0.3816606926571641] [-0.004275261392198903, 0.008557081507263807]
	[0.9616204102765986, 0.9616204102765986] [0.0011130063131797932, 0.009500669494325369]
	[1.6030411507033713, 1.6030411507033713] [0.006576369859318126, 0.006946428101336313]
	[1.6030411507033713, 1.6030411507033713] [0.006576369859318126, 0.006946428101336313]
	[2.156131071004526, 2.156131071004526] [0.009244958981767313, 0.002456061342683168]
	[2.6504155336331863, 2.6504155336331863] [0.009303575049610989, -0.0022237345142436912]
	[1.8125806466065826, 1.8125806466065826] [0.007877446626722488, 0.005426540199493708]
	[1.6968345896867618, 1.6968345896867618] [0.007198038735692758, 0.0062999795438595935]
	[2.292241180893609, 2.292241180893609] [0.009492718774157029, 0.0011788953169596529]
	[1.5893259186475355, 1.5893259186475355] [0.0064804824499668815, 0.007035968384611602]
	[1.3519572296241527, 1.3519572296241527] [0.004644291028837586, 0.008362539371090666]
	[1.798116766463937, 1.798116766463937] [0.00779813655472049, 0.005539907054050166]
	[1.798116766463937, 1.798116766463937] [0.00779813655472049, 0.005539907054050166]
