source:
	0.13966789957308334,0.757637060414876
target:
	0.6060807650656531,0.9299396240731607
points:
	[-0.010757313614442567, -0.010757313614442567] [0.004682393561179719, 0.0016727534164494892]
	[-0.010757313614442567, -0.010757313614442567] [0.004682393561179719, 0.0016727534164494892]
	[-0.49432236468883883, -0.49432236468883883] [0.004923251796230229, -0.0006960640810561524]
	[-0.49432236468883883, -0.49432236468883883] [0.004923251796230229, -0.0006960640810561524]
	[-0.49432236468883883, -0.49432236468883883] [0.004923251796230229, -0.0006960640810561524]
	[0.001989679498380026, 0.001989679498380026] [0.0046606911561730266, 0.0017323023410453662]
	[0.2064979769854423, 0.2064979769854423] [0.004211760946714791, 0.0026427226834741585]
	[-0.38254826883443355, -0.38254826883443355] [0.004970169637412592, -0.00014257359279581052]
	[-0.38254826883443355, -0.38254826883443355] [0.004970169637412592, -0.00014257359279581052]
	[-0.38254826883443355, -0.38254826883443355] [0.004970169637412592, -0.00014257359279581052]
	[-0.8159067618861922, -0.8159067618861922] [0.004450860306336779, -0.002216473773248039]
	[-0.7640253177230464, -0.7640253177230464] [0.004559813773948702, -0.001982677936763411]
	[-1.2403641148628635, -1.2403641148628635] [0.003143099092321516, -0.0038527706329170935]
	[-1.2403641148628635, -1.2403641148628635] [0.003143099092321516, -0.0038527706329170935]
	[-1.4578995776121206, -1.4578995776121206] [0.0022375038357655363, -0.004440325442910152]
	[-1.4578995776121206, -1.4578995776121206] [0.0022375038357655363, -0.004440325442910152]
	[-1.7332324107087311, -1.7332324107087311] [0.0009460486646474307, -0.0048813835516316]
	[-1.3636408034806742, -1.3636408034806742] [0.0026454915399095535, -0.0042100223237279515]
	[-1.3636408034806742, -1.3636408034806742] [0.0026454915399095535, -0.0042100223237279515]
	[-1.3636408034806742, -1.3636408034806742] [0.0026454915399095535, -0.0042100223237279515]
	[-1.3636408034806742, -1.3636408034806742] [0.0026454915399095535, -0.0042100223237279515]
	[-1.045470669951052, -1.045470669951052] [0.003829730176688096, -0.0031711323258081315]
	[-1.045470669951052, -1.045470669951052] [0.003829730176688096, -0.0031711323258081315]
	[-1.4530762360753868, -1.4530762360753868] [0.0022588949315753746, -0.004429481588416844]
	[-1.964035200052357, -1.964035200052357] [-0.00019569855098206947, -0.0049683614533530315]
	[-1.964035200052357, -1.964035200052357] [-0.00019569855098206947, -0.0049683614533530315]
	[-1.8011507012764716, -1.8011507012764716] [0.0006125870963767443, -0.004934333845958686]
	[-1.8011507012764716, -1.8011507012764716] [0.0006125870963767443, -0.004934333845958686]
	[-1.2546657748844678, -1.2546657748844678] [0.0030876785196355537, -0.0038973266239054074]
	[-2.091560699627807, -2.091560699627807] [-0.0008259862529364243, -0.004903127590016476]
	[-2.091560699627807, -2.091560699627807] [-0.0008259862529364243, -0.004903127590016476]
	[-2.091560699627807, -2.091560699627807] [-0.0008259862529364243, -0.004903127590016476]
	[-1.3741252458886817, -1.3741252458886817] [0.002601207212425656, -0.004237526931129226]
	[-1.3741252458886817, -1.3741252458886817] [0.002601207212425656, -0.004237526931129226]
	[-0.629554464605366, -0.629554464605366] [0.0047844592677379226, -0.0013534633239868094]
	[-0.629554464605366, -0.629554464605366] [0.0047844592677379226, -0.0013534633239868094]
	[-0.1763581655378637, -0.1763581655378637] [0.0048940810350170125, 0.0008780001575783066]
	[-0.16493415412018375, -0.16493415412018375] [0.004883731614381936, 0.000933851686675747]
	[-0.16493415412018375, -0.16493415412018375] [0.004883731614381936, 0.000933851686675747]
	[-0.24676407620907556, -0.24676407620907556] [0.004943721426717256, 0.0005315373072865354]
	[-0.24676407620907556, -0.24676407620907556] [0.004943721426717256, 0.0005315373072865354]
	[-0.24676407620907556, -0.24676407620907556] [0.004943721426717256, 0.0005315373072865354]
	[-0.9575295782494476, -0.9575295782494476] [0.004093444376735933, -0.0028225213176501767]
	[-1.2860879833294359, -1.2860879833294359] [0.0029637118691553015, -0.003992408472419714]
