source:
	0.9346855611232833,0.050220943447141564
target:
	0.1880805988675267,0.862959630886648
points:
	[-0.5260082198913806, -0.5260082198913806] [-0.010537415919464251, 0.0032801189174788397]
	[-1.2564989529803294, -1.2564989529803294] [-0.010037374164115523, -0.004587748277982058]
	[-1.2564989529803294, -1.2564989529803294] [-0.010037374164115523, -0.004587748277982058]
	[-1.5100121365581698, -1.5100121365581698] [-0.008565915673613712, -0.006958548918066186]
	[-1.0319106109042382, -1.0319106109042382] [-0.01080700898664084, -0.002237156931295889]
	[-1.4575374543794437, -1.4575374543794437] [-0.008919104948002958, -0.0064996831691314216]
	[-1.2293090252195595, -1.2293090252195595] [-0.010158389291499493, -0.00431317068696911]
	[-1.2293090252195595, -1.2293090252195595] [-0.010158389291499493, -0.00431317068696911]
	[-1.2293090252195595, -1.2293090252195595] [-0.010158389291499493, -0.00431317068696911]
	[-0.580919479387364, -0.580919479387364] [-0.01070155841733412, 0.0026968429344265453]
	[0.057992681092118414, 0.057992681092118414] [-0.006982433606635753, 0.008546457470876736]
	[0.057992681092118414, 0.057992681092118414] [-0.006982433606635753, 0.008546457470876736]
	[0.057992681092118414, 0.057992681092118414] [-0.006982433606635753, 0.008546457470876736]
	[0.2199310243290988, 0.2199310243290988] [-0.0055131216591212265, 0.009560429066956649]
	[-0.39389820824178057, -0.39389820824178057] [-0.010013517392177738, 0.004639588754311645]
	[-0.39389820824178057, -0.39389820824178057] [-0.010013517392177738, 0.004639588754311645]
	[0.11028877636762069, 0.11028877636762069] [-0.006526145060179332, 0.00889976095331094]
	[0.04543751822881695, 0.04543751822881695] [-0.007089182632406675, 0.008458120593664097]
	[-0.5908317089553217, -0.5908317089553217] [-0.010727763983835927, 0.00259063588327149]
	[-1.345522166861511, -1.345522166861511] [-0.00958974981293206, -0.005461960536103378]
	[-0.8140161158451718, -0.8140161158451718] [-0.011035090788439053, 0.00015193967055613636]
	[-1.0412405369092994, -1.0412405369092994] [-0.010785666422576026, -0.0023378866938962607]
	[-1.0412405369092994, -1.0412405369092994] [-0.010785666422576026, -0.0023378866938962607]
	[-1.5470534371173859, -1.5470534371173859] [-0.008302345115345802, -0.007270995802383252]
	[-1.6974960375000823, -1.6974960375000823] [-0.007118822859913075, -0.008433188926008962]
	[-2.2308716247002742, -2.2308716247002742] [-0.0018421923181767847, -0.0108812978010636]
	[-1.7098425469931913, -1.7098425469931913] [-0.007014162481445723, -0.00852043655316207]
	[-1.7459590346953768, -1.7459590346953768] [-0.006701926993320863, -0.008768151968846019]
	[-1.4534461174677484, -1.4534461174677484] [-0.008945622618965728, -0.0064631378084975015]
	[-1.4534461174677484, -1.4534461174677484] [-0.008945622618965728, -0.0064631378084975015]
	[-1.4534461174677484, -1.4534461174677484] [-0.008945622618965728, -0.0064631378084975015]
	[-1.4534461174677484, -1.4534461174677484] [-0.008945622618965728, -0.0064631378084975015]
	[-1.4534461174677484, -1.4534461174677484] [-0.008945622618965728, -0.0064631378084975015]
	[-1.5763645703823632, -1.5763645703823632] [-0.00808568831043239, -0.007511188915153055]
	[-1.5763645703823632, -1.5763645703823632] [-0.00808568831043239, -0.007511188915153055]
	[-0.8704256183549335, -0.8704256183549335] [-0.01102610473416792, -0.00047045591051759214]
	[-0.15018520460826035, -0.15018520460826035] [-0.00859803699447404, 0.006918820290644711]
	[0.27266425720439813, 0.27266425720439813] [-0.0050015393003102196, 0.009837729362003892]
	[1.048712498320561, 1.048712498320561] [0.0033214464976520216, 0.010524462339512469]
	[0.404625300175402, 0.404625300175402] [-0.0036636221959602516, 0.010410292348337222]
	[0.7410640637403599, 0.7410640637403599] [-2.1501065368650532e-05, 0.011036115805697634]
	[0.7410640637403599, 0.7410640637403599] [-2.1501065368650532e-05, 0.011036115805697634]
	[-0.09047384264882874, -0.09047384264882874] [-0.008169826900320695, 0.007419585082157726]
	[-0.8727591228802897, -0.8727591228802897] [-0.011024976904269828, -0.0004961840715884148]
	[-1.5978950489937072, -1.5978950489937072] [-0.007922107277805662, -0.007683523322767992]
	[-1.5978950489937072, -1.5978950489937072] [-0.007922107277805662, -0.007683523322767992]
	[-1.5978950489937072, -1.5978950489937072] [-0.007922107277805662, -0.007683523322767992]
	[-1.5978950489937072, -1.5978950489937072] [-0.007922107277805662, -0.007683523322767992]
	[-1.120175327818044, -1.120175327818044] [-0.010567733712235268, -0.0031810876378791228]
	[-1.120175327818044, -1.120175327818044] [-0.010567733712235268, -0.0031810876378791228]
	[-0.6908902944532138, -0.6908902944532138] [-0.01093289013180261, 0.0015060636568599167]
	[-1.2559886721557896, -1.2559886721557896] [-0.010039713897189563, -0.004582625801345765]
	[-1.2559886721557896, -1.2559886721557896] [-0.010039713897189563, -0.004582625801345765]
	[-1.2559886721557896, -1.2559886721557896] [-0.010039713897189563, -0.004582625801345765]
	[-1.2559886721557896, -1.2559886721557896] [-0.010039713897189563, -0.004582625801345765]
	[-1.2559886721557896, -1.2559886721557896] [-0.010039713897189563, -0.004582625801345765]
	[-1.4332448395153425, -1.4332448395153425] [-0.009074352127351224, -0.006281118359131394]
	[-1.9553793911892308, -1.9553793911892308] [-0.004732663468747377, -0.009969865137712003]
	[-1.7379627925190047, -1.7379627925190047] [-0.0067718242536514385, -0.00871428199281153]
	[-1.4854572873800447, -1.4854572873800447] [-0.008734182383462128, -0.006746137596061983]
	[-0.7194417672348826, -0.7194417672348826] [-0.010971428755283853, 0.0011933421304520248]
	[-0.7194417672348826, -0.7194417672348826] [-0.010971428755283853, 0.0011933421304520248]
	[-0.7194417672348826, -0.7194417672348826] [-0.010971428755283853, 0.0011933421304520248]
	[-0.7194417672348826, -0.7194417672348826] [-0.010971428755283853, 0.0011933421304520248]
	[-0.7194417672348826, -0.7194417672348826] [-0.010971428755283853, 0.0011933421304520248]
	[-0.7194417672348826, -0.7194417672348826] [-0.010971428755283853, 0.0011933421304520248]
	[-0.15565080141690457, -0.15565080141690457] [-0.008635723865120496, 0.006871723779225229]
	[-0.15565080141690457, -0.15565080141690457] [-0.008635723865120496, 0.006871723779225229]
	[-0.15565080141690457, -0.15565080141690457] [-0.008635723865120496, 0.006871723779225229]
	[0.42785018626165094, 0.42785018626165094] [-0.0034208780511544774, 0.010492564402075915]
	[0.800238107941817, 0.800238107941817] [0.0006312071212030266, 0.011018071153460743]
	[1.2185527527630158, 1.2185527527630158] [0.005052553034122796, 0.009811626889051461]
	[1.2185527527630158, 1.2185527527630158] [0.005052553034122796, 0.009811626889051461]
	[1.2185527527630158, 1.2185527527630158] [0.005052553034122796, 0.009811626889051461]
	[1.2185527527630158, 1.2185527527630158] [0.005052553034122796, 0.009811626889051461]
	[1.5738580682407453, 1.5738580682407453] [0.00815020785815483, 0.00744113070987551]
	[1.5738580682407453, 1.5738580682407453] [0.00815020785815483, 0.00744113070987551]
	[1.5738580682407453, 1.5738580682407453] [0.00815020785815483, 0.00744113070987551]
	[1.5738580682407453, 1.5738580682407453] [0.00815020785815483, 0.00744113070987551]
	[1.5939177868324677, 1.5939177868324677] [0.00829782510025497, 0.007276153721449249]
	[2.260238072452096, 2.260238072452096] [0.011020304756683452, 0.0005909293040637298]
	[2.665358519272254, 2.665358519272254] [0.01036116808867985, -0.0038003302765290624]
	[2.762310641610725, 2.762310641610725] [0.00994463707605769, -0.004785447502384692]
	[2.4520986255694575, 2.4520986255694575] [0.01093077660919539, -0.0015213274113247636]
	[1.7593962342272618, 1.7593962342272618] [0.00938303300589399, 0.00580990584974362]
	[1.7593962342272618, 1.7593962342272618] [0.00938303300589399, 0.00580990584974362]
	[1.2723262381960039, 1.2723262381960039] [0.005572600986814715, 0.009525882248607362]
	[1.2723262381960039, 1.2723262381960039] [0.005572600986814715, 0.009525882248607362]
	[1.2723262381960039, 1.2723262381960039] [0.005572600986814715, 0.009525882248607362]
	[0.5928786430861068, 0.5928786430861068] [-0.0016506782199707775, 0.010911992292276202]
	[0.5928786430861068, 0.5928786430861068] [-0.0016506782199707775, 0.010911992292276202]
	[-0.1292992768402017, -0.1292992768402017] [-0.00845166626134354, 0.007096876198684068]
	[-0.26239174951260014, -0.26239174951260014] [-0.009318676680385034, 0.005912578058599252]
	[-0.7177592704367589, -0.7177592704367589] [-0.010969405432985798, 0.001211799826441152]
	[-1.0545170355114044, -1.0545170355114044] [-0.010753677828971393, -0.00248087233111062]
	[-1.0545170355114044, -1.0545170355114044] [-0.010753677828971393, -0.00248087233111062]
