source:
	0.9708874999786226,0.41439885067810855
target:
	0.6060403139703922,0.8116217672616635
points:
	[-0.5518396376909436, -0.5518396376909436] [-0.005189357990248834, 0.001469869078784769]
	[-0.5518396376909436, -0.5518396376909436] [-0.005189357990248834, 0.001469869078784769]
	[-0.5687162197816759, -0.5687162197816759] [-0.0052134241824858905, 0.0013820852915787539]
	[-0.5687162197816759, -0.5687162197816759] [-0.0052134241824858905, 0.0013820852915787539]
	[0.06651546106408823, 0.06651546106408823] [-0.0033763839866166644, 0.004205946104581652]
	[0.06651546106408823, 0.06651546106408823] [-0.0033763839866166644, 0.004205946104581652]
	[-0.6069420047949085, -0.6069420047949085] [-0.005262434120718371, 0.0011818369535710404]
	[0.09800528550743004, 0.09800528550743004] [-0.0032422874818207846, 0.004310165118061632]
	[-0.33886642422968805, -0.33886642422968805] [-0.004761432146746644, 0.002533518377998206]
	[-0.7576746204674281, -0.7576746204674281] [-0.0053802326963810435, 0.00037821633031822325]
	[-0.8319253518691047, -0.8319253518691047] [-0.005393465479255514, -2.194501779667957e-05]
	[-0.8319253518691047, -0.8319253518691047] [-0.005393465479255514, -2.194501779667957e-05]
	[-1.3687259870038493, -1.3687259870038493] [-0.00462364778512969, -0.002777018656543798]
	[-1.3687259870038493, -1.3687259870038493] [-0.00462364778512969, -0.002777018656543798]
	[-0.5667477774416533, -0.5667477774416533] [-0.005210693528643186, 0.0013923449322215454]
	[-1.1395841644023894, -1.1395841644023894] [-0.005133570593382347, -0.001654208095279137]
	[-1.4760978686943702, -1.4760978686943702] [-0.004299419886458162, -0.003256522700620264]
	[-1.4760978686943702, -1.4760978686943702] [-0.004299419886458162, -0.003256522700620264]
	[-0.8872609032753906, -0.8872609032753906] [-0.0053839964077057635, -0.00032020952755725484]
	[-0.20903797995381013, -0.20903797995381013] [-0.004393360992649662, 0.0031286307944516857]
	[-0.20903797995381013, -0.20903797995381013] [-0.004393360992649662, 0.0031286307944516857]
	[0.48832831113123265, 0.48832831113123265] [-0.0013584602181114863, 0.005219629996037602]
	[0.48832831113123265, 0.48832831113123265] [-0.0013584602181114863, 0.005219629996037602]
	[-0.2529169701108219, -0.2529169701108219] [-0.004526369369086564, 0.002932905009426986]
	[0.10837565681898859, 0.10837565681898859] [-0.003197415926605187, 0.004343556475058026]
	[0.10837565681898859, 0.10837565681898859] [-0.003197415926605187, 0.004343556475058026]
	[0.10837565681898859, 0.10837565681898859] [-0.003197415926605187, 0.004343556475058026]
	[0.10837565681898859, 0.10837565681898859] [-0.003197415926605187, 0.004343556475058026]
	[-0.2265586096059118, -0.2265586096059118] [-0.00444749946650781, 0.003051180092216741]
	[0.2749391168801827, 0.2749391168801827] [-0.0024330276569674313, 0.00481355667673692]
	[0.2749391168801827, 0.2749391168801827] [-0.0024330276569674313, 0.00481355667673692]
	[1.1222048781473828, 1.1222048781473828] [0.0019968818771254997, 0.005010230955608209]
	[1.2951234077394205, 1.2951234077394205] [0.002829152723514731, 0.004591932744145562]
	[1.2951234077394205, 1.2951234077394205] [0.002829152723514731, 0.004591932744145562]
	[1.2951234077394205, 1.2951234077394205] [0.002829152723514731, 0.004591932744145562]
	[1.393878636713207, 1.393878636713207] [0.0032681087732819337, 0.0042906195946185504]
	[2.0150604359425346, 2.0150604359425346] [0.005154723362188482, 0.001587066009665408]
	[2.0150604359425346, 2.0150604359425346] [0.005154723362188482, 0.001587066009665408]
	[1.8049529146747536, 1.8049529146747536] [0.004710356724633822, 0.002627259215689221]
	[1.7306281706851978, 1.7306281706851978] [0.004502261679026109, 0.002969779660732427]
	[1.5158039164843862, 1.5158039164843862] [0.003765687191156085, 0.0038612888312181473]
	[0.6657638888795057, 0.6657638888795057] [-0.00041583580565669954, 0.005377455907997838]
	[1.3618583426866497, 1.3618583426866497] [0.0031290700966564236, 0.004393048120603457]
	[1.8352448264813763, 1.8352448264813763] [0.004787768312262886, 0.0024833900313519838]
	[1.8352448264813763, 1.8352448264813763] [0.004787768312262886, 0.0024833900313519838]
	[1.9047979596240636, 1.9047979596240636] [0.004948780559982874, 0.002144649721717418]
	[1.9047979596240636, 1.9047979596240636] [0.004948780559982874, 0.002144649721717418]
