source:
	0.9444191491750734,0.6331764318173811
target:
	0.14254474248854743,0.20279005297167352
points:
	[-0.8528759867764792, -0.8528759867764792] [-0.008516452515556858, 0.0032083541683773265]
	[-0.24592129794681605, -0.24592129794681605] [-0.008825263366102986, -0.002222212059727759]
	[0.28239913581767995, 0.28239913581767995] [-0.006501801809225954, -0.006367893933870523]
	[0.22289016977032153, 0.22289016977032153] [-0.006869015897217956, -0.005969934716832832]
	[0.22289016977032153, 0.22289016977032153] [-0.006869015897217956, -0.005969934716832832]
	[-0.26905898079456436, -0.26905898079456436] [-0.008874313408965124, -0.002017439327201867]
	[-0.26905898079456436, -0.26905898079456436] [-0.008874313408965124, -0.002017439327201867]
	[0.5862133401410294, 0.5862133401410294] [-0.004299003456480903, -0.008021350833908474]
	[0.4443559711084874, 0.4443559711084874] [-0.005389895599709291, -0.007332975204084174]
	[0.4443559711084874, 0.4443559711084874] [-0.005389895599709291, -0.007332975204084174]
	[0.4443559711084874, 0.4443559711084874] [-0.005389895599709291, -0.007332975204084174]
	[0.4443559711084874, 0.4443559711084874] [-0.005389895599709291, -0.007332975204084174]
	[0.4443559711084874, 0.4443559711084874] [-0.005389895599709291, -0.007332975204084174]
	[0.010781914649439117, 0.010781914649439117] [-0.007971874990188288, -0.004390069368505401]
	[0.010781914649439117, 0.010781914649439117] [-0.007971874990188288, -0.004390069368505401]
	[0.26726551397380155, 0.26726551397380155] [-0.006597422901205487, -0.006268772685472675]
	[0.26726551397380155, 0.26726551397380155] [-0.006597422901205487, -0.006268772685472675]
	[0.26726551397380155, 0.26726551397380155] [-0.006597422901205487, -0.006268772685472675]
	[0.39806854423666427, 0.39806854423666427] [-0.005723425997303216, -0.0070757257417789045]
	[0.39806854423666427, 0.39806854423666427] [-0.005723425997303216, -0.0070757257417789045]
	[0.6941049461494841, 0.6941049461494841] [-0.0034102478644521196, -0.008437636483191171]
	[1.4471092752198276, 1.4471092752198276] [0.0032816965690049965, -0.00848846084684731]
	[0.8347907989009203, 0.8347907989009203] [-0.002193410656814738, -0.008832465658583137]
	[0.8347907989009203, 0.8347907989009203] [-0.002193410656814738, -0.008832465658583137]
	[1.2225862002900358, 1.2225862002900358] [0.0013094442146634323, -0.009006045512219188]
	[1.2225862002900358, 1.2225862002900358] [0.0013094442146634323, -0.009006045512219188]
	[1.0871920502075827, 1.0871920502075827] [8.181664231917222e-05, -0.009100373945971591]
	[1.0871920502075827, 1.0871920502075827] [8.181664231917222e-05, -0.009100373945971591]
	[1.1144869878615018, 1.1144869878615018] [0.00033014946475009503, -0.00909475130228442]
	[1.1144869878615018, 1.1144869878615018] [0.00033014946475009503, -0.00909475130228442]
	[1.773880875614259, 1.773880875614259] [0.005832727632882081, -0.006985899246345649]
	[1.773880875614259, 1.773880875614259] [0.005832727632882081, -0.006985899246345649]
	[1.426217248993343, 1.426217248993343] [0.0031036521568772435, -0.008555164709611976]
	[1.426217248993343, 1.426217248993343] [0.0031036521568772435, -0.008555164709611976]
	[2.25063247170866, 2.25063247170866] [0.008388119054133758, -0.0035302915818891103]
	[2.25063247170866, 2.25063247170866] [0.008388119054133758, -0.0035302915818891103]
	[2.038602686777059, 2.038602686777059] [0.007457342582480754, -0.005216468300200643]
	[2.266120585564448, 2.266120585564448] [0.00844178836820506, -0.003399957215306782]
	[2.266120585564448, 2.266120585564448] [0.00844178836820506, -0.003399957215306782]
	[2.266120585564448, 2.266120585564448] [0.00844178836820506, -0.003399957215306782]
	[2.0284640608262974, 2.0284640608262974] [0.007404072394355677, -0.00529180610931836]
	[2.0284640608262974, 2.0284640608262974] [0.007404072394355677, -0.00529180610931836]
	[2.0284640608262974, 2.0284640608262974] [0.007404072394355677, -0.00529180610931836]
	[2.0284640608262974, 2.0284640608262974] [0.007404072394355677, -0.00529180610931836]
	[2.238846337879688, 2.238846337879688] [0.008345928925974215, -0.003628907587975449]
	[2.238846337879688, 2.238846337879688] [0.008345928925974215, -0.003628907587975449]
	[2.238846337879688, 2.238846337879688] [0.008345928925974215, -0.003628907587975449]
	[2.5559140341739166, 2.5559140341739166] [0.009061342802250462, -0.0008459116618079171]
	[3.284200531611621, 3.284200531611621] [0.007325656894469032, 0.005399838051645369]
	[3.284200531611621, 3.284200531611621] [0.007325656894469032, 0.005399838051645369]
	[3.5848480308579243, 3.5848480308579243] [0.005397962961012788, 0.007327038678143645]
	[3.5848480308579243, 3.5848480308579243] [0.005397962961012788, 0.007327038678143645]
	[3.5019372901130823, 3.5019372901130823] [0.005986214715658897, 0.0068548328424191205]
	[3.5019372901130823, 3.5019372901130823] [0.005986214715658897, 0.0068548328424191205]
	[3.5019372901130823, 3.5019372901130823] [0.005986214715658897, 0.0068548328424191205]
	[4.2847178464357984, 4.2847178464357984] [-0.0005904358398196893, 0.009081568445953338]
	[4.211422741574717, 4.211422741574717] [7.618809958649813e-05, 0.00910042280847216]
	[4.037885220816238, 4.037885220816238] [0.0016463938376148433, 0.008950580274537668]
	[4.037885220816238, 4.037885220816238] [0.0016463938376148433, 0.008950580274537668]
	[4.037885220816238, 4.037885220816238] [0.0016463938376148433, 0.008950580274537668]
	[3.6104782844466197, 3.6104782844466197] [0.005208416770973825, 0.007462968220441349]
	[3.6104782844466197, 3.6104782844466197] [0.005208416770973825, 0.007462968220441349]
	[3.043079304021094, 3.043079304021094] [0.008403167628924709, 0.003494320208519935]
	[3.043079304021094, 3.043079304021094] [0.008403167628924709, 0.003494320208519935]
	[3.043079304021094, 3.043079304021094] [0.008403167628924709, 0.003494320208519935]
	[3.013134741387024, 3.013134741387024] [0.008504020701190124, 0.003241162111528635]
	[3.013134741387024, 3.013134741387024] [0.008504020701190124, 0.003241162111528635]
	[2.307410854703626, 2.307410854703626] [0.008574938507516791, -0.0030485946781729817]
	[3.1632493246894384, 3.1632493246894384] [0.00792366362234762, 0.00447650027581412]
	[2.4271203065663554, 2.4271203065663554] [0.008877645486714048, -0.0020027257754631827]
	[3.0311182943100543, 3.0311182943100543] [0.008444361134705878, 0.0033935622796919165]
	[2.712721181908054, 2.712721181908054] [0.009082270625790924, 0.0005795344678051939]
	[2.712721181908054, 2.712721181908054] [0.009082270625790924, 0.0005795344678051939]
	[2.712721181908054, 2.712721181908054] [0.009082270625790924, 0.0005795344678051939]
	[1.9525747544866427, 1.9525747544866427] [0.006981555774331239, -0.005837925906465501]
	[2.542374248227558, 2.542374248227558] [0.009049059113083466, -0.0009685190175727111]
	[2.542374248227558, 2.542374248227558] [0.009049059113083466, -0.0009685190175727111]
	[2.542374248227558, 2.542374248227558] [0.009049059113083466, -0.0009685190175727111]
	[1.8931699886519766, 1.8931699886519766] [0.006622644013874333, -0.00624212192967851]
	[2.6891233073829675, 2.6891233073829675] [0.00909341648041077, 0.0003650707236587694]
	[2.7514999173416785, 2.7514999173416785] [0.009052974584561078, 0.0009312094773841707]
	[2.1533902156401137, 2.1533902156401137] [0.00800573829274514, -0.004328008122399154]
	[2.3854706394745433, 2.3854706394745433] [0.008786557849213084, -0.002370633055095381]
	[1.543070385066382, 1.543070385066382] [0.004079910897486504, -0.008134975537028355]
	[0.933225273393646, 0.933225273393646] [-0.0013147770985651043, -0.009005268519070802]
	[1.2440555494952448, 1.2440555494952448] [0.0015024815257945409, -0.00897585924489266]
	[1.2440555494952448, 1.2440555494952448] [0.0015024815257945409, -0.00897585924489266]
	[1.2929884194334553, 1.2929884194334553] [0.0019397223906773879, -0.008891623978024695]
	[1.2929884194334553, 1.2929884194334553] [0.0019397223906773879, -0.008891623978024695]
