source:
	0.002445131097223996,0.9615836175079072
target:
	0.23968687639519404,0.43083867117191244
points:
	[-0.01942763064440406, -0.01942763064440406] [0.0024750744346455486, -0.005260360341296641]
	[0.8024928439241426, 0.8024928439241426] [-0.0021679057041351837, -0.005394216276281535]
	[0.00026795314095839906, 0.00026795314095839906] [0.0023709952200740682, -0.005308084969526053]
	[0.8295154699609888, 0.8295154699609888] [-0.00231286237532833, -0.005333671531891806]
	[0.9674242453881591, 0.9674242453881591] [-0.0030241339865094917, -0.004965077845206527]
	[0.6410825687172981, 0.6410825687172981] [-0.0012728202709165963, -0.00567250499649549]
	[0.6410825687172981, 0.6410825687172981] [-0.0012728202709165963, -0.00567250499649549]
	[0.20582132107486129, 0.20582132107486129] [0.001237654036746118, -0.005680281406994598]
	[0.9346946058912116, 0.9346946058912116] [-0.002860038164518856, -0.00506137985877548]
	[1.3465131757927074, 1.3465131757927074] [-0.004646874477179193, -0.003493414085198473]
	[1.2668971980023978, 1.2668971980023978] [-0.004354316835242062, -0.0038519228024001275]
	[0.42332843403677, 0.42332843403677] [-1.728985776087408e-05, -0.005813526076155598]
	[0.6575165648376313, 0.6575165648376313] [-0.0013658661245264342, -0.005650822427505012]
	[0.6296682594256118, 0.6296682594256118] [-0.0012079910356561756, -0.005686663523991622]
	[0.6296682594256118, 0.6296682594256118] [-0.0012079910356561756, -0.005686663523991622]
	[0.6296682594256118, 0.6296682594256118] [-0.0012079910356561756, -0.005686663523991622]
	[0.6296682594256118, 0.6296682594256118] [-0.0012079910356561756, -0.005686663523991622]
	[0.6296682594256118, 0.6296682594256118] [-0.0012079910356561756, -0.005686663523991622]
	[0.8708509185462302, 0.8708509185462302] [-0.0025312936836010247, -0.0052335395923489535]
	[1.5414255401326185, 1.5414255401326185] [-0.005235490661377652, -0.0025272558065913874]
	[2.3998807568548157, 2.3998807568548157] [-0.005334667972344584, 0.0023105631352904896]
	[2.3998807568548157, 2.3998807568548157] [-0.005334667972344584, 0.0023105631352904896]
	[2.3998807568548157, 2.3998807568548157] [-0.005334667972344584, 0.0023105631352904896]
	[2.3998807568548157, 2.3998807568548157] [-0.005334667972344584, 0.0023105631352904896]
	[2.66885874417398, 2.66885874417398] [-0.004528825663516885, 0.0036451505437763944]
	[3.391973683997464, 3.391973683997464] [-0.0009833975820974744, 0.0057297743038314634]
	[3.8946236731880104, 3.8946236731880104] [0.0018985553828488725, 0.005494804076177608]
	[3.33412286994663, 3.33412286994663] [-0.0013130397126390032, 0.005663330388592509]
	[2.6915657293228987, 2.6915657293228987] [-0.004444894899567232, 0.003747037991417181]
	[2.6915657293228987, 2.6915657293228987] [-0.004444894899567232, 0.003747037991417181]
	[2.6915657293228987, 2.6915657293228987] [-0.004444894899567232, 0.003747037991417181]
	[1.9585132857958434, 1.9585132857958434] [-0.0058104557624404345, -0.00018970558780711247]
	[2.532951192321206, 2.532951192321206] [-0.004980944151270214, 0.002997929241868383]
	[2.532951192321206, 2.532951192321206] [-0.004980944151270214, 0.002997929241868383]
	[2.532951192321206, 2.532951192321206] [-0.004980944151270214, 0.002997929241868383]
	[2.600311095601498, 2.600311095601498] [-0.004767860717578925, 0.003326392724121773]
	[2.600311095601498, 2.600311095601498] [-0.004767860717578925, 0.003326392724121773]
	[2.600311095601498, 2.600311095601498] [-0.004767860717578925, 0.003326392724121773]
	[2.711277385823127, 2.711277385823127] [-0.004370175854090869, 0.0038339206279790978]
	[2.5526630804105763, 2.5526630804105763] [-0.004920885469607653, 0.003095524280687646]
	[2.5526630804105763, 2.5526630804105763] [-0.004920885469607653, 0.003095524280687646]
	[2.5526630804105763, 2.5526630804105763] [-0.004920885469607653, 0.003095524280687646]
	[2.5526630804105763, 2.5526630804105763] [-0.004920885469607653, 0.003095524280687646]
	[2.075070326220645, 2.075070326220645] [-0.005793092815740042, 0.0004872986820663556]
	[2.075070326220645, 2.075070326220645] [-0.005793092815740042, 0.0004872986820663556]
	[2.075070326220645, 2.075070326220645] [-0.005793092815740042, 0.0004872986820663556]
	[2.075070326220645, 2.075070326220645] [-0.005793092815740042, 0.0004872986820663556]
	[1.566521988353014, 1.566521988353014] [-0.005297260495723198, -0.002395081547207298]
	[2.427511273775358, 2.427511273775358] [-0.0052687978070648945, 0.0024570620760555996]
	[2.427511273775358, 2.427511273775358] [-0.0052687978070648945, 0.0024570620760555996]
	[2.3806304656778496, 2.3806304656778496] [-0.005378155825078873, 0.0022074474622270587]
	[1.931206672115319, 1.931206672115319] [-0.005803110037081454, -0.00034827901867178146]
	[2.2081629799051434, 2.2081629799051434] [-0.005677195515309433, 0.0012517329820185127]
	[1.517994445562438, 1.517994445562438] [-0.005174842591056152, -0.0026492241383306455]
	[1.517994445562438, 1.517994445562438] [-0.005174842591056152, -0.0026492241383306455]
	[1.144280487006916, 1.144280487006916] [-0.0038504970839017133, -0.004355577640702424]
	[1.144280487006916, 1.144280487006916] [-0.0038504970839017133, -0.004355577640702424]
