source:
	0.24181833389083274,0.7419683751370476
target:
	0.902550429749748,0.941881944185376
points:
	[0, 0] [0.006607320958589152, 0.0019991356904832834]
	[0.26082385325329205, 0.26082385325329205] [0.0058683168105297745, 0.0036353942798586793]
	[0.7040693296229144, 0.7040693296229144] [0.003742104712114712, 0.005800852185872729]
	[0.7040693296229144, 0.7040693296229144] [0.003742104712114712, 0.005800852185872729]
	[0.7040693296229144, 0.7040693296229144] [0.003742104712114712, 0.005800852185872729]
	[0.7040693296229144, 0.7040693296229144] [0.003742104712114712, 0.005800852185872729]
	[0.7040693296229144, 0.7040693296229144] [0.003742104712114712, 0.005800852185872729]
	[0.7040693296229144, 0.7040693296229144] [0.003742104712114712, 0.005800852185872729]
	[0.086769517713979, 0.086769517713979] [0.006409217013780514, 0.0025642096304791346]
	[-0.48949316486855177, -0.48949316486855177] [0.006771382563836688, -0.001342241384008121]
	[-0.48949316486855177, -0.48949316486855177] [0.006771382563836688, -0.001342241384008121]
	[-0.26164831150189816, -0.26164831150189816] [0.006899562892969853, 0.00022195865544967063]
	[-0.03645469712549751, -0.03645469712549751] [0.006675792807295497, 0.0017569929290800407]
	[0.581544238304937, 0.581544238304937] [0.004423023786804147, 0.0053000089000057584]
	[0.3919763489406709, 0.3919763489406709] [0.005342493393351914, 0.004371612757411926]
	[0.3919763489406709, 0.3919763489406709] [0.005342493393351914, 0.004371612757411926]
	[0.7081255137957098, 0.7081255137957098] [0.0037185446681194745, 0.005815983090585441]
	[1.4840638262014643, 1.4840638262014643] [-0.00141926987643782, 0.006755657390410776]
	[1.1097932929901047, 1.1097932929901047] [0.0011488052008787487, 0.006806870086112228]
	[0.7521077316080681, 0.7521077316080681] [0.0034592312338147073, 0.005973855792515946]
	[1.409683890725752, 1.409683890725752] [-0.0009133235535965158, 0.006842446480990654]
	[1.409683890725752, 1.409683890725752] [-0.0009133235535965158, 0.006842446480990654]
	[0.7685462364150328, 0.7685462364150328] [0.003360567025436326, 0.006029910698039035]
	[0.7685462364150328, 0.7685462364150328] [0.003360567025436326, 0.006029910698039035]
	[0.7685462364150328, 0.7685462364150328] [0.003360567025436326, 0.006029910698039035]
	[0.6714359158294313, 0.6714359158294313] [0.003929380343403328, 0.005675667703068168]
	[1.3755105494804194, 1.3755105494804194] [-0.0006790065584279276, 0.006869656749240635]
	[1.3755105494804194, 1.3755105494804194] [-0.0006790065584279276, 0.006869656749240635]
	[1.3755105494804194, 1.3755105494804194] [-0.0006790065584279276, 0.006869656749240635]
	[1.3755105494804194, 1.3755105494804194] [-0.0006790065584279276, 0.006869656749240635]
	[1.3755105494804194, 1.3755105494804194] [-0.0006790065584279276, 0.006869656749240635]
	[1.3755105494804194, 1.3755105494804194] [-0.0006790065584279276, 0.006869656749240635]
	[1.3755105494804194, 1.3755105494804194] [-0.0006790065584279276, 0.006869656749240635]
	[1.4158898786296779, 1.4158898786296779] [-0.0009557698331662245, 0.006836646676901255]
	[1.4158898786296779, 1.4158898786296779] [-0.0009557698331662245, 0.006836646676901255]
	[1.4158898786296779, 1.4158898786296779] [-0.0009557698331662245, 0.006836646676901255]
	[0.7714513421237056, 0.7714513421237056] [0.0033430353411083324, 0.0060396480416392015]
	[0.7714513421237056, 0.7714513421237056] [0.0033430353411083324, 0.0060396480416392015]
	[0.7714513421237056, 0.7714513421237056] [0.0033430353411083324, 0.0060396480416392015]
	[1.4164222620297036, 1.4164222620297036] [-0.0009594094147489972, 0.006836136872069381]
	[0.8905149319878322, 0.8905149319878322] [0.002601963288863734, 0.006393983171871894]
	[0.12597669035177395, 0.12597669035177395] [0.006303781858513479, 0.002813461931331559]
	[0.12597669035177395, 0.12597669035177395] [0.006303781858513479, 0.002813461931331559]
	[0.12597669035177395, 0.12597669035177395] [0.006303781858513479, 0.002813461931331559]
	[0.12597669035177395, 0.12597669035177395] [0.006303781858513479, 0.002813461931331559]
	[0.12597669035177395, 0.12597669035177395] [0.006303781858513479, 0.002813461931331559]
	[0.12597669035177395, 0.12597669035177395] [0.006303781858513479, 0.002813461931331559]
	[0.12597669035177395, 0.12597669035177395] [0.006303781858513479, 0.002813461931331559]
	[0.4817918320670348, 0.4817918320670348] [0.004928848572159279, 0.004833185855261411]
	[0.4817918320670348, 0.4817918320670348] [0.004928848572159279, 0.004833185855261411]
	[0.4817918320670348, 0.4817918320670348] [0.004928848572159279, 0.004833185855261411]
	[0.4817918320670348, 0.4817918320670348] [0.004928848572159279, 0.004833185855261411]
	[0.8405263747571502, 0.8405263747571502] [0.0029182058939862567, 0.006255981786984312]
	[0.8405263747571502, 0.8405263747571502] [0.0029182058939862567, 0.006255981786984312]
	[0.8405263747571502, 0.8405263747571502] [0.0029182058939862567, 0.006255981786984312]
	[1.7009822101297416, 1.7009822101297416] [-0.002839970763900378, 0.006291883646330935]
	[1.7009822101297416, 1.7009822101297416] [-0.002839970763900378, 0.006291883646330935]
	[1.7009822101297416, 1.7009822101297416] [-0.002839970763900378, 0.006291883646330935]
	[1.7621172050133067, 1.7621172050133067] [-0.0032190799514326225, 0.006106615922510609]
