source:
	0.3323444462778471,0.7510566291127183
target:
	0.1859869701017286,0.21450776417470419
points:
	[0.40798118151560236, 0.40798118151560236] [0.0007853453471314925, -0.005505792605577362]
	[0.05654111550434432, 0.05654111550434432] [-0.0011580268370780643, -0.005439622539707917]
	[0.05654111550434432, 0.05654111550434432] [-0.0011580268370780643, -0.005439622539707917]
	[0.8534910106568914, 0.8534910106568914] [0.0030812337889420684, -0.004629958732836952]
	[0.8534910106568914, 0.8534910106568914] [0.0030812337889420684, -0.004629958732836952]
	[0.8534910106568914, 0.8534910106568914] [0.0030812337889420684, -0.004629958732836952]
	[0.3633800675594348, 0.3633800675594348] [0.0005390812725416477, -0.005535332953986265]
	[0.9741227709659779, 0.9741227709659779] [0.0036160083303721476, -0.004225518108418265]
	[0.9741227709659779, 0.9741227709659779] [0.0036160083303721476, -0.004225518108418265]
	[1.6842701584107722, 1.6842701584107722] [0.005496703105798741, -0.0008466253578731926]
	[2.406470126444848, 2.406470126444848] [0.004684119943098217, 0.002998256141252944]
	[2.658571792136815, 2.658571792136815] [0.003788172182823868, 0.004071887896685135]
	[2.6053701973104224, 2.6053701973104224] [0.003999341159707305, 0.003864684957168239]
	[2.0297328821821883, 2.0297328821821883] [0.00545864614329603, 0.001064754343579221]
	[2.011308448091865, 2.011308448091865] [0.005477336060471043, 0.000964006851923261]
	[2.2418336057642327, 2.2418336057642327] [0.005112176762968864, 0.0021900155876277737]
	[1.4658506673168858, 1.4658506673168858] [0.0051826550738610115, -0.0020175742651199133]
	[0.7349942944443503, 0.7349942944443503] [0.002512274694298914, -0.004961753257698002]
	[-0.07640494277328558, -0.07640494277328558] [-0.0018688559810506875, -0.005238119591225701]
	[-0.4232570556808388, -0.4232570556808388] [-0.0035382023856012947, -0.00429087909505928]
	[-0.657561846659956, -0.657561846659956] [-0.004437724267068321, -0.003352181805833981]
	[-0.657561846659956, -0.657561846659956] [-0.004437724267068321, -0.003352181805833981]
	[-0.4925029472682264, -0.4925029472682264] [-0.0038266112988100203, -0.004035785610969805]
	[-0.4925029472682264, -0.4925029472682264] [-0.0038266112988100203, -0.004035785610969805]
	[-0.4925029472682264, -0.4925029472682264] [-0.0038266112988100203, -0.004035785610969805]
	[-0.7190427711942654, -0.7190427711942654] [-0.004635305247027214, -0.0030731847970425427]
	[-0.7190427711942654, -0.7190427711942654] [-0.004635305247027214, -0.0030731847970425427]
	[-0.7190427711942654, -0.7190427711942654] [-0.004635305247027214, -0.0030731847970425427]
	[-0.0804923730483853, -0.0804923730483853] [-0.001890250758487504, -0.005230437037182348]
	[0.144092241510328, 0.144092241510328] [-0.0006779545252971361, -0.005520045035280108]
	[-0.2434061492015323, -0.2434061492015323] [-0.0027135676653422536, -0.004854592676579615]
	[-0.2434061492015323, -0.2434061492015323] [-0.0027135676653422536, -0.004854592676579615]
	[-0.2434061492015323, -0.2434061492015323] [-0.0027135676653422536, -0.004854592676579615]
	[-0.6088559437341121, -0.6088559437341121] [-0.004269255083046079, -0.003564264379332243]
	[-0.7541994782008457, -0.7541994782008457] [-0.0047404617393204595, -0.0029083572730891015]
	[-0.7541994782008457, -0.7541994782008457] [-0.0047404617393204595, -0.0029083572730891015]
	[0.07788145216482001, 0.07788145216482001] [-0.0010416885930194712, -0.005463094764422868]
	[0.07788145216482001, 0.07788145216482001] [-0.0010416885930194712, -0.005463094764422868]
	[-0.5794621100845484, -0.5794621100845484] [-0.004162658594625165, -0.003688196436537063]
	[-0.5794621100845484, -0.5794621100845484] [-0.004162658594625165, -0.003688196436537063]
	[-0.12254995097103272, -0.12254995097103272] [-0.0021084938970282563, -0.005146335882556251]
	[-0.3739421053029424, -0.3739421053029424] [-0.003322382135486656, -0.004460078079550914]
	[-0.3739421053029424, -0.3739421053029424] [-0.003322382135486656, -0.004460078079550914]
	[-0.8199594436999474, -0.8199594436999474] [-0.0049213313317564835, -0.0025905631536334715]
	[-0.03730468474393067, -0.03730468474393067] [-0.0016626679368244174, -0.005307170136875911]
	[-0.03730468474393067, -0.03730468474393067] [-0.0016626679368244174, -0.005307170136875911]
	[0.5366191871517011, 0.5366191871517011] [0.001485158920473398, -0.0053595543201678374]
