source:
	0.46253774154541494,0.834910800171834
target:
	0.8756490184946598,0.30668461236081845
points:
	[-0.8620305639525031, -0.8620305639525031] [0.006699042697082075, -0.00030201027444563887]
	[-0.22701211883972683, -0.22701211883972683] [0.005213986183611034, -0.0042169575928994885]
	[0.3427229616598707, 0.3427229616598707] [0.002115740432799112, -0.00636333447841762]
	[0.09486943051956243, 0.09486943051956243] [0.003612162460387791, -0.005649837663416943]
	[0.9617546084004389, 0.9617546084004389] [-0.0019691590882812597, -0.006410210273324794]
	[0.30800104486766045, 0.30800104486766045] [0.0023353679573056146, -0.006286051206217589]
	[0.0229862961131862, 0.0229862961131862] [0.004008612496364868, -0.005375817065078278]
	[0.0229862961131862, 0.0229862961131862] [0.004008612496364868, -0.005375817065078278]
	[-0.16382308007470292, -0.16382308007470292] [0.00493729209644721, -0.0045377891111817135]
	[-0.16382308007470292, -0.16382308007470292] [0.00493729209644721, -0.0045377891111817135]
	[0.4547038980912289, 0.4547038980912289] [0.0013914050386123844, -0.00655990665190622]
	[-0.1613864156863748, -0.1613864156863748] [0.0049262203810925935, -0.004549806151926405]
	[-0.3630704830400834, -0.3630704830400834] [0.005737784031656257, -0.00347076615018498]
	[-0.3630704830400834, -0.3630704830400834] [0.005737784031656257, -0.00347076615018498]
	[-0.3630704830400834, -0.3630704830400834] [0.005737784031656257, -0.00347076615018498]
	[0.11083149271343568, 0.11083149271343568] [0.0035215230727315056, -0.005706773038365821]
	[0.3168242328148213, 0.3168242328148213] [0.002279814763658478, -0.006306411650582623]
	[-0.0008260088218663975, -0.0008260088218663975] [0.0041354745545974445, -0.005278847740887823]
	[0.3930789298732423, 0.3930789298732423] [0.0017927620683899778, -0.006461763492216463]
	[0.3930789298732423, 0.3930789298732423] [0.0017927620683899778, -0.006461763492216463]
	[0.3930789298732423, 0.3930789298732423] [0.0017927620683899778, -0.006461763492216463]
	[0.6944736985066953, 0.6944736985066953] [-0.0002062395404106605, -0.006702674728432718]
	[1.5189258439330344, 1.5189258439330344] [-0.005060970646961858, -0.004399427164278309]
	[1.5189258439330344, 1.5189258439330344] [-0.005060970646961858, -0.004399427164278309]
	[2.3339396205882705, 2.3339396205882705] [-0.0066727264036233695, 0.0006656617801758967]
	[1.8146584981724292, 1.8146584981724292] [-0.006123440683186344, -0.002733469857653044]
	[2.625948406987553, 2.625948406987553] [-0.006198624964436216, 0.0025584041536605446]
	[2.625948406987553, 2.625948406987553] [-0.006198624964436216, 0.0025584041536605446]
	[1.9833201645672047, 1.9833201645672047] [-0.006495399816517298, -0.0016667826753318674]
	[2.4831233281166076, 2.4831233281166076] [-0.006499672707622274, 0.0016500418046187656]
	[2.999863385503417, 2.999863385503417] [-0.004835838206011614, 0.004645756354833708]
	[3.8587475834809846, 3.8587475834809846] [0.00035819837610365067, 0.006696273380512187]
	[4.446597999248106, 4.446597999248106] [0.00401164547960291, 0.0053735541133574675]
	[5.249498639008618, 5.249498639008618] [0.006652176107765875, 0.0008467209070693029]
	[5.6939041093564695, 5.6939041093564695] [0.006370049714083791, -0.0020954354925171092]
	[5.77972876578926, 5.77972876578926] [0.006166984294064841, -0.0026337592866389633]
	[5.904896267714187, 5.904896267714187] [0.005789937607921145, -0.0033830468160490727]
	[6.40286328578821, 6.40286328578821] [0.003470901047182086, -0.005737702430753071]
	[6.3099506078692755, 6.3099506078692755] [0.0039882686842125795, -0.005390927208350033]
	[6.067462393963573, 6.067462393963573] [0.005166048845694909, -0.0042755493900893836]
	[6.067462393963573, 6.067462393963573] [0.005166048845694909, -0.0042755493900893836]
	[6.264348288275516, 6.264348288275516] [0.004229876045532777, -0.005203511497309045]
	[6.264348288275516, 6.264348288275516] [0.004229876045532777, -0.005203511497309045]
	[5.9607200180111555, 5.9607200180111555] [0.005592162096528725, -0.0037008250903476747]
	[5.9607200180111555, 5.9607200180111555] [0.005592162096528725, -0.0037008250903476747]
	[5.9607200180111555, 5.9607200180111555] [0.005592162096528725, -0.0037008250903476747]
	[5.9607200180111555, 5.9607200180111555] [0.005592162096528725, -0.0037008250903476747]
	[5.9607200180111555, 5.9607200180111555] [0.005592162096528725, -0.0037008250903476747]
	[6.3060496550347, 6.3060496550347] [0.00400926803808325, -0.005375328181795368]
	[6.3060496550347, 6.3060496550347] [0.00400926803808325, -0.005375328181795368]
	[6.3060496550347, 6.3060496550347] [0.00400926803808325, -0.005375328181795368]
	[5.497512642348778, 5.497512642348778] [0.006656484236531238, -0.0008121581570177924]
	[5.497512642348778, 5.497512642348778] [0.006656484236531238, -0.0008121581570177924]
	[5.497512642348778, 5.497512642348778] [0.006656484236531238, -0.0008121581570177924]
	[5.94336643287607, 5.94336643287607] [0.00565553944639074, -0.0036032286679473636]
	[5.94336643287607, 5.94336643287607] [0.00565553944639074, -0.0036032286679473636]
