source:
	0.6682301854586326,0.027326193244731622
target:
	0.8972815672985229,0.4968461956571121
points:
	[0, 0] [0.0022905138183989034, 0.004695200024123805]
	[0.3684599325882311, 0.3684599325882311] [0.00044566856496287317, 0.00520506833278992]
	[0.3684599325882311, 0.3684599325882311] [0.00044566856496287317, 0.00520506833278992]
	[0.3684599325882311, 0.3684599325882311] [0.00044566856496287317, 0.00520506833278992]
	[0.4510234232792275, 0.4510234232792275] [1.4889895996606285e-05, 0.005224091797605178]
	[0.4510234232792275, 0.4510234232792275] [1.4889895996606285e-05, 0.005224091797605178]
	[0.4510234232792275, 0.4510234232792275] [1.4889895996606285e-05, 0.005224091797605178]
	[0.4510234232792275, 0.4510234232792275] [1.4889895996606285e-05, 0.005224091797605178]
	[0.4510234232792275, 0.4510234232792275] [1.4889895996606285e-05, 0.005224091797605178]
	[0.4510234232792275, 0.4510234232792275] [1.4889895996606285e-05, 0.005224091797605178]
	[0.12330498131259437, 0.12330498131259437] [0.0016956476307469946, 0.004941268656038711]
	[-0.4388091348252906, -0.4388091348252906] [0.0040683173356377104, 0.0032772169405393637]
	[-0.4388091348252906, -0.4388091348252906] [0.0040683173356377104, 0.0032772169405393637]
	[-0.4388091348252906, -0.4388091348252906] [0.0040683173356377104, 0.0032772169405393637]
	[-0.8843340506811246, -0.8843340506811246] [0.005083443249193833, 0.0012041434927092987]
	[-0.8601957373532213, -0.8601957373532213] [0.005052899195817441, 0.0013264865380832038]
	[-1.249111516075418, -1.249111516075418] [0.005178536654437658, -0.0006885600463678749]
	[-1.249111516075418, -1.249111516075418] [0.005178536654437658, -0.0006885600463678749]
	[-0.5643102910699576, -0.5643102910699576] [0.004446535948545555, 0.0027422025594584687]
	[-0.5643102910699576, -0.5643102910699576] [0.004446535948545555, 0.0027422025594584687]
	[-0.5643102910699576, -0.5643102910699576] [0.004446535948545555, 0.0027422025594584687]
	[-0.5643102910699576, -0.5643102910699576] [0.004446535948545555, 0.0027422025594584687]
	[-0.5643102910699576, -0.5643102910699576] [0.004446535948545555, 0.0027422025594584687]
	[0.2098957043262054, 0.2098957043262054] [0.0012619611215063634, 0.005069399466072377]
	[0.2098957043262054, 0.2098957043262054] [0.0012619611215063634, 0.005069399466072377]
	[0.21201722927915437, 0.21201722927915437] [0.0012512034321510935, 0.005072065337727997]
	[0.21201722927915437, 0.21201722927915437] [0.0012512034321510935, 0.005072065337727997]
	[0.21201722927915437, 0.21201722927915437] [0.0012512034321510935, 0.005072065337727997]
	[0.21201722927915437, 0.21201722927915437] [0.0012512034321510935, 0.005072065337727997]
	[0.21201722927915437, 0.21201722927915437] [0.0012512034321510935, 0.005072065337727997]
	[-0.46317472316108466, -0.46317472316108466] [0.004146953170258068, 0.0031771270390865795]
	[-0.46317472316108466, -0.46317472316108466] [0.004146953170258068, 0.0031771270390865795]
	[-0.46317472316108466, -0.46317472316108466] [0.004146953170258068, 0.0031771270390865795]
	[-0.6263943562301688, -0.6263943562301688] [0.004608107003238382, 0.0024610377212700096]
	[-0.6263943562301688, -0.6263943562301688] [0.004608107003238382, 0.0024610377212700096]
	[-0.6263943562301688, -0.6263943562301688] [0.004608107003238382, 0.0024610377212700096]
	[-0.2423299253453216, -0.2423299253453216] [0.0033502727188830317, 0.004008369934015148]
	[-0.2423299253453216, -0.2423299253453216] [0.0033502727188830317, 0.004008369934015148]
	[0.21035093379145758, 0.21035093379145758] [0.0012596532508174427, 0.005069973422663432]
	[0.21035093379145758, 0.21035093379145758] [0.0012596532508174427, 0.005069973422663432]
	[-0.17795396476725384, -0.17795396476725384] [0.0030854684393188353, 0.004215595014796356]
	[0.2079491568483821, 0.2079491568483821] [0.001271826551205218, 0.005066933396291877]
