source:
	0.31551515859894574,0.6899939915793912
target:
	0.9800509539571226,0.17696532232614348
points:
	[0.7591408782385264, 0.7591408782385264] [0.001289557667979693, -0.008295641319377487]
	[-0.10967766401067913, -0.10967766401067913] [0.00716697931252103, -0.004372074040167192]
	[0.23912744834510702, 0.23912744834510702] [0.005241130357464945, -0.006558290665628331]
	[0.6212440756508909, 0.6212440756508909] [0.0024176366883267163, -0.008039630384667254]
	[-0.122087266078856, -0.122087266078856] [0.007220681775076965, -0.004282800320103619]
	[-0.724498670015645, -0.724498670015645] [0.008376404602910557, 0.0005625564924051191]
	[-1.2182561367312275, -1.2182561367312275] [0.007109295531867932, 0.004465259333943658]
	[-0.5060527773198611, -0.5060527773198611] [0.008299256032581302, -0.0012660857729518778]
	[-0.5011702414807331, -0.5011702414807331] [0.008292975424546531, -0.001306591935791572]
	[0.27868477378626, 0.27868477378626] [0.004977669493606666, -0.006760431220804326]
	[0.9452951578963577, 0.9452951578963577] [-0.0002680872132133054, -0.008390992380220579]
	[1.1613067174155975, 1.1613067174155975] [-0.002060345180041935, -0.00813852576440514]
	[0.362757693656663, 0.362757693656663] [0.004392388266528551, -0.00715454744864206]
	[0.8728413865710024, 0.8728413865710024] [0.0003400434117363672, -0.008388384490290307]
	[0.4210641456728767, 0.4210641456728767] [0.003968004152938455, -0.007398348932097719]
	[0.42732336751003663, 0.42732336751003663] [0.003921618819419385, -0.007423040462908982]
	[0.42732336751003663, 0.42732336751003663] [0.003921618819419385, -0.007423040462908982]
	[0.06515815337330172, 0.06515815337330172] [0.006297212706280012, -0.005552092939664632]
	[0.3823598435003184, 0.3823598435003184] [0.004251308888553342, -0.00723926768485015]
	[0.9970889854799836, 0.9970889854799836] [-0.0007021350363703696, -0.008365860999891731]
	[0.9970889854799836, 0.9970889854799836] [-0.0007021350363703696, -0.008365860999891731]
	[0.46418566338582534, 0.46418566338582534] [0.0036453863681113175, -0.00756252484994241]
	[0.5522851038241735, 0.5522851038241735] [0.002965855976508648, -0.007853936732964955]
	[0.612157484445218, 0.612157484445218] [0.0024905887110216844, -0.008017330712359298]
	[0.612157484445218, 0.612157484445218] [0.0024905887110216844, -0.008017330712359298]
	[0.9180309653597961, 0.9180309653597961] [-3.924228966044573e-05, -0.008395182185129189]
	[1.4726074767057808, 1.4726074767057808] [-0.004454123782424065, -0.007116277482620575]
	[0.9983483345085762, 0.9983483345085762] [-0.0007126700157301412, -0.008364970133089985]
	[0.8083928114928856, 0.8083928114928856] [0.0008795827016046502, -0.0083490692984216]
	[0.8083928114928856, 0.8083928114928856] [0.0008795827016046502, -0.0083490692984216]
	[0.8083928114928856, 0.8083928114928856] [0.0008795827016046502, -0.0083490692984216]
	[0.24889005122408048, 0.24889005122408048] [0.005176855627232762, -0.006609144399511693]
	[0.45213376012197737, 0.45213376012197737] [0.0037362622396445964, -0.007518042854055451]
	[-0.18381543580725046, -0.18381543580725046] [0.007471130985452483, -0.003829206925333246]
	[0.5725362399620809, 0.5725362399620809] [0.0028062075650483495, -0.007912384152749013]
	[-0.17270356179423663, -0.17270356179423663] [0.007428120956639051, -0.003911987082333995]
	[-0.8365036888262348, -0.8365036888262348] [0.008261040499871405, 0.0014952704565705439]
	[-1.203587339057631, -1.203587339057631] [0.007174028315913491, 0.004360497861629993]
	[-0.8271387612798325, -0.8271387612798325] [0.008274681142983367, 0.001417841973128092]
	[-0.8271387612798325, -0.8271387612798325] [0.008274681142983367, 0.001417841973128092]
	[-0.8271387612798325, -0.8271387612798325] [0.008274681142983367, 0.001417841973128092]
	[-0.2352838592711315, -0.2352838592711315] [0.007658233904761018, -0.0034397786758419663]
	[-0.6618397612360051, -0.6618397612360051] [0.00839519263332689, 3.693952005935005e-05]
	[-0.6618397612360051, -0.6618397612360051] [0.00839519263332689, 3.693952005935005e-05]
	[-0.42738077806121255, -0.42738077806121255] [0.008174083269496202, -0.0019144154674862446]
	[0.3558669668253738, 0.3558669668253738] [0.004441583628922037, -0.007124111084626632]
	[-0.1575815920262834, -0.1575815920262834] [0.00736811696806201, -0.004023863345562942]
	[-0.1575815920262834, -0.1575815920262834] [0.00736811696806201, -0.004023863345562942]
	[-0.9046308437738513, -0.9046308437738513] [0.008140087151987756, 0.0020541677236418985]
	[-1.614134488542974, -1.614134488542974] [0.004837562150244293, 0.006861385889259698]
	[-1.614134488542974, -1.614134488542974] [0.004837562150244293, 0.006861385889259698]
	[-2.132975381388757, -2.132975381388757] [0.0007985302875557136, 0.008357210854026867]
	[-2.132975381388757, -2.132975381388757] [0.0007985302875557136, 0.008357210854026867]
	[-2.9616551916173206, -2.9616551916173206] [-0.005619910516765151, 0.006236764358412201]
	[-2.535277846543164, -2.535277846543164] [-0.002537388611119752, 0.008002642245844061]
	[-3.155013789630194, -3.155013789630194] [-0.0067136116672872545, 0.005040639072545538]
	[-3.019313358517266, -3.019313358517266] [-0.00596997269573909, 0.0059025460515728335]
	[-3.019313358517266, -3.019313358517266] [-0.00596997269573909, 0.0059025460515728335]
	[-2.235050115787957, -2.235050115787957] [-5.720562078533085e-05, 0.008395078998780111]
	[-2.4434486095985086, -2.4434486095985086] [-0.0017928535789353739, 0.008201603497079515]
	[-2.5097942016236434, -2.5097942016236434] [-0.002332650324273025, 0.008064698775743409]
	[-2.6360283686046038, -2.6360283686046038] [-0.0033294284523758305, 0.007706849554734968]
	[-2.6360283686046038, -2.6360283686046038] [-0.0033294284523758305, 0.007706849554734968]
	[-2.6360283686046038, -2.6360283686046038] [-0.0033294284523758305, 0.007706849554734968]
	[-2.6360283686046038, -2.6360283686046038] [-0.0033294284523758305, 0.007706849554734968]
	[-2.6360283686046038, -2.6360283686046038] [-0.0033294284523758305, 0.007706849554734968]
	[-2.939811839400971, -2.939811839400971] [-0.005482348842998653, 0.006358024460670124]
	[-3.1941575795321295, -3.1941575795321295] [-0.006905728237457877, 0.004774048741810794]
	[-3.1381776977593936, -3.1381776977593936] [-0.006627799536391902, 0.005152950337836721]
	[-3.1381776977593936, -3.1381776977593936] [-0.006627799536391902, 0.005152950337836721]
	[-3.2908181122469333, -3.2908181122469333] [-0.007334236182826835, 0.0040852911148805465]
	[-2.8942201001047634, -2.8942201001047634] [-0.00518687902443797, 0.006601280926051677]
	[-3.605858874961522, -3.605858874961522] [-0.008239121385055653, 0.001611676977910559]
	[-2.8301736743504327, -2.8301736743504327] [-0.004753745049506701, 0.006919720506140319]
	[-2.8301736743504327, -2.8301736743504327] [-0.004753745049506701, 0.006919720506140319]
	[-2.1744944146287053, -2.1744944146287053] [0.0004509584873545996, 0.008383153363829816]
