source:
	0.2779893939999316,0.047491645393118675
target:
	0.1519080205010478,0.5538058461056367
points:
	[0.8540896568900108, 0.8540896568900108] [0.002989238436683785, 0.004276623881907828]
	[0.8540896568900108, 0.8540896568900108] [0.002989238436683785, 0.004276623881907828]
	[0.9655755911929917, 0.9655755911929917] [0.0034464772347179867, 0.00391750595777757]
	[0.9655755911929917, 0.9655755911929917] [0.0034464772347179867, 0.00391750595777757]
	[1.2886459797458587, 1.2886459797458587] [0.004511902296588806, 0.002620647997097046]
	[1.2886459797458587, 1.2886459797458587] [0.004511902296588806, 0.002620647997097046]
	[1.7400037220657798, 1.7400037220657798] [0.005203155449172177, 0.00039016872042999407]
	[1.7788698195055501, 1.7788698195055501] [0.0052143865873840066, 0.0001876986306872684]
	[1.7788698195055501, 1.7788698195055501] [0.0052143865873840066, 0.0001876986306872684]
	[1.7788698195055501, 1.7788698195055501] [0.0052143865873840066, 0.0001876986306872684]
	[1.7788698195055501, 1.7788698195055501] [0.0052143865873840066, 0.0001876986306872684]
	[1.0848688196151233, 1.0848688196151233] [0.003888207408718689, 0.003479497292057747]
	[1.0848688196151233, 1.0848688196151233] [0.003888207408718689, 0.003479497292057747]
	[1.0848688196151233, 1.0848688196151233] [0.003888207408718689, 0.003479497292057747]
	[0.5262344543953646, 0.5262344543953646] [0.0014528877634629, 0.0050114045342031475]
	[0.3292447344367714, 0.3292447344367714] [0.00044396630968088864, 0.005198841426175686]
	[-0.5241516155528643, -0.5241516155528643] [-0.003625542757510367, 0.0037523989622794936]
	[-0.8359479973420096, -0.8359479973420096] [-0.004601852997767363, 0.0024592696569493235]
	[-0.27158995569437083, -0.27158995569437083] [-0.0025728553002895083, 0.0045393252651054075]
	[0.34247184814954057, 0.34247184814954057] [0.0005126911344121106, 0.00519251442553098]
	[0.5214352271063161, 0.5214352271063161] [0.0014288202545448148, 0.005018319533355223]
	[0.10325897525526201, 0.10325897525526201] [-0.0007322117728735018, 0.005166132419742795]
	[-0.49238682474090606, -0.49238682474090606] [-0.0035045396969053274, 0.003865651273908036]
	[-0.09112486415403465, -0.09112486415403465] [-0.0017163224862871678, 0.004927402498448562]
	[-0.09112486415403465, -0.09112486415403465] [-0.0017163224862871678, 0.004927402498448562]
	[-0.09112486415403465, -0.09112486415403465] [-0.0017163224862871678, 0.004927402498448562]
	[-0.7981209246799883, -0.7981209246799883] [-0.0045055562351280064, 0.0026315435148884098]
	[-0.019902571453808693, -0.019902571453808693] [-0.0013613269243179455, 0.0050370474748387215]
	[-0.019902571453808693, -0.019902571453808693] [-0.0013613269243179455, 0.0050370474748387215]
	[0.1850213334178237, 0.1850213334178237] [-0.000307840985678404, 0.00520867470535343]
	[0.1850213334178237, 0.1850213334178237] [-0.000307840985678404, 0.00520867470535343]
	[0.1850213334178237, 0.1850213334178237] [-0.000307840985678404, 0.00520867470535343]
	[0.6672285840873843, 0.6672285840873843] [0.002142710336213302, 0.004757504668808721]
	[0.5987499206581403, 0.5987499206581403] [0.0018121553641413804, 0.004892969568152424]
	[0.5987499206581403, 0.5987499206581403] [0.0018121553641413804, 0.004892969568152424]
	[1.4163948774065704, 1.4163948774065704] [0.004809010743803342, 0.00202446880060823]
	[1.6870783686892596, 1.6870783686892596] [0.005175229710394623, 0.0006648726970637925]
	[1.5829648653617059, 1.5829648653617059] [0.005078109035532553, 0.0011991108713937757]
	[1.623069421995896, 1.623069421995896] [0.005122102749679501, 0.000994545966950649]
	[1.4095811923773982, 1.4095811923773982] [0.004795105125914454, 0.0020571886374567173]
	[1.1691523386572886, 1.1691523386572886] [0.004167322418947743, 0.003139821987818359]
	[1.1239422347830281, 1.1239422347830281] [0.004021160911656695, 0.0033249546134069864]
	[0.3613196979773018, 0.3613196979773018] [0.0006104620103167506, 0.005181929601279057]
	[0.156869975301983, 0.156869975301983] [-0.00045433091208855087, 0.005197945909777524]
	[0.40217988550874667, 0.40217988550874667] [0.0008216281843913879, 0.005152667793023902]
