source:
	0.5056453646114005,0.3028453273152746
target:
	0.9857458322334164,0.9679761166521733
points:
	[-0.3409688471717751, -0.3409688471717751] [0.00674881573099824, 0.004662942077970852]
	[-0.3409688471717751, -0.3409688471717751] [0.00674881573099824, 0.004662942077970852]
	[-0.3409688471717751, -0.3409688471717751] [0.00674881573099824, 0.004662942077970852]
	[-1.1707744988317275, -1.1707744988317275] [0.007995899526350861, -0.0018317023115076605]
	[-1.1707744988317275, -1.1707744988317275] [0.007995899526350861, -0.0018317023115076605]
	[-0.7142605634450071, -0.7142605634450071] [0.007984531049806603, 0.0018806399198556564]
	[-1.459708417115666, -1.459708417115666] [0.0071425470842008815, -0.004034050538039146]
	[-1.459708417115666, -1.459708417115666] [0.0071425470842008815, -0.004034050538039146]
	[-1.1211717344884282, -1.1211717344884282] [0.008076885095152577, -0.0014329932844164236]
	[-1.6064189020171622, -1.6064189020171622] [0.00647610020980526, -0.005034845446092728]
	[-0.7542695161084938, -0.7542695161084938] [0.00805336377924013, 0.0015597674290430488]
	[-0.11677810015709189, -0.11677810015709189] [0.005543268826976597, 0.006046628259232571]
	[0.18110980181926611, 0.18110980181926611] [0.0035244389085030987, 0.0074072851284198524]
	[-0.32429869340916045, -0.32429869340916045] [0.006670149663657084, 0.004774792776434983]
	[0.060368131622651366, 0.060368131622651366] [0.004390975961599018, 0.006928843532519694]
	[0.006959058671020528, 0.006959058671020528] [0.004754601955698119, 0.006684557041147308]
	[0.3595357488991536, 0.3595357488991536] [0.0021538355150395243, 0.00791520910447948]
	[0.3595357488991536, 0.3595357488991536] [0.0021538355150395243, 0.00791520910447948]
	[0.5545239393457431, 0.5545239393457431] [0.0005794093030319354, 0.008182531848580882]
	[0.5545239393457431, 0.5545239393457431] [0.0005794093030319354, 0.008182531848580882]
	[-0.1714582428815412, -0.1714582428815412] [0.0058654496930693615, 0.005734635340765178]
	[-0.3780471235966448, -0.3780471235966448] [0.0069170313736511045, 0.004409560019934726]
	[0.27041397866681277, 0.27041397866681277] [0.0028497715505348274, 0.007692096248958585]
	[0.5202422755871932, 0.5202422755871932] [0.0008595247305824774, 0.008157864906395395]
	[-0.267177790832703, -0.267177790832703] [0.006386678767155564, 0.005147803115761588]
	[-0.12275386052752996, -0.12275386052752996] [0.005579302839480077, 0.006013395248846526]
	[0.16044439349322204, 0.16044439349322204] [0.0036767500401130777, 0.00733287472523627]
	[0.44733502761720356, 0.44733502761720356] [0.0014514820632228447, 0.008073582997258575]
	[0.40968051259474203, 0.40968051259474203] [0.0017543882011664936, 0.00801321811965007]
	[1.0880437138046029, 1.0880437138046029] [-0.0036624820398685055, 0.007340011437397156]
	[1.0880437138046029, 1.0880437138046029] [-0.0036624820398685055, 0.007340011437397156]
	[1.9310859298719711, 1.9310859298719711] [-0.007916830533136047, 0.0021478679901440023]
	[2.709140142953269, 2.709140142953269] [-0.00714658236501095, -0.004026897452579954]
	[3.107401690363596, 3.107401690363596] [-0.005025569027022077, -0.006483301516057757]
	[3.0268060406291504, 3.0268060406291504] [-0.0055312160598189495, -0.006057655610306792]
	[3.533988816469444, 3.533988816469444] [-0.0018926225152008337, -0.007981699230642262]
	[3.533988816469444, 3.533988816469444] [-0.0018926225152008337, -0.007981699230642262]
	[3.482558667336685, 3.482558667336685] [-0.0023004390560966625, -0.007873850566442414]
	[3.8915936961797812, 3.8915936961797812] [0.001020956069856348, -0.008139237758961457]
	[3.8915936961797812, 3.8915936961797812] [0.001020956069856348, -0.008139237758961457]
	[3.774268125233691, 3.774268125233691] [6.118586349329787e-05, -0.008202792139484518]
	[4.1541674486950235, 4.1541674486950235] [0.003098640009727739, -0.007595259882557996]
	[4.1541674486950235, 4.1541674486950235] [0.003098640009727739, -0.007595259882557996]
	[4.1541674486950235, 4.1541674486950235] [0.003098640009727739, -0.007595259882557996]
	[4.472082414383162, 4.472082414383162] [0.005317541937896041, -0.006246061985939401]
	[4.472082414383162, 4.472082414383162] [0.005317541937896041, -0.006246061985939401]
	[4.128523274570165, 4.128523274570165] [0.002902868376423485, -0.0076722159629823315]
	[4.128523274570165, 4.128523274570165] [0.002902868376423485, -0.0076722159629823315]
	[3.4178416928448527, 3.4178416928448527] [-0.0028048394432950304, -0.007708593794643537]
	[3.901673890959549, 3.901673890959549] [0.0011029479129935637, -0.008128532985398016]
	[4.404654169462997, 4.404654169462997] [0.004884616303263825, -0.006590149176108966]
	[3.9745786121424986, 3.9745786121424986] [0.0016921016811127412, -0.008026601677812089]
	[3.81425155900054, 3.81425155900054] [0.0003890253772684791, -0.008193790444557484]
	[3.81425155900054, 3.81425155900054] [0.0003890253772684791, -0.008193790444557484]
	[3.81425155900054, 3.81425155900054] [0.0003890253772684791, -0.008193790444557484]
	[3.81425155900054, 3.81425155900054] [0.0003890253772684791, -0.008193790444557484]
	[3.961711513214171, 3.961711513214171] [0.0015886853809595777, -0.008047709074873777]
	[3.961711513214171, 3.961711513214171] [0.0015886853809595777, -0.008047709074873777]
	[3.961711513214171, 3.961711513214171] [0.0015886853809595777, -0.008047709074873777]
	[4.297639214472928, 4.297639214472928] [0.004152773995440532, -0.007074179156359648]
	[4.204192722394057, 4.204192722394057] [0.003474560101139873, -0.007430812519304151]
	[4.204192722394057, 4.204192722394057] [0.003474560101139873, -0.007430812519304151]
	[4.377797773160662, 4.377797773160662] [0.004705888472386138, -0.0067189401157432315]
	[4.049437209028132, 4.049437209028132] [0.0022876618992428454, -0.007877572318184901]
	[4.049437209028132, 4.049437209028132] [0.0022876618992428454, -0.007877572318184901]
	[4.049437209028132, 4.049437209028132] [0.0022876618992428454, -0.007877572318184901]
	[4.401429253391245, 4.401429253391245] [0.004863338261921688, -0.006605867357403489]
	[4.401429253391245, 4.401429253391245] [0.004863338261921688, -0.006605867357403489]
	[4.401429253391245, 4.401429253391245] [0.004863338261921688, -0.006605867357403489]
	[4.572375051093284, 4.572375051093284] [0.005916205176550885, -0.005682258257280544]
	[4.572375051093284, 4.572375051093284] [0.005916205176550885, -0.005682258257280544]
	[4.572375051093284, 4.572375051093284] [0.005916205176550885, -0.005682258257280544]
	[4.572375051093284, 4.572375051093284] [0.005916205176550885, -0.005682258257280544]
	[4.862765086327619, 4.862765086327619] [0.0072954851088757, -0.003750391928806021]
	[4.862765086327619, 4.862765086327619] [0.0072954851088757, -0.003750391928806021]
	[4.862765086327619, 4.862765086327619] [0.0072954851088757, -0.003750391928806021]
	[4.646642824867788, 4.646642824867788] [0.0063215174937390805, -0.005227615055628254]
	[4.646642824867788, 4.646642824867788] [0.0063215174937390805, -0.005227615055628254]
	[4.711165607913606, 4.711165607913606] [0.006645429500572842, -0.00480913810847605]
