source:
	0.5778641941958955,0.5348370642226193
target:
	0.2910512890159047,0.9868211764157039
points:
	[0, 0] [-0.0028681290517999086, 0.004519841121930846]
	[0.4770974189251782, 0.4770974189251782] [-0.00047232642331561527, 0.005332169893684334]
	[-0.22521912955169832, -0.22521912955169832] [-0.003805065762333653, 0.003765182939724435]
	[-0.19527844313785453, -0.19527844313785453] [-0.003690645054795629, 0.0038774046867445107]
	[-0.19527844313785453, -0.19527844313785453] [-0.003690645054795629, 0.0038774046867445107]
	[-0.6964588434372903, -0.6964588434372903] [-0.00509969703127941, 0.0016273346965009062]
	[-0.6964588434372903, -0.6964588434372903] [-0.00509969703127941, 0.0016273346965009062]
	[-1.072973303914323, -1.072973303914323] [-0.005340813265703688, -0.0003617204530562755]
	[-0.42656422333458033, -0.42656422333458033] [-0.004481186851026643, 0.0029281551242141602]
	[-0.42656422333458033, -0.42656422333458033] [-0.004481186851026643, 0.0029281551242141602]
	[-0.42656422333458033, -0.42656422333458033] [-0.004481186851026643, 0.0029281551242141602]
	[-0.42656422333458033, -0.42656422333458033] [-0.004481186851026643, 0.0029281551242141602]
	[0.16145052062537824, 0.16145052062537824] [-0.0021042648600722268, 0.004922113105561568]
	[0.09276716029162518, 0.09276716029162518] [-0.0024371050079566264, 0.00476609349525043]
	[-0.33118046005670343, -0.33118046005670343] [-0.004181942107783463, 0.0033416295773803745]
	[-0.33118046005670343, -0.33118046005670343] [-0.004181942107783463, 0.0033416295773803745]
	[-0.33118046005670343, -0.33118046005670343] [-0.004181942107783463, 0.0033416295773803745]
	[0.27226124171716837, 0.27226124171716837] [-0.0015470515451504374, 0.005124622868262929]
	[-0.31614091602338057, -0.31614091602338057] [-0.004131214473756646, 0.00340414379794675]
	[-0.31614091602338057, -0.31614091602338057] [-0.004131214473756646, 0.00340414379794675]
	[0.3182353914204539, 0.3182353914204539] [-0.0013098996989512452, 0.005190307390122781]
	[0.3182353914204539, 0.3182353914204539] [-0.0013098996989512452, 0.005190307390122781]
	[0.25618267985028215, 0.25618267985028215] [-0.0016292445931406555, 0.005099087181152884]
	[-0.5749783189716187, -0.5749783189716187] [-0.004864910253275552, 0.0022333329919315952]
	[-0.5793076660008142, -0.5793076660008142] [-0.00487453350459218, 0.0022122502430520856]
	[-0.5793076660008142, -0.5793076660008142] [-0.00487453350459218, 0.0022122502430520856]
	[-0.8828742687664197, -0.8828742687664197] [-0.00531295063046554, 0.0006539752468645461]
	[-0.8828742687664197, -0.8828742687664197] [-0.00531295063046554, 0.0006539752468645461]
	[-0.6574794023449873, -0.6574794023449873] [-0.00503240675510408, 0.001824831574819592]
	[-0.6574794023449873, -0.6574794023449873] [-0.00503240675510408, 0.001824831574819592]
	[-0.20011494974301747, -0.20011494974301747] [-0.0037093549097383877, 0.0038595095775079305]
	[-0.20011494974301747, -0.20011494974301747] [-0.0037093549097383877, 0.0038595095775079305]
	[-0.4275248388958358, -0.4275248388958358] [-0.00448399761439243, 0.002923849076029528]
	[-0.4275248388958358, -0.4275248388958358] [-0.00448399761439243, 0.002923849076029528]
	[0.09545596638444909, 0.09545596638444909] [-0.0024242811124319612, 0.004772629161498029]
	[0.846030466597778, 0.846030466597778] [0.0014823448272960895, 0.0051437128456266155]
	[0.7056272386700851, 0.7056272386700851] [0.0007479345837713683, 0.005300539772860353]
	[0.7056272386700851, 0.7056272386700851] [0.0007479345837713683, 0.005300539772860353]
	[0.7056272386700851, 0.7056272386700851] [0.0007479345837713683, 0.005300539772860353]
	[1.355017913772747, 1.355017913772747] [0.0038009371646272466, 0.003769350699501324]
	[1.355017913772747, 1.355017913772747] [0.0038009371646272466, 0.003769350699501324]
	[1.19040656644643, 1.19040656644643] [0.003131877023925534, 0.00434125262249078]
	[1.19040656644643, 1.19040656644643] [0.003131877023925534, 0.00434125262249078]
	[1.19040656644643, 1.19040656644643] [0.003131877023925534, 0.00434125262249078]
