source:
	0.9049781316653257,0.044607678522735617
target:
	0.3164454200800384,0.8697487995384133
points:
	[-0.7121142999481055, -0.7121142999481055] [-0.009846853552311265, 0.0024004868962418896]
	[-0.47249405891842844, -0.47249405891842844] [-0.008995794450145955, 0.004668891134993109]
	[-0.47249405891842844, -0.47249405891842844] [-0.008995794450145955, 0.004668891134993109]
	[-0.11573384339176768, -0.11573384339176768] [-0.006798793209099256, 0.007516599837665956]
	[-0.33166778767409416, -0.33166778767409416] [-0.00825140788912796, 0.005885331772035533]
	[-0.33166778767409416, -0.33166778767409416] [-0.00825140788912796, 0.005885331772035533]
	[0.3282993677195782, 0.3282993677195782] [-0.0029104709108761485, 0.009708348020988833]
	[0.6732514432583467, 0.6732514432583467] [0.0005438732876046575, 0.010120625675654846]
	[1.3215240858428403, 1.3215240858428403] [0.006544475475417615, 0.007739037599815071]
	[0.5932792117692723, 0.5932792117692723] [-0.00026637153965811003, 0.010131727810327031]
	[0.6922064172485572, 0.6922064172485572] [0.0007356002952793669, 0.010108499118330028]
	[0.30228275765050944, 0.30228275765050944] [-0.003162035782257631, 0.009629350545671104]
	[-0.002437323622570431, -0.002437323622570431] [-0.0059054209743819855, 0.008237042268619443]
	[-0.002437323622570431, -0.002437323622570431] [-0.0059054209743819855, 0.008237042268619443]
	[0.4948349022872949, 0.4948349022872949] [-0.001260882537678336, 0.010056492303277115]
	[1.3547740443847571, 1.3547740443847571] [0.006798133422090488, 0.007517196564887093]
	[0.739083036285005, 0.739083036285005] [0.0012084709722156282, 0.01006292502848979]
	[0.5673525171816858, 0.5673525171816858] [-0.0005289348027582069, 0.010121417400449662]
	[-0.055239364624052656, -0.055239364624052656] [-0.006331921135114076, 0.007913888864419925]
	[0.10390255849423433, 0.10390255849423433] [-0.004997786490199573, 0.008817312085781735]
	[-0.5029840587627441, -0.5029840587627441] [-0.00913394578308503, 0.004392481832786247]
	[-0.9458034581888273, -0.9458034581888273] [-0.010135079413803278, 5.502268254997834e-05]
	[-0.9458034581888273, -0.9458034581888273] [-0.010135079413803278, 5.502268254997834e-05]
	[-0.0959875272587859, -0.0959875272587859] [-0.006649052258393323, 0.007649376855983021]
	[-0.5977937932962497, -0.5977937932962497] [-0.009508750940472991, 0.0035080646761067626]
	[-0.5977937932962497, -0.5977937932962497] [-0.009508750940472991, 0.0035080646761067626]
	[-1.419132862844414, -1.419132862844414] [-0.009045865462913059, -0.004571124615077863]
	[-1.3496799744546577, -1.3496799744546577] [-0.009341279576915886, -0.003932347655738006]
	[-1.2390438411412097, -1.2390438411412097] [-0.009718340319087459, -0.0028769295545934197]
	[-1.2602390047322927, -1.2602390047322927] [-0.009655185064542878, -0.0030822497609898788]
	[-1.003340338957055, -1.003340338957055] [-0.010121472075499826, -0.000527887530228989]
	[-1.003340338957055, -1.003340338957055] [-0.010121472075499826, -0.000527887530228989]
	[-1.003340338957055, -1.003340338957055] [-0.010121472075499826, -0.000527887530228989]
	[-0.7487483803943409, -0.7487483803943409] [-0.009928166738945993, 0.002038226538778387]
	[-0.20447683511188164, -0.20447683511188164] [-0.007438209811782039, 0.006884467809177658]
	[0.3195939965021162, 0.3195939965021162] [-0.0029948743347182373, 0.00968264374739358]
	[1.062020980200384, 1.062020980200384] [0.004339511159852792, 0.009159230596136726]
	[1.730987823765659, 1.730987823765659] [0.009084518753148373, 0.004493815888906614]
	[1.730987823765659, 1.730987823765659] [0.009084518753148373, 0.004493815888906614]
	[1.730987823765659, 1.730987823765659] [0.009084518753148373, 0.004493815888906614]
	[1.9508848280083992, 1.9508848280083992] [0.009845994876981963, 0.0024040064688221965]
	[2.2960452928839263, 2.2960452928839263] [0.010078679654022453, -0.0010691485637122039]
	[2.4877377451223013, 2.4877377451223013] [0.00969037558982204, -0.0029697614631271603]
	[2.5513595804078966, 2.5513595804078966] [0.009481955917865605, -0.003579856727768227]
	[2.1990105259680015, 2.1990105259680015] [0.010134849582195456, -8.767078171557242e-05]
	[2.1990105259680015, 2.1990105259680015] [0.010134849582195456, -8.767078171557242e-05]
	[3.027181418399385, 3.027181418399385] [0.006788845748868095, -0.007525585400337279]
	[3.027181418399385, 3.027181418399385] [0.006788845748868095, -0.007525585400337279]
	[3.5539622203952597, 3.5539622203952597] [0.0020849700017673083, -0.009918455641450661]
	[2.7790644926201242, 2.7790644926201242] [0.008429073742898167, -0.00562792839830774]
	[1.9895217904289817, 1.9895217904289817] [0.009931507067092364, 0.0020218876318896786]
	[1.9895217904289817, 1.9895217904289817] [0.009931507067092364, 0.0020218876318896786]
	[2.430109440642739, 2.430109440642739] [0.009845336675478343, -0.0024067006390856125]
	[2.430109440642739, 2.430109440642739] [0.009845336675478343, -0.0024067006390856125]
	[2.340803018051329, 2.340803018051329] [0.010020749579344807, -0.0015190260326126432]
	[2.0557059670876745, 2.0557059670876745] [0.010043482586602061, 0.0013606321149800804]
	[1.5066689654125613, 1.5066689654125613] [0.007857298928207185, 0.006402008729491726]
	[1.925025475099723, 1.925025475099723] [0.009780543898415591, 0.0026577854072252654]
	[1.4396681590519953, 1.4396681590519953] [0.007411050499731599, 0.006913696023844412]
	[1.4396681590519953, 1.4396681590519953] [0.007411050499731599, 0.006913696023844412]
	[0.5754025304264514, 0.5754025304264514] [-0.0004474410005076327, 0.010125347340746329]
	[0.9700294766284152, 0.9700294766284152] [0.003479779156444466, 0.009519138576681645]
	[1.138882446188724, 1.138882446188724] [0.0050299981720042285, 0.008798976111419337]
	[1.8398075442713755, 1.8398075442713755] [0.009518834822771006, 0.0034806099805200965]
	[1.8398075442713755, 1.8398075442713755] [0.009518834822771006, 0.0034806099805200965]
	[1.5061491235760263, 1.5061491235760263] [0.00785396983472096, 0.006406092416987696]
	[1.3047113666591847, 1.3047113666591847] [0.006413442405700575, 0.007847969083046623]
	[1.372347064454177, 1.372347064454177] [0.0069291768270195965, 0.007396578311597104]
	[1.9370625858436474, 1.9370625858436474] [0.009811826630236473, 0.002539866216531173]
	[1.7470431090062424, 1.7470431090062424] [0.009155494306445243, 0.004347388437250895]
	[1.1517476039647585, 1.1517476039647585] [0.005142779007796841, 0.00873353801713018]
	[1.1517476039647585, 1.1517476039647585] [0.005142779007796841, 0.00873353801713018]
	[1.0014044133757949, 1.0014044133757949] [0.0037766799461240903, 0.00940529376490911]
	[1.414173333521633, 1.414173333521633] [0.007232397710459899, 0.007100372214005997]
	[1.955805690815408, 1.955805690815408] [0.009857705405654772, 0.0023555267680539604]
	[2.7680470625407465, 2.7680470625407465] [0.008490566224938803, -0.005534721980336722]
	[3.4093985040034913, 3.4093985040034913] [0.003492081139207355, -0.009514632496154871]
	[3.3703253306089085, 3.3703253306089085] [0.0038610880713587548, -0.009370958388815156]
	[3.3703253306089085, 3.3703253306089085] [0.0038610880713587548, -0.009370958388815156]
	[3.3703253306089085, 3.3703253306089085] [0.0038610880713587548, -0.009370958388815156]
	[3.862242101852894, 3.862242101852894] [-0.0010227803512325622, -0.010083490594671403]
	[4.444616722559596, 4.444616722559596] [-0.006400191422435515, -0.007858779292986721]
	[5.0327161413246095, 5.0327161413246095] [-0.009684836880198696, -0.002987774560377209]
	[5.0327161413246095, 5.0327161413246095] [-0.009684836880198696, -0.002987774560377209]
	[5.0327161413246095, 5.0327161413246095] [-0.009684836880198696, -0.002987774560377209]
	[5.214324631879764, 5.214324631879764] [-0.010065191912399726, -0.0011894427208811544]
	[4.82765871591958, 4.82765871591958] [-0.008873551937912522, -0.004897237815836899]
	[4.82765871591958, 4.82765871591958] [-0.008873551937912522, -0.004897237815836899]
	[5.614084866078234, 5.614084866078234] [-0.009734523304178634, 0.0028216871300867355]
	[5.614084866078234, 5.614084866078234] [-0.009734523304178634, 0.0028216871300867355]
	[5.207000843368592, 5.207000843368592] [-0.010056210826778782, -0.0012631254993353733]
