source:
	0.7162710448399175,0.657906437813313
target:
	0.05792048296690677,0.4477644224355942
points:
	[-0.6876122863968327, -0.6876122863968327] [-0.006421252510617783, 0.0025546093809889338]
	[-0.6444557179636521, -0.6444557179636521] [-0.0065254876363800805, 0.002275197574278449]
	[-0.6444557179636521, -0.6444557179636521] [-0.0065254876363800805, 0.002275197574278449]
	[-0.6444557179636521, -0.6444557179636521] [-0.0065254876363800805, 0.002275197574278449]
	[-0.14133500501788943, -0.14133500501788943] [-0.006813876729286328, -0.0011530814423283818]
	[-0.7756406589650365, -0.7756406589650365] [-0.006171801658354196, 0.0031092406121894533]
	[-0.6817610539106158, -0.6817610539106158] [-0.006436090117078388, 0.002516993623233428]
	[-0.6817610539106158, -0.6817610539106158] [-0.006436090117078388, 0.002516993623233428]
	[-1.398314974446261, -1.398314974446261] [-0.003200149149086762, 0.006125157819856654]
	[-1.398314974446261, -1.398314974446261] [-0.003200149149086762, 0.006125157819856654]
	[-1.1830483496240485, -1.1830483496240485] [-0.0044346701702430245, 0.005300208804915948]
	[-1.1830483496240485, -1.1830483496240485] [-0.0044346701702430245, 0.005300208804915948]
	[-1.0518426889912729, -1.0518426889912729] [-0.005089977495086428, 0.004674467027808147]
	[-0.4234438273996791, -0.4234438273996791] [-0.006865524507757326, 0.0007893580479955593]
	[-0.4234438273996791, -0.4234438273996791] [-0.006865524507757326, 0.0007893580479955593]
	[-0.4234438273996791, -0.4234438273996791] [-0.006865524507757326, 0.0007893580479955593]
	[-0.9412575684907879, -0.9412575684907879] [-0.005574759911710452, 0.004084184719296854]
	[-0.7543663684431461, -0.7543663684431461] [-0.006236546944964573, 0.0029772462272719224]
	[-1.4543190158447419, -1.4543190158447419] [-0.0028522776003800255, 0.006294682310087]
	[-0.9736474900623283, -0.9736474900623283] [-0.005439572613959974, 0.004262576998953625]
	[-0.9736474900623283, -0.9736474900623283] [-0.005439572613959974, 0.004262576998953625]
	[-1.284782760052504, -1.284782760052504] [-0.0038734568165496638, 0.005723184881241981]
	[-1.8351700939374251, -1.8351700939374251] [-0.00030810719086302803, 0.006903881723602334]
	[-2.001045025145502, -2.001045025145502] [0.000836058419675886, 0.006859994111764303]
	[-2.001045025145502, -2.001045025145502] [0.000836058419675886, 0.006859994111764303]
	[-2.631338635458932, -2.631338635458932] [0.004718570448983839, 0.005049119310585588]
	[-2.631338635458932, -2.631338635458932] [0.004718570448983839, 0.005049119310585588]
	[-2.631338635458932, -2.631338635458932] [0.004718570448983839, 0.005049119310585588]
	[-2.631338635458932, -2.631338635458932] [0.004718570448983839, 0.005049119310585588]
	[-2.631338635458932, -2.631338635458932] [0.004718570448983839, 0.005049119310585588]
	[-2.631338635458932, -2.631338635458932] [0.004718570448983839, 0.005049119310585588]
	[-1.7987161777946987, -1.7987161777946987] [-0.0005595202816851924, 0.006888065762529766]
	[-0.9963363396145453, -0.9963363396145453] [-0.005341467901100976, 0.004384886949062629]
	[-0.9963363396145453, -0.9963363396145453] [-0.005341467901100976, 0.004384886949062629]
	[-0.6128866186048033, -0.6128866186048033] [-0.006594050238215235, 0.0020680943765808775]
	[-0.5104048848823818, -0.5104048848823818] [-0.0067710246133718816, 0.0013826563490846203]
	[-0.17349676182795204, -0.17349676182795204] [-0.006847431700821949, -0.0009333766641235916]
	[0.07593261151099656, 0.07593261151099656] [-0.006405122247179366, -0.0025947874466398587]
	[0.07593261151099656, 0.07593261151099656] [-0.006405122247179366, -0.0025947874466398587]
	[0.6156884574357335, 0.6156884574357335] [-0.004161002622737822, -0.005517659836209624]
	[0.1333516054605799, 0.1333516054605799] [-0.006245658263543447, -0.0029580848110869473]
	[0.9801751392244229, 0.9801751392244229] [-0.001920774529285219, -0.006638459015630132]
	[0.7468737788982572, 0.7468737788982572] [-0.0034034877583469982, -0.006014547694825768]
	[0.3764570705196128, 0.3764570705196128] [-0.005349941344115466, -0.004374544605907665]
	[0.9979169682132956, 0.9979169682132956] [-0.0018027000079167774, -0.006671490506326805]
	[0.8279500471973704, 0.8279500471973704] [-0.0029052046848679603, -0.006270430498265098]
	[0.8279500471973704, 0.8279500471973704] [-0.0029052046848679603, -0.006270430498265098]
	[0.5120541732523181, 0.5120541732523181] [-0.004709473610507423, -0.005057605283776702]
	[-0.042817139727637565, -0.042817139727637565] [-0.006667421056027301, -0.00181769341644724]
	[-0.0650611075116067, -0.0650611075116067] [-0.006706201003297829, -0.0016689460739997034]
	[-0.0650611075116067, -0.0650611075116067] [-0.006706201003297829, -0.0016689460739997034]
	[-0.6151276937567894, -0.6151276937567894] [-0.006589398928144692, 0.002082866932935808]
	[-0.6151276937567894, -0.6151276937567894] [-0.006589398928144692, 0.002082866932935808]
	[0.17229799507407928, 0.17229799507407928] [-0.006125744487515949, -0.003199026003054648]
	[0.0698941664170736, 0.0698941664170736] [-0.006420673859434726, -0.002556063396186297]
	[0.0698941664170736, 0.0698941664170736] [-0.006420673859434726, -0.002556063396186297]
	[0.7508766518619985, 0.7508766518619985] [-0.0033793850852916157, -0.006028123202113608]
	[0.7038943692746934, 0.7038943692746934] [-0.003658766861552868, -0.005862758561236716]
	[0.7038943692746934, 0.7038943692746934] [-0.003658766861552868, -0.005862758561236716]
	[0.7038943692746934, 0.7038943692746934] [-0.003658766861552868, -0.005862758561236716]
