source:
	0.5242343508131593,0.780058978853846
target:
	0.855477595724265,0.22889818738542822
points:
	[-0.20938208732821942, -0.20938208732821942] [0.004385705536458732, -0.004702724474451843]
	[-0.20938208732821942, -0.20938208732821942] [0.004385705536458732, -0.004702724474451843]
	[-0.20938208732821942, -0.20938208732821942] [0.004385705536458732, -0.004702724474451843]
	[-0.20938208732821942, -0.20938208732821942] [0.004385705536458732, -0.004702724474451843]
	[-0.7568314329431516, -0.7568314329431516] [0.006192576332431476, -0.0017326364021752097]
	[-0.7857885454028551, -0.7857885454028551] [0.006240145367514318, -0.0015526159626329786]
	[-0.7857885454028551, -0.7857885454028551] [0.006240145367514318, -0.0015526159626329786]
	[-0.7857885454028551, -0.7857885454028551] [0.006240145367514318, -0.0015526159626329786]
	[-0.7857885454028551, -0.7857885454028551] [0.006240145367514318, -0.0015526159626329786]
	[-0.7857885454028551, -0.7857885454028551] [0.006240145367514318, -0.0015526159626329786]
	[-0.7857885454028551, -0.7857885454028551] [0.006240145367514318, -0.0015526159626329786]
	[-0.7857885454028551, -0.7857885454028551] [0.006240145367514318, -0.0015526159626329786]
	[-0.7093739035640989, -0.7093739035640989] [0.0061034083469572, -0.002024459702099878]
	[-0.7093739035640989, -0.7093739035640989] [0.0061034083469572, -0.002024459702099878]
	[-0.7093739035640989, -0.7093739035640989] [0.0061034083469572, -0.002024459702099878]
	[-0.7939814523020824, -0.7939814523020824] [0.0062526562335151895, -0.0015014394961558673]
	[-0.7939814523020824, -0.7939814523020824] [0.0062526562335151895, -0.0015014394961558673]
	[-0.24129233733563005, -0.24129233733563005] [0.004533512470113541, -0.0045604051594631545]
	[-0.4039817040170929, -0.4039817040170929] [0.0052123094440336614, -0.00376588114453585]
	[-0.4039817040170929, -0.4039817040170929] [0.0052123094440336614, -0.00376588114453585]
	[-0.334374622587539, -0.334374622587539] [0.004937766973227915, -0.004119282443974045]
	[-0.334374622587539, -0.334374622587539] [0.004937766973227915, -0.004119282443974045]
	[-0.334374622587539, -0.334374622587539] [0.004937766973227915, -0.004119282443974045]
	[-0.334374622587539, -0.334374622587539] [0.004937766973227915, -0.004119282443974045]
	[-0.334374622587539, -0.334374622587539] [0.004937766973227915, -0.004119282443974045]
	[-0.334374622587539, -0.334374622587539] [0.004937766973227915, -0.004119282443974045]
	[-0.334374622587539, -0.334374622587539] [0.004937766973227915, -0.004119282443974045]
	[-0.4033732358221681, -0.4033732358221681] [0.005210017060386868, -0.0037690519717312088]
	[-0.4033732358221681, -0.4033732358221681] [0.005210017060386868, -0.0037690519717312088]
	[-0.4033732358221681, -0.4033732358221681] [0.005210017060386868, -0.0037690519717312088]
	[-0.4033732358221681, -0.4033732358221681] [0.005210017060386868, -0.0037690519717312088]
	[0.09112005720885868, 0.09112005720885868] [0.0027971672794475998, -0.005790154207438765]
	[-0.3938753202901208, -0.3938753202901208] [0.005173984464254935, -0.00381836552713091]
	[-0.01027547451190114, -0.01027547451190114] [0.0033688909684611895, -0.005477280728404723]
	[-0.01027547451190114, -0.01027547451190114] [0.0033688909684611895, -0.005477280728404723]
	[0.319963798105696, 0.319963798105696] [0.0014107377778152556, -0.006273742858723014]
	[0.319963798105696, 0.319963798105696] [0.0014107377778152556, -0.006273742858723014]
	[-0.04849265000552733, -0.04849265000552733] [0.0035757062940481622, -0.005344563128435991]
	[-0.04849265000552733, -0.04849265000552733] [0.0035757062940481622, -0.005344563128435991]
	[0.17227476087104085, 0.17227476087104085] [0.0023185785214693737, -0.0059978516299516805]
	[0.17227476087104085, 0.17227476087104085] [0.0023185785214693737, -0.0059978516299516805]
	[0.17227476087104085, 0.17227476087104085] [0.0023185785214693737, -0.0059978516299516805]
	[0.6670944392805064, 0.6670944392805064] [-0.0008077424713992015, -0.006379465701375865]
	[0.6670944392805064, 0.6670944392805064] [-0.0008077424713992015, -0.006379465701375865]
	[0.6670944392805064, 0.6670944392805064] [-0.0008077424713992015, -0.006379465701375865]
	[0.9798212820308814, 0.9798212820308814] [-0.002731235950540994, -0.00582154453024329]
	[0.49947131612988566, 0.49947131612988566] [0.0002679240950276055, -0.006424814955657227]
	[0.49947131612988566, 0.49947131612988566] [0.0002679240950276055, -0.006424814955657227]
	[0.49947131612988566, 0.49947131612988566] [0.0002679240950276055, -0.006424814955657227]
	[0.49947131612988566, 0.49947131612988566] [0.0002679240950276055, -0.006424814955657227]
	[-0.300420383763873, -0.300420383763873] [0.004795080668574571, -0.004284534037324897]
