source:
	0.8862245997967041,0.23570892959980383
target:
	0.5144302915934075,0.8972739969928621
points:
	[-0.10259222642607359, -0.10259222642607359] [-0.004375918616809355, 0.006200102487844559]
	[-0.7842156811544484, -0.7842156811544484] [-0.007304526218167762, 0.0020576275972135375]
	[-0.7842156811544484, -0.7842156811544484] [-0.007304526218167762, 0.0020576275972135375]
	[-1.362854654366186, -1.362854654366186] [-0.007240691591913039, -0.0022720739141838704]
	[-1.362854654366186, -1.362854654366186] [-0.007240691591913039, -0.0022720739141838704]
	[-1.362854654366186, -1.362854654366186] [-0.007240691591913039, -0.0022720739141838704]
	[-1.362854654366186, -1.362854654366186] [-0.007240691591913039, -0.0022720739141838704]
	[-1.362854654366186, -1.362854654366186] [-0.007240691591913039, -0.0022720739141838704]
	[-0.4189600526623518, -0.4189600526623518] [-0.006087704736484169, 0.004530980649054154]
	[-0.4189600526623518, -0.4189600526623518] [-0.006087704736484169, 0.004530980649054154]
	[-0.4788954890858012, -0.4788954890858012] [-0.006348177453275141, 0.004158194033765636]
	[-0.04089290129886991, -0.04089290129886991] [-0.003985292645809688, 0.006458124892565194]
	[-0.7909725011347887, -0.7909725011347887] [-0.007318262389603156, 0.00200822563414445]
	[-0.7909725011347887, -0.7909725011347887] [-0.007318262389603156, 0.00200822563414445]
	[-1.4938308299526033, -1.4938308299526033] [-0.006881936726769136, -0.0031982622608943603]
	[-1.4938308299526033, -1.4938308299526033] [-0.006881936726769136, -0.0031982622608943603]
	[-1.4938308299526033, -1.4938308299526033] [-0.006881936726769136, -0.0031982622608943603]
	[-1.4938308299526033, -1.4938308299526033] [-0.006881936726769136, -0.0031982622608943603]
	[-1.4938308299526033, -1.4938308299526033] [-0.006881936726769136, -0.0031982622608943603]
	[-2.2038742992249123, -2.2038742992249123] [-0.0031339626633599895, -0.006911455174229269]
	[-3.014623584261839, -3.014623584261839] [0.0028502866593402066, -0.007033192771444718]
	[-2.228841955246942, -2.228841955246942] [-0.00296044097610628, -0.006987540613671299]
	[-3.089056546330196, -3.089056546330196] [0.0033654127463048173, -0.006801759452356724]
	[-2.3300526415195306, -2.3300526415195306] [-0.0022392841278452676, -0.007250899337012978]
	[-2.6355069666048747, -2.6355069666048747] [4.4908971579644e-05, -0.007588670356853474]
	[-2.587578940290999, -2.587578940290999] [-0.0003187133610827409, -0.007582107648548807]
	[-2.587578940290999, -2.587578940290999] [-0.0003187133610827409, -0.007582107648548807]
	[-2.587578940290999, -2.587578940290999] [-0.0003187133610827409, -0.007582107648548807]
	[-2.587578940290999, -2.587578940290999] [-0.0003187133610827409, -0.007582107648548807]
	[-2.587578940290999, -2.587578940290999] [-0.0003187133610827409, -0.007582107648548807]
	[-3.3390975076068345, -3.3390975076068345] [0.0049438082707876675, -0.00575749028504664]
	[-4.147494566594098, -4.147494566594098] [0.00757819107526787, -0.0004011915096875799]
	[-3.5084948528784445, -3.5084948528784445] [0.00584369109422997, -0.004841612231058194]
	[-3.5084948528784445, -3.5084948528784445] [0.00584369109422997, -0.004841612231058194]
	[-4.314842902212261, -4.314842902212261] [0.007539148905676863, 0.000866699705057251]
	[-4.314842902212261, -4.314842902212261] [0.007539148905676863, 0.000866699705057251]
	[-4.314842902212261, -4.314842902212261] [0.007539148905676863, 0.000866699705057251]
	[-4.314842902212261, -4.314842902212261] [0.007539148905676863, 0.000866699705057251]
	[-4.314842902212261, -4.314842902212261] [0.007539148905676863, 0.000866699705057251]
	[-4.526391714607343, -4.526391714607343] [0.007189092946746606, 0.0024304067979976462]
	[-4.546351249460461, -4.546351249460461] [0.007139154419622209, 0.0025734041216846732]
	[-3.6931237667432013, -3.6931237667432013] [0.006633206036722963, -0.0036865311981722094]
	[-3.6931237667432013, -3.6931237667432013] [0.006633206036722963, -0.0036865311981722094]
	[-3.6931237667432013, -3.6931237667432013] [0.006633206036722963, -0.0036865311981722094]
	[-3.6931237667432013, -3.6931237667432013] [0.006633206036722963, -0.0036865311981722094]
	[-3.4162137180840895, -3.4162137180840895] [0.005372671259455485, -0.005359509132237391]
	[-3.4162137180840895, -3.4162137180840895] [0.005372671259455485, -0.005359509132237391]
	[-4.18090759740117, -4.18090759740117] [0.0075873637366252215, -0.00014780436008298605]
	[-4.18090759740117, -4.18090759740117] [0.0075873637366252215, -0.00014780436008298605]
	[-4.093671295750375, -4.093671295750375] [0.007545633910561546, -0.0008082966587204558]
	[-4.093671295750375, -4.093671295750375] [0.007545633910561546, -0.0008082966587204558]
	[-4.961287479323431, -4.961287479323431] [0.0054959198186665505, 0.00523304881952225]
	[-5.066458749017254, -5.066458749017254] [0.004916200301971951, 0.005781082008725172]
	[-4.619496374867099, -4.619496374867099] [0.0069320007821594845, 0.003088251893362211]
	[-4.619496374867099, -4.619496374867099] [0.0069320007821594845, 0.003088251893362211]
	[-4.619496374867099, -4.619496374867099] [0.0069320007821594845, 0.003088251893362211]
	[-3.711621583131805, -3.711621583131805] [0.006700260118012759, -0.003563207677315853]
	[-2.81875636201533, -2.81875636201533] [0.0014270064505941312, -0.007453427881899557]
	[-3.7624348629257303, -3.7624348629257303] [0.006872592342365231, -0.003218292885425092]
	[-3.7624348629257303, -3.7624348629257303] [0.006872592342365231, -0.003218292885425092]
	[-3.129377818151573, -3.129377818151573] [0.0036368586479974463, -0.006660570078844691]
	[-3.129377818151573, -3.129377818151573] [0.0036368586479974463, -0.006660570078844691]
	[-4.019796756037835, -4.019796756037835] [0.007465395076582094, -0.0013630153892230355]
	[-4.019796756037835, -4.019796756037835] [0.007465395076582094, -0.0013630153892230355]
	[-4.019796756037835, -4.019796756037835] [0.007465395076582094, -0.0013630153892230355]
	[-4.019796756037835, -4.019796756037835] [0.007465395076582094, -0.0013630153892230355]
	[-4.502673576206277, -4.502673576206277] [0.007244710249384155, 0.002259227302239231]
	[-5.135558937715809, -5.135558937715809] [0.004505311916266643, 0.006106725729706612]
	[-5.135558937715809, -5.135558937715809] [0.004505311916266643, 0.006106725729706612]
	[-5.135558937715809, -5.135558937715809] [0.004505311916266643, 0.006106725729706612]
	[-4.518243479547378, -4.518243479547378] [0.007208657599446316, 0.00237174834555858]
	[-4.518243479547378, -4.518243479547378] [0.007208657599446316, 0.00237174834555858]
	[-4.518243479547378, -4.518243479547378] [0.007208657599446316, 0.00237174834555858]
	[-4.020190579930535, -4.020190579930535] [0.0074659312856634645, -0.0013600752326494597]
	[-4.580992909526525, -4.580992909526525] [0.0070457420342831395, 0.0028191228754793013]
	[-4.497622027281866, -4.497622027281866] [0.007256030362502477, 0.0022226016240336783]
	[-4.497622027281866, -4.497622027281866] [0.007256030362502477, 0.0022226016240336783]
	[-5.181288343626682, -5.181288343626682] [0.004221442410764256, 0.0063062951543133355]
