source:
	0.678853919853375,0.7633006997260141
target:
	0.06259772066202385,0.913917785034682
points:
	[0, 0] [-0.006162561991913513, 0.001506170853086679]
	[0, 0] [-0.006162561991913513, 0.001506170853086679]
	[0, 0] [-0.006162561991913513, 0.001506170853086679]
	[0, 0] [-0.006162561991913513, 0.001506170853086679]
	[0, 0] [-0.006162561991913513, 0.001506170853086679]
	[0, 0] [-0.006162561991913513, 0.001506170853086679]
	[0, 0] [-0.006162561991913513, 0.001506170853086679]
	[0, 0] [-0.006162561991913513, 0.001506170853086679]
	[0, 0] [-0.006162561991913513, 0.001506170853086679]
	[0, 0] [-0.006162561991913513, 0.001506170853086679]
	[-0.48909145769719464, -0.48909145769719464] [-0.006147699005370111, -0.001565732378868185]
	[-0.48909145769719464, -0.48909145769719464] [-0.006147699005370111, -0.001565732378868185]
	[-0.48909145769719464, -0.48909145769719464] [-0.006147699005370111, -0.001565732378868185]
	[-0.48909145769719464, -0.48909145769719464] [-0.006147699005370111, -0.001565732378868185]
	[-0.48909145769719464, -0.48909145769719464] [-0.006147699005370111, -0.001565732378868185]
	[-0.48909145769719464, -0.48909145769719464] [-0.006147699005370111, -0.001565732378868185]
	[-0.48909145769719464, -0.48909145769719464] [-0.006147699005370111, -0.001565732378868185]
	[-0.48909145769719464, -0.48909145769719464] [-0.006147699005370111, -0.001565732378868185]
	[-0.48909145769719464, -0.48909145769719464] [-0.006147699005370111, -0.001565732378868185]
	[-0.48909145769719464, -0.48909145769719464] [-0.006147699005370111, -0.001565732378868185]
	[0.24965715857795168, 0.24965715857795168] [-0.005599372937459191, 0.0029820703630388263]
	[0.24965715857795168, 0.24965715857795168] [-0.005599372937459191, 0.0029820703630388263]
	[0.24965715857795168, 0.24965715857795168] [-0.005599372937459191, 0.0029820703630388263]
	[0.24965715857795168, 0.24965715857795168] [-0.005599372937459191, 0.0029820703630388263]
	[0.24965715857795168, 0.24965715857795168] [-0.005599372937459191, 0.0029820703630388263]
	[0.24965715857795168, 0.24965715857795168] [-0.005599372937459191, 0.0029820703630388263]
	[0.03164947535469717, 0.03164947535469717] [-0.00611181420402027, 0.0017004258520738119]
	[0.03164947535469717, 0.03164947535469717] [-0.00611181420402027, 0.0017004258520738119]
	[-0.32943240638590354, -0.32943240638590354] [-0.006318432418495378, -0.000568447636789475]
	[-0.32943240638590354, -0.32943240638590354] [-0.006318432418495378, -0.000568447636789475]
	[-0.32943240638590354, -0.32943240638590354] [-0.006318432418495378, -0.000568447636789475]
	[-0.32943240638590354, -0.32943240638590354] [-0.006318432418495378, -0.000568447636789475]
	[-0.32943240638590354, -0.32943240638590354] [-0.006318432418495378, -0.000568447636789475]
	[-1.2782199597293105, -1.2782199597293105] [-0.0032195710911749275, -0.0054662677332651365]
	[-1.2782199597293105, -1.2782199597293105] [-0.0032195710911749275, -0.0054662677332651365]
	[-1.2782199597293105, -1.2782199597293105] [-0.0032195710911749275, -0.0054662677332651365]
	[-0.5455419804187708, -0.5455419804187708] [-0.006049566812596936, -0.0019100948465431303]
	[-0.5455419804187708, -0.5455419804187708] [-0.006049566812596936, -0.0019100948465431303]
	[-0.5455419804187708, -0.5455419804187708] [-0.006049566812596936, -0.0019100948465431303]
	[-0.5455419804187708, -0.5455419804187708] [-0.006049566812596936, -0.0019100948465431303]
	[-0.3552745613478452, -0.3552745613478452] [-0.006301634480755245, -0.0007315215744060237]
	[-1.1947278150532807, -1.1947278150532807] [-0.0036642162492028095, -0.005178729595368248]
	[-1.1947278150532807, -1.1947278150532807] [-0.0036642162492028095, -0.005178729595368248]
	[-0.974844395582483, -0.974844395582483] [-0.004705555502179012, -0.00425481707700551]
	[-0.974844395582483, -0.974844395582483] [-0.004705555502179012, -0.00425481707700551]
	[-0.974844395582483, -0.974844395582483] [-0.004705555502179012, -0.00425481707700551]
	[-0.5592619907325156, -0.5592619907325156] [-0.006022791741461348, -0.0019929125876088673]
	[-0.5592619907325156, -0.5592619907325156] [-0.006022791741461348, -0.0019929125876088673]
	[-0.5592619907325156, -0.5592619907325156] [-0.006022791741461348, -0.0019929125876088673]
	[-0.7944066408513846, -0.7944066408513846] [-0.005392732366395868, -0.0033412809770043753]
	[-0.7944066408513846, -0.7944066408513846] [-0.005392732366395868, -0.0033412809770043753]
