source:
	0.06013352734915456,0.6565341131277093
target:
	0.6778392795465813,0.7673460414903466
points:
	[0, 0] [0.006177057521974267, 0.0011081192836263733]
	[-0.603589927973615, -0.603589927973615] [0.005714562104538008, -0.0025937902632829904]
	[-0.603589927973615, -0.603589927973615] [0.005714562104538008, -0.0025937902632829904]
	[-0.603589927973615, -0.603589927973615] [0.005714562104538008, -0.0025937902632829904]
	[-0.6843290186940354, -0.6843290186940354] [0.0054867533613459085, -0.0030462280821177655]
	[-1.2922311324378914, -1.2922311324378914] [0.002763947622568586, -0.0056342312267265845]
	[-1.0449846236687905, -1.0449846236687905] [0.0040587902273345805, -0.004786459011316906]
	[-1.0449846236687905, -1.0449846236687905] [0.0040587902273345805, -0.004786459011316906]
	[-1.0449846236687905, -1.0449846236687905] [0.0040587902273345805, -0.004786459011316906]
	[-1.0449846236687905, -1.0449846236687905] [0.0040587902273345805, -0.004786459011316906]
	[-1.0449846236687905, -1.0449846236687905] [0.0040587902273345805, -0.004786459011316906]
	[-1.0449846236687905, -1.0449846236687905] [0.0040587902273345805, -0.004786459011316906]
	[-1.0449846236687905, -1.0449846236687905] [0.0040587902273345805, -0.004786459011316906]
	[-1.0449846236687905, -1.0449846236687905] [0.0040587902273345805, -0.004786459011316906]
	[-0.16626401219666975, -0.16626401219666975] [0.006275268274985382, 7.054114746371964e-05]
	[-0.16626401219666975, -0.16626401219666975] [0.006275268274985382, 7.054114746371964e-05]
	[-0.16626401219666975, -0.16626401219666975] [0.006275268274985382, 7.054114746371964e-05]
	[-0.6882144236740261, -0.6882144236740261] [0.005474876146382701, -0.0030675232938468795]
	[-0.6882144236740261, -0.6882144236740261] [0.005474876146382701, -0.0030675232938468795]
	[-1.5212404854704447, -1.5212404854704447] [0.0014127429209037459, -0.006114583012435096]
	[-0.5925351221057216, -0.5925351221057216] [0.005742886187191286, -0.002530459685015953]
	[0.14624583222862453, 0.14624583222862453] [0.005949637436746603, 0.0019964424228579233]
	[0.31282035635181843, 0.31282035635181843] [0.0055362649428347165, 0.0029552899112037746]
	[-0.46594958233710565, -0.46594958233710565] [0.0060164007099306185, -0.0017851863975702534]
	[-0.9429733755440166, -0.9429733755440166] [0.004525116297872702, -0.004348251426406982]
	[-0.9429733755440166, -0.9429733755440166] [0.004525116297872702, -0.004348251426406982]
	[-0.9429733755440166, -0.9429733755440166] [0.004525116297872702, -0.004348251426406982]
	[-1.6114098921840587, -1.6114098921840587] [0.0008564021411984812, -0.00621695611606469]
	[-1.5221701405673929, -1.5221701405673929] [0.001407057857971764, -0.006115893733612726]
	[-1.6037820983920659, -1.6037820983920659] [0.0009037984266053524, -0.0062102428600328665]
	[-0.823472690703716, -0.823472690703716] [0.005011227640531666, -0.00377777255949785]
	[-1.1080556192784115, -1.1080556192784115] [0.0037490334431302032, -0.005032764272128667]
	[-0.32145328560154396, -0.32145328560154396] [0.006210757280350654, -0.0009002566195784713]
	[-0.32145328560154396, -0.32145328560154396] [0.006210757280350654, -0.0009002566195784713]
	[-0.32145328560154396, -0.32145328560154396] [0.006210757280350654, -0.0009002566195784713]
	[-0.32145328560154396, -0.32145328560154396] [0.006210757280350654, -0.0009002566195784713]
	[-0.32145328560154396, -0.32145328560154396] [0.006210757280350654, -0.0009002566195784713]
	[-0.32145328560154396, -0.32145328560154396] [0.006210757280350654, -0.0009002566195784713]
	[-0.32145328560154396, -0.32145328560154396] [0.006210757280350654, -0.0009002566195784713]
	[-0.9514693157175271, -0.9514693157175271] [0.004488010945591079, -0.004386539151629468]
	[-0.9514693157175271, -0.9514693157175271] [0.004488010945591079, -0.004386539151629468]
	[-0.9122684207156695, -0.9122684207156695] [0.004656475224069358, -0.004207280174192317]
	[-0.9122684207156695, -0.9122684207156695] [0.004656475224069358, -0.004207280174192317]
	[-0.9122684207156695, -0.9122684207156695] [0.004656475224069358, -0.004207280174192317]
	[-1.0446901116028837, -1.0446901116028837] [0.004060199721221636, -0.00478526344105685]
	[-0.6398957769901079, -0.6398957769901079] [0.005616647222847388, -0.0027995074478565384]
	[-0.6398957769901079, -0.6398957769901079] [0.005616647222847388, -0.0027995074478565384]
	[-1.3634503009048502, -1.3634503009048502] [0.0023560148441799655, -0.005816628063623044]
	[-0.6678096437572121, -0.6678096437572121] [0.005536324234144855, -0.002955178835695716]
	[0.11164179828308785, 0.11164179828308785] [0.006015146802435557, 0.0017894068630897755]
	[0.8685254825132083, 0.8685254825132083] [0.003144174881346106, 0.005431218306424048]
	[1.3130905613916424, 1.3130905613916424] [0.00050277575535263, 0.0062554923480372905]
	[1.3130905613916424, 1.3130905613916424] [0.00050277575535263, 0.0062554923480372905]
