source:
	0.6040479925027387,0.8818590384006473
target:
	0.2545500524429537,0.6079096027434228
points:
	[0.20508056402224673, 0.20508056402224673] [-0.0028638534761186375, -0.003393825806905488]
	[0.20508056402224673, 0.20508056402224673] [-0.0028638534761186375, -0.003393825806905488]
	[0.20508056402224673, 0.20508056402224673] [-0.0028638534761186375, -0.003393825806905488]
	[0.7330375703659326, 0.7330375703659326] [-0.0007641994665613851, -0.004374438194282985]
	[1.2089938018355184, 1.2089938018355184] [0.0013250552334331733, -0.0042383887231642456]
	[1.2089938018355184, 1.2089938018355184] [0.0013250552334331733, -0.0042383887231642456]
	[1.5182028134750452, 1.5182028134750452] [0.0025519778857018144, -0.003634160042043193]
	[1.304009692671205, 1.304009692671205] [0.001721187021423717, -0.004093559035555373]
	[1.304009692671205, 1.304009692671205] [0.001721187021423717, -0.004093559035555373]
	[0.34811950316344364, 0.34811950316344364] [-0.0023508104330640443, -0.003767412991442766]
	[0.34811950316344364, 0.34811950316344364] [-0.0023508104330640443, -0.003767412991442766]
	[0.3674500680482883, 0.3674500680482883] [-0.0022775495463458846, -0.0038121487909359127]
	[0.482109815434793, 0.482109815434793] [-0.0018264517333164284, -0.004047688773381656]
	[0.482109815434793, 0.482109815434793] [-0.0018264517333164284, -0.004047688773381656]
	[0.12037022208497472, 0.12037022208497472] [-0.003140732773945075, -0.003139348337308518]
	[-0.2627033866702991, -0.2627033866702991] [-0.004086496896840147, -0.0017378876409049982]
	[-0.4955657704021924, -0.4955657704021924] [-0.00437724292008286, -0.0007479670840879062]
	[-0.4955657704021924, -0.4955657704021924] [-0.00437724292008286, -0.0007479670840879062]
	[-0.4955657704021924, -0.4955657704021924] [-0.00437724292008286, -0.0007479670840879062]
	[-0.4955657704021924, -0.4955657704021924] [-0.00437724292008286, -0.0007479670840879062]
	[-0.9613765664613377, -0.9613765664613377] [-0.004246828800416093, 0.001297750160951983]
	[-1.5905653409166853, -1.5905653409166853] [-0.0026698712609010316, 0.0035484500546730576]
	[-1.195480998310135, -1.195480998310135] [-0.003829944213000508, 0.002247495865535331]
	[-1.4877015113749494, -1.4877015113749494] [-0.0030201226145560307, 0.0032555444603540175]
	[-2.2737207048934787, -2.2737207048934787] [0.0001692242139374717, 0.004437462507527442]
	[-2.2737207048934787, -2.2737207048934787] [0.0001692242139374717, 0.004437462507527442]
	[-2.2737207048934787, -2.2737207048934787] [0.0001692242139374717, 0.004437462507527442]
	[-2.2737207048934787, -2.2737207048934787] [0.0001692242139374717, 0.004437462507527442]
	[-2.8725953708625305, -2.8725953708625305] [0.002641231010735138, 0.003569819195453115]
	[-2.8725953708625305, -2.8725953708625305] [0.002641231010735138, 0.003569819195453115]
	[-2.3011386134642975, -2.3011386134642975] [0.000290811309802298, 0.004431155506454897]
	[-2.8957122484702573, -2.8957122484702573] [0.0027230410421036906, 0.003507813823924145]
	[-2.8957122484702573, -2.8957122484702573] [0.0027230410421036906, 0.003507813823924145]
	[-3.7964546620645905, -3.7964546620645905] [0.004440468429767294, 4.416406383550332e-05]
	[-3.7964546620645905, -3.7964546620645905] [0.004440468429767294, 4.416406383550332e-05]
	[-3.2295132037827057, -3.2295132037827057] [0.0037220276289063655, 0.0024220282141115003]
	[-3.2295132037827057, -3.2295132037827057] [0.0037220276289063655, 0.0024220282141115003]
	[-2.8073257728894943, -2.8073257728894943] [0.002402771762839261, 0.0037344876751700218]
	[-3.381115367687964, -3.381115367687964] [0.004045117222947649, 0.0018321400036314867]
	[-3.2670669812713444, -3.2670669812713444] [0.003810338306293385, 0.0022805771927053345]
	[-2.914288724923486, -2.914288724923486] [0.0027877302878323656, 0.003456626995004894]
	[-3.688000241084296, -3.688000241084296] [0.004409598416847643, 0.0005245494661414206]
