source:
	0.5918974340812877,0.23206402227231637
target:
	0.41648804704010833,0.8634328389698807
points:
	[-0.5036059087284344, -0.5036059087284344] [-0.0045832229599058255, 0.004683329037748316]
	[-0.5036059087284344, -0.5036059087284344] [-0.0045832229599058255, 0.004683329037748316]
	[0.14932452048126654, 0.14932452048126654] [-0.0007952852783383332, 0.00650438505180027]
	[-0.6075034031395515, -0.6075034031395515] [-0.005044219170945616, 0.0041827450952083125]
	[-0.6075034031395515, -0.6075034031395515] [-0.005044219170945616, 0.0041827450952083125]
	[-0.6075034031395515, -0.6075034031395515] [-0.005044219170945616, 0.0041827450952083125]
	[-0.6075034031395515, -0.6075034031395515] [-0.005044219170945616, 0.0041827450952083125]
	[-0.6075034031395515, -0.6075034031395515] [-0.005044219170945616, 0.0041827450952083125]
	[-0.6075034031395515, -0.6075034031395515] [-0.005044219170945616, 0.0041827450952083125]
	[-0.6075034031395515, -0.6075034031395515] [-0.005044219170945616, 0.0041827450952083125]
	[-0.6075034031395515, -0.6075034031395515] [-0.005044219170945616, 0.0041827450952083125]
	[-0.6075034031395515, -0.6075034031395515] [-0.005044219170945616, 0.0041827450952083125]
	[-0.6075034031395515, -0.6075034031395515] [-0.005044219170945616, 0.0041827450952083125]
	[-0.6075034031395515, -0.6075034031395515] [-0.005044219170945616, 0.0041827450952083125]
	[-0.17415421288552718, -0.17415421288552718] [-0.0028215660934471217, 0.005914242838803123]
	[-0.17415421288552718, -0.17415421288552718] [-0.0028215660934471217, 0.005914242838803123]
	[0.2106625036183688, 0.2106625036183688] [-0.0003950739443467067, 0.006540903619112791]
	[0.2106625036183688, 0.2106625036183688] [-0.0003950739443467067, 0.006540903619112791]
	[0.2106625036183688, 0.2106625036183688] [-0.0003950739443467067, 0.006540903619112791]
	[0.2106625036183688, 0.2106625036183688] [-0.0003950739443467067, 0.006540903619112791]
	[0.2106625036183688, 0.2106625036183688] [-0.0003950739443467067, 0.006540903619112791]
	[0.2106625036183688, 0.2106625036183688] [-0.0003950739443467067, 0.006540903619112791]
	[1.142102835977751, 1.142102835977751] [0.005013213338045889, 0.004219857296552014]
	[1.142102835977751, 1.142102835977751] [0.005013213338045889, 0.004219857296552014]
	[1.8536359986551998, 1.8536359986551998] [0.006552364019342476, -7.76487865365368e-05]
	[1.6368869837834172, 1.6368869837834172] [0.006415749008327828, 0.0013332922553457532]
	[1.6368869837834172, 1.6368869837834172] [0.006415749008327828, 0.0013332922553457532]
	[1.6368869837834172, 1.6368869837834172] [0.006415749008327828, 0.0013332922553457532]
	[1.6368869837834172, 1.6368869837834172] [0.006415749008327828, 0.0013332922553457532]
	[1.4450299823956123, 1.4450299823956123] [0.006043796724707176, 0.00253219760809525]
	[1.4450299823956123, 1.4450299823956123] [0.006043796724707176, 0.00253219760809525]
	[2.184989854275538, 2.184989854275538] [0.006170672583548004, -0.00220506313802428]
	[2.184989854275538, 2.184989854275538] [0.006170672583548004, -0.00220506313802428]
	[3.1293139164944392, 3.1293139164944392] [0.001831483811101437, -0.006291674707555837]
	[3.1293139164944392, 3.1293139164944392] [0.001831483811101437, -0.006291674707555837]
	[3.1293139164944392, 3.1293139164944392] [0.001831483811101437, -0.006291674707555837]
	[3.1293139164944392, 3.1293139164944392] [0.001831483811101437, -0.006291674707555837]
	[3.1293139164944392, 3.1293139164944392] [0.001831483811101437, -0.006291674707555837]
	[3.1293139164944392, 3.1293139164944392] [0.001831483811101437, -0.006291674707555837]
	[3.1293139164944392, 3.1293139164944392] [0.001831483811101437, -0.006291674707555837]
	[3.1293139164944392, 3.1293139164944392] [0.001831483811101437, -0.006291674707555837]
	[3.1293139164944392, 3.1293139164944392] [0.001831483811101437, -0.006291674707555837]
	[3.1293139164944392, 3.1293139164944392] [0.001831483811101437, -0.006291674707555837]
	[2.8068369464293057, 2.8068369464293057] [0.0037310144752507935, -0.0053869318318959195]
	[2.8068369464293057, 2.8068369464293057] [0.0037310144752507935, -0.0053869318318959195]
	[2.8068369464293057, 2.8068369464293057] [0.0037310144752507935, -0.0053869318318959195]
	[2.8068369464293057, 2.8068369464293057] [0.0037310144752507935, -0.0053869318318959195]
	[2.4964594598692056, 2.4964594598692056] [0.0051980069614669866, -0.003990015940389865]
	[2.932454147673019, 2.932454147673019] [0.0030267030128955496, -0.005811933623825506]
	[2.932454147673019, 2.932454147673019] [0.0030267030128955496, -0.005811933623825506]
	[2.686956604263256, 2.686956604263256] [0.004348478352308706, -0.004902064829796424]
	[2.940760636349899, 2.940760636349899] [0.0029783223899664452, -0.005836874104985393]
	[2.3316123574508048, 2.3316123574508048] [0.005782307592821983, -0.003082924338678737]
	[2.3316123574508048, 2.3316123574508048] [0.005782307592821983, -0.003082924338678737]
	[2.8343036417228693, 2.8343036417228693] [0.003581664577207853, -0.005487365709737139]
	[2.8343036417228693, 2.8343036417228693] [0.003581664577207853, -0.005487365709737139]
	[2.964204509787162, 2.964204509787162] [0.00284067755848434, -0.005905087178420649]
	[2.964204509787162, 2.964204509787162] [0.00284067755848434, -0.005905087178420649]
	[2.6840393054084983, 2.6840393054084983] [0.004362760616000129, -0.004889358177051733]
	[2.6840393054084983, 2.6840393054084983] [0.004362760616000129, -0.004889358177051733]
	[2.6840393054084983, 2.6840393054084983] [0.004362760616000129, -0.004889358177051733]
	[2.6840393054084983, 2.6840393054084983] [0.004362760616000129, -0.004889358177051733]
	[3.4566349692892357, 3.4566349692892357] [-0.00028857550664140917, -0.006546466814472607]
