source:
	0.02075763627729099,0.6245894287052235
target:
	0.9508353862884519,0.9080360681428051
points:
	[0, 0] [0.00930077750011161, 0.0028344663943758166]
	[0, 0] [0.00930077750011161, 0.0028344663943758166]
	[0, 0] [0.00930077750011161, 0.0028344663943758166]
	[0, 0] [0.00930077750011161, 0.0028344663943758166]
	[0, 0] [0.00930077750011161, 0.0028344663943758166]
	[0, 0] [0.00930077750011161, 0.0028344663943758166]
	[0, 0] [0.00930077750011161, 0.0028344663943758166]
	[0, 0] [0.00930077750011161, 0.0028344663943758166]
	[0, 0] [0.00930077750011161, 0.0028344663943758166]
	[0, 0] [0.00930077750011161, 0.0028344663943758166]
	[0, 0] [0.00930077750011161, 0.0028344663943758166]
	[0.28669493076313884, 0.28669493076313884] [0.008119613843105888, 0.005348881461228263]
	[0.42684969445440984, 0.42684969445440984] [0.007292776778022298, 0.006430712924191757]
	[0.42684969445440984, 0.42684969445440984] [0.007292776778022298, 0.006430712924191757]
	[0.42684969445440984, 0.42684969445440984] [0.007292776778022298, 0.006430712924191757]
	[0.42684969445440984, 0.42684969445440984] [0.007292776778022298, 0.006430712924191757]
	[0.42684969445440984, 0.42684969445440984] [0.007292776778022298, 0.006430712924191757]
	[0.42684969445440984, 0.42684969445440984] [0.007292776778022298, 0.006430712924191757]
	[0.11061508902199485, 0.11061508902199485] [0.008931038985358108, 0.0038438528183896187]
	[-0.4465102128846415, -0.4465102128846415] [0.009612905880587644, -0.001459692562970597]
	[-0.4465102128846415, -0.4465102128846415] [0.009612905880587644, -0.001459692562970597]
	[0.4569194579246448, 0.4569194579246448] [0.0070961391187322875, 0.006647064875193075]
	[1.0048403713822096, 1.0048403713822096] [0.002594784308021817, 0.009370472573049446]
	[1.0048403713822096, 1.0048403713822096] [0.002594784308021817, 0.009370472573049446]
	[1.0048403713822096, 1.0048403713822096] [0.002594784308021817, 0.009370472573049446]
	[1.588876146381315, 1.588876146381315] [-0.0030021503601919525, 0.009248013573856146]
	[1.1014736412980688, 1.1014736412980688] [0.0016785878931176832, 0.009577108359651514]
	[1.1014736412980688, 1.1014736412980688] [0.0016785878931176832, 0.009577108359651514]
	[1.1014736412980688, 1.1014736412980688] [0.0016785878931176832, 0.009577108359651514]
	[1.1014736412980688, 1.1014736412980688] [0.0016785878931176832, 0.009577108359651514]
	[1.1014736412980688, 1.1014736412980688] [0.0016785878931176832, 0.009577108359651514]
	[1.1014736412980688, 1.1014736412980688] [0.0016785878931176832, 0.009577108359651514]
	[1.1014736412980688, 1.1014736412980688] [0.0016785878931176832, 0.009577108359651514]
	[0.4587744348208106, 0.4587744348208106] [0.007083796765344275, 0.006660216605691304]
	[-0.026349647666895182, -0.026349647666895182] [0.00937222745223885, 0.0025884386086845275]
	[-0.026349647666895182, -0.026349647666895182] [0.00937222745223885, 0.0025884386086845275]
	[-0.026349647666895182, -0.026349647666895182] [0.00937222745223885, 0.0025884386086845275]
	[-0.026349647666895182, -0.026349647666895182] [0.00937222745223885, 0.0025884386086845275]
	[-0.026349647666895182, -0.026349647666895182] [0.00937222745223885, 0.0025884386086845275]
	[-0.026349647666895182, -0.026349647666895182] [0.00937222745223885, 0.0025884386086845275]
	[-0.08844637776952842, -0.08844637776952842] [0.009514793880502947, 0.0020018389692909497]
	[0.4738141719397017, 0.4738141719397017] [0.006982831494649114, 0.006765997795208375]
	[0.4738141719397017, 0.4738141719397017] [0.006982831494649114, 0.006765997795208375]
	[0.4738141719397017, 0.4738141719397017] [0.006982831494649114, 0.006765997795208375]
	[0.4738141719397017, 0.4738141719397017] [0.006982831494649114, 0.006765997795208375]
	[0.23545273791707608, 0.23545273791707608] [0.008382924569988877, 0.004925975791790391]
	[0.9307856465967896, 0.9307856465967896] [0.003280966207404443, 0.009152809546434269]
	[0.9307856465967896, 0.9307856465967896] [0.003280966207404443, 0.009152809546434269]
	[0.9307856465967896, 0.9307856465967896] [0.003280966207404443, 0.009152809546434269]
	[0.9307856465967896, 0.9307856465967896] [0.003280966207404443, 0.009152809546434269]
	[0.9307856465967896, 0.9307856465967896] [0.003280966207404443, 0.009152809546434269]
	[1.8287985119637282, 1.8287985119637282] [-0.005113737766953979, 0.008269724777660786]
	[1.8287985119637282, 1.8287985119637282] [-0.005113737766953979, 0.008269724777660786]
	[2.3244487220263013, 2.3244487220263013] [-0.008431460621062906, 0.004842430551168877]
	[2.3244487220263013, 2.3244487220263013] [-0.008431460621062906, 0.004842430551168877]
	[2.2304946973714133, 2.2304946973714133] [-0.00793997744712213, 0.005612078045307291]
	[3.143371957183917, 3.143371957183917] [-0.009295719403769007, -0.0028510108056302684]
	[2.8779343847239693, 2.8779343847239693] [-0.009718072956734589, -0.0003126017514538814]
	[2.8779343847239693, 2.8779343847239693] [-0.009718072956734589, -0.0003126017514538814]
	[2.8779343847239693, 2.8779343847239693] [-0.009718072956734589, -0.0003126017514538814]
	[2.8779343847239693, 2.8779343847239693] [-0.009718072956734589, -0.0003126017514538814]
	[2.8779343847239693, 2.8779343847239693] [-0.009718072956734589, -0.0003126017514538814]
	[2.8779343847239693, 2.8779343847239693] [-0.009718072956734589, -0.0003126017514538814]
	[2.7926763982239406, 2.7926763982239406] [-0.009709393897575452, 0.0005160736276470255]
	[2.7926763982239406, 2.7926763982239406] [-0.009709393897575452, 0.0005160736276470255]
	[2.7926763982239406, 2.7926763982239406] [-0.009709393897575452, 0.0005160736276470255]
	[2.706978545747027, 2.706978545747027] [-0.009629589938787904, 0.001345235837399137]
	[2.706978545747027, 2.706978545747027] [-0.009629589938787904, 0.001345235837399137]
	[2.905220945884468, 2.905220945884468] [-0.009705926586037437, -0.0005776252711575331]
	[2.905220945884468, 2.905220945884468] [-0.009705926586037437, -0.0005776252711575331]
	[2.905220945884468, 2.905220945884468] [-0.009705926586037437, -0.0005776252711575331]
	[3.1402971190355267, 3.1402971190355267] [-0.009304441842984328, -0.0028224145404158077]
	[4.063031861554624, 4.063031861554624] [-0.0033663678297920874, -0.00912174487047128]
	[4.063031861554624, 4.063031861554624] [-0.0033663678297920874, -0.00912174487047128]
	[4.063031861554624, 4.063031861554624] [-0.0033663678297920874, -0.00912174487047128]
	[3.76660970543789, 3.76660970543789] [-0.0058840169869143226, -0.0077406075953462385]
	[3.76660970543789, 3.76660970543789] [-0.0058840169869143226, -0.0077406075953462385]
	[3.76660970543789, 3.76660970543789] [-0.0058840169869143226, -0.0077406075953462385]
	[3.76660970543789, 3.76660970543789] [-0.0058840169869143226, -0.0077406075953462385]
	[3.76660970543789, 3.76660970543789] [-0.0058840169869143226, -0.0077406075953462385]
	[3.76660970543789, 3.76660970543789] [-0.0058840169869143226, -0.0077406075953462385]
	[3.76660970543789, 3.76660970543789] [-0.0058840169869143226, -0.0077406075953462385]
	[3.76660970543789, 3.76660970543789] [-0.0058840169869143226, -0.0077406075953462385]
	[3.76660970543789, 3.76660970543789] [-0.0058840169869143226, -0.0077406075953462385]
	[3.1786099472808704, 3.1786099472808704] [-0.009189505578875748, -0.0031767355985728]
	[3.1786099472808704, 3.1786099472808704] [-0.009189505578875748, -0.0031767355985728]
	[3.1786099472808704, 3.1786099472808704] [-0.009189505578875748, -0.0031767355985728]
	[3.1786099472808704, 3.1786099472808704] [-0.009189505578875748, -0.0031767355985728]
	[3.1786099472808704, 3.1786099472808704] [-0.009189505578875748, -0.0031767355985728]
