source:
	0.5705156252361943,0.26806755638118407
target:
	0.8988992243496294,0.6055454135104543
points:
	[0.22291135785493152, 0.22291135785493152] [0.0024565253251578358, 0.004017236929630108]
	[0.053473208154390356, 0.053473208154390356] [0.0030987679872415096, 0.0035454684010963844]
	[-0.3118615715651515, -0.3118615715651515] [0.00416092347662205, 0.0022044103618929977]
	[0.40904342615380496, 0.40904342615380496] [0.001670668181230509, 0.004402451254715911]
	[0.4314499386184929, 0.4314499386184929] [0.0015716134927015464, 0.004438776886878208]
	[1.3582916887165917, 1.3582916887165917] [-0.002606275299061499, 0.003921739191663266]
	[0.7451831877815942, 0.7451831877815942] [0.00012504108599970144, 0.004707130118101449]
	[1.2211252851200047, 1.2211252851200047] [-0.0020455500545422073, 0.004241277425055819]
	[1.2211252851200047, 1.2211252851200047] [-0.0020455500545422073, 0.004241277425055819]
	[1.2211252851200047, 1.2211252851200047] [-0.0020455500545422073, 0.004241277425055819]
	[0.35033856875276104, 0.35033856875276104] [0.0019260870829415618, 0.004296847422337849]
	[-0.555704731324377, -0.555704731324377] [0.0045700513424726105, 0.0011346100427415764]
	[-0.555704731324377, -0.555704731324377] [0.0045700513424726105, 0.0011346100427415764]
	[-0.555704731324377, -0.555704731324377] [0.0045700513424726105, 0.0011346100427415764]
	[-0.6010780865271989, -0.6010780865271989] [0.004616811274566, 0.0009261548882157951]
	[0.0011277781646580332, 0.0011277781646580332] [0.00328002790202956, 0.0033784798628722526]
	[0.0011277781646580332, 0.0011277781646580332] [0.00328002790202956, 0.0033784798628722526]
	[-0.21914040392243722, -0.21914040392243722] [0.003938947353934357, 0.00258019436571342]
	[-0.21914040392243722, -0.21914040392243722] [0.003938947353934357, 0.00258019436571342]
	[0.1985568657676392, 0.1985568657676392] [0.002553624921239615, 0.003956224081564355]
	[0.052657812638180895, 0.052657812638180895] [0.0031016579158196314, 0.003542940501216352]
	[0.46459041639692644, 0.46459041639692644] [0.001423674265763406, 0.004488414063667564]
	[0.4261560259800398, 0.4261560259800398] [0.001595089857418654, 0.004430394741858324]
	[0.47741134094961113, 0.47741134094961113] [0.0013660132167862293, 0.004506297495005305]
	[-0.29349137871767184, -0.29349137871767184] [0.004119728249580604, 0.002280471085441181]
	[0.002918111741541829, 0.002918111741541829] [0.0032739740425975017, 0.0033843467893115682]
	[-0.7568616490772453, -0.7568616490772453] [0.004704599734985629, 0.00019862163904997554]
	[-0.7568616490772453, -0.7568616490772453] [0.004704599734985629, 0.00019862163904997554]
	[-0.7568616490772453, -0.7568616490772453] [0.004704599734985629, 0.00019862163904997554]
	[-0.19752906167550532, -0.19752906167550532] [0.0038822704237939883, 0.002664711162295118]
	[0.6847690507674673, 0.6847690507674673] [0.00040901720926219174, 0.004690992874056953]
	[0.005819683232963779, 0.005819683232963779] [0.003264140350239939, 0.0033938321991314234]
	[-0.2702918581927605, -0.2702918581927605] [0.004065718553793803, 0.0023754245648436355]
	[-0.03250389412030677, -0.03250389412030677] [0.0033917755834844392, 0.003266277332561419]
	[0.3304335808496882, 0.3304335808496882] [0.0020112285776690856, 0.004257660018166427]
	[1.0775830393932622, 1.0775830393932622] [-0.0014177985990537427, 0.0044902735277983895]
	[1.8845391498281145, 1.8845391498281145] [-0.004223499608985307, 0.0020820087115155663]
	[2.376889353357735, 2.376889353357735] [-0.004706012594939281, -0.00016172408045372487]
	[2.376889353357735, 2.376889353357735] [-0.004706012594939281, -0.00016172408045372487]
	[2.6093238900266984, 2.6093238900266984] [-0.004542208111620228, -0.0012413922396475481]
