source:
	0.490682467207754,0.24964121452639787
target:
	0.8449647937944823,0.062430504436887024
points:
	[-0.8728018422663282, -0.8728018422663282] [0.0037111928273219435, 0.0015111020775667567]
	[-1.7371812435845495, -1.7371812435845495] [0.0012594968806139684, 0.00380395180018308]
	[-1.7371812435845495, -1.7371812435845495] [0.0012594968806139684, 0.00380395180018308]
	[-2.1679794334980533, -2.1679794334980533] [-0.00044409573070229076, 0.0039823561709576415]
	[-2.1679794334980533, -2.1679794334980533] [-0.00044409573070229076, 0.0039823561709576415]
	[-2.1679794334980533, -2.1679794334980533] [-0.00044409573070229076, 0.0039823561709576415]
	[-2.5239569548908776, -2.5239569548908776] [-0.0018041317903899473, 0.0035779170159880415]
	[-2.654302548077004, -2.654302548077004] [-0.0022538736484391912, 0.003313070368595243]
	[-3.3239428088347798, -3.3239428088347798] [-0.0038235743318705204, 0.0011986079505214864]
	[-3.185086369008625, -3.185086369008625] [-0.003620872032843502, 0.0017162946752129064]
	[-3.185086369008625, -3.185086369008625] [-0.003620872032843502, 0.0017162946752129064]
	[-4.138420122089441, -4.138420122089441] [-0.003495750683594684, -0.001958598695123559]
	[-4.2101192542403965, -4.2101192542403965] [-0.0033464595767911626, -0.0022039940996507056]
	[-4.2101192542403965, -4.2101192542403965] [-0.0033464595767911626, -0.0022039940996507056]
	[-4.329658765586652, -4.329658765586652] [-0.0030597407374957537, -0.0025873477365250595]
	[-3.98069971924147, -3.98069971924147] [-0.003759992910535409, -0.0013852202002266171]
	[-4.831075326157655, -4.831075326157655] [-0.0014394386488642585, -0.0037395719095303205]
	[-4.908378036102197, -4.908378036102197] [-0.0011463487369837702, -0.003839565895203275]
	[-4.427611066249114, -4.427611066249114] [-0.0027920423094574148, -0.002874174913360722]
	[-4.627013193749204, -4.627013193749204] [-0.0021673923302048762, -0.003370280726788421]
	[-4.9556302337883125, -4.9556302337883125] [-0.0009637087886751257, -0.0038894276006917433]
	[-4.1008376715526635, -4.1008376715526635] [-0.0035668738158499544, -0.001825867703914059]
	[-3.421563527165975, -3.421563527165975] [-0.00392219304987351, 0.0008202337288336439]
	[-4.326728363028071, -4.326728363028071] [-0.0030673095596874906, -0.0025783703681670996]
	[-3.7263595992444944, -3.7263595992444944] [-0.003987563035227713, -0.00039461719485846253]
	[-4.288326059853219, -4.288326059853219] [-0.003164039125786147, -0.0024587065910528735]
	[-3.82708512520775, -3.82708512520775] [-0.003927671111889724, -0.0007935876304601451]
	[-4.005524142063071, -4.005524142063071] [-0.003724450658327086, -0.0014781234671296395]
	[-4.445437230834393, -4.445437230834393] [-0.002740365903010566, -0.00292348702887656]
	[-4.445437230834393, -4.445437230834393] [-0.002740365903010566, -0.00292348702887656]
	[-3.606185052823428, -3.606185052823428] [-0.004006112514000383, 8.627986765138197e-05]
	[-3.3067801957047696, -3.3067801957047696] [-0.0038024409840016118, 0.0012640507322007539]
	[-3.498498365526549, -3.498498365526549] [-0.003973633419418192, 0.0005163517584702282]
	[-3.966188216780415, -3.966188216780415] [-0.003779697941705991, -0.0013305131190093197]
	[-3.966188216780415, -3.966188216780415] [-0.003779697941705991, -0.0013305131190093197]
	[-3.9297047968924064, -3.9297047968924064] [-0.003825713657293978, -0.0011917620160026684]
	[-3.7623471263117962, -3.7623471263117962] [-0.003970782931430779, -0.0005378332472527119]
	[-3.7623471263117962, -3.7623471263117962] [-0.003970782931430779, -0.0005378332472527119]
	[-3.5554476716007044, -3.5554476716007044] [-0.003996581452131162, 0.000289341298251015]
	[-3.5554476716007044, -3.5554476716007044] [-0.003996581452131162, 0.000289341298251015]
	[-2.8974169693041953, -2.8974169693041953] [-0.0029851381399810402, 0.0026730753778415875]
	[-3.1268793761385063, -3.1268793761385063] [-0.003514895959265272, 0.001924029128140495]
