source:
	0.11280710759868018,0.8326365042775639
target:
	0.6145536929024163,0.5029912930840533
points:
	[0.6995603380088993, 0.6995603380088993] [0.0017164662781080575, -0.005752851782272444]
	[0.6995603380088993, 0.6995603380088993] [0.0017164662781080575, -0.005752851782272444]
	[0.6995603380088993, 0.6995603380088993] [0.0017164662781080575, -0.005752851782272444]
	[0.6995603380088993, 0.6995603380088993] [0.0017164662781080575, -0.005752851782272444]
	[1.3911171569940486, 1.3911171569940486] [-0.0023466918156482765, -0.005525811943510813]
	[1.1629870179509916, 1.1629870179509916] [-0.0010361930098905488, -0.0059133631851029855]
	[1.1629870179509916, 1.1629870179509916] [-0.0010361930098905488, -0.0059133631851029855]
	[0.9744091788899527, 0.9744091788899527] [9.070849221182021e-05, -0.0060027770308514715]
	[0.9744091788899527, 0.9744091788899527] [9.070849221182021e-05, -0.0060027770308514715]
	[0.7885431138339929, 0.7885431138339929] [0.0011984458771608956, -0.005882625909591176]
	[0.7885431138339929, 0.7885431138339929] [0.0011984458771608956, -0.005882625909591176]
	[-0.07468041651895596, -0.07468041651895596] [0.005249432387232704, -0.002912905718445022]
	[-0.2894697564687274, -0.2894697564687274] [0.005749668766150786, -0.001727098489440442]
	[0.22060678613908236, 0.22060678613908236] [0.00417453142047383, -0.004314492731730361]
	[-0.5455401527965015, -0.5455401527965015] [0.0059996291290333875, -0.00021450041196100777]
	[-1.0866204774299972, -1.0866204774299972] [0.005253079664524318, 0.002906323132557431]
	[-0.2866456796677932, -0.2866456796677932] [0.005744768385890105, -0.0017433290868780196]
	[0.6423015921097878, 0.6423015921097878] [0.0020428743886755337, -0.005645194801312965]
	[0.6423015921097878, 0.6423015921097878] [0.0020428743886755337, -0.005645194801312965]
	[0.6423015921097878, 0.6423015921097878] [0.0020428743886755337, -0.005645194801312965]
	[0.6423015921097878, 0.6423015921097878] [0.0020428743886755337, -0.005645194801312965]
	[0.6423015921097878, 0.6423015921097878] [0.0020428743886755337, -0.005645194801312965]
	[0.6423015921097878, 0.6423015921097878] [0.0020428743886755337, -0.005645194801312965]
	[0.6423015921097878, 0.6423015921097878] [0.0020428743886755337, -0.005645194801312965]
	[0.6423015921097878, 0.6423015921097878] [0.0020428743886755337, -0.005645194801312965]
	[-0.08746507663098135, -0.08746507663098135] [0.005286242884764943, -0.0028455572874130277]
	[-0.29026045356084795, -0.29026045356084795] [0.005751032580410095, -0.0017225517036475175]
	[-0.29026045356084795, -0.29026045356084795] [0.005751032580410095, -0.0017225517036475175]
	[0.15599877771972337, 0.15599877771972337] [0.00444437869370291, -0.004035970532553101]
	[0.19655144497799765, 0.19655144497799765] [0.0042771002480848945, -0.00421283438797557]
	[-0.027298249627119298, -0.027298249627119298] [0.0051055726720228775, -0.0031582729146434653]
	[-0.027298249627119298, -0.027298249627119298] [0.0051055726720228775, -0.0031582729146434653]
	[0.5193635059367101, 0.5193635059367101] [0.0027197186345562824, -0.0053520734917903235]
	[0.5193635059367101, 0.5193635059367101] [0.0027197186345562824, -0.0053520734917903235]
	[1.0280026559546824, 1.0280026559546824] [-0.000230977455387149, -0.005999017380186545]
	[1.1775415748033609, 1.1775415748033609] [-0.0011221466028413741, -0.005897656069525327]
	[1.1775415748033609, 1.1775415748033609] [-0.0011221466028413741, -0.005897656069525327]
	[1.6669175083845433, 1.6669175083845433] [-0.003762777837337367, -0.004677933631371878]
	[0.9331436584479809, 0.9331436584479809] [0.00033826869502958344, -0.005993924791206537]
	[1.1120347830855741, 1.1120347830855741] [-0.000733679536686456, -0.0059584624233207095]
	[1.4758418795895776, 1.4758418795895776] [-0.002805887221376246, -0.005307405864788828]
	[1.6287527689026797, 1.6287527689026797] [-0.0035815490564847148, -0.004818097806050726]
	[0.786656261313452, 0.786656261313452] [0.0012095433847393003, -0.005880354148613054]
	[0.5626829414211466, 0.5626829414211466] [0.0024853908620642755, -0.0054648323282096]
	[0.4426012858248982, 0.4426012858248982] [0.0031221433713834036, -0.0051277461794831496]
	[-0.433648765279976, -0.433648765279976] [0.005938160869903625, -0.0008830660200816173]
	[-0.08500435498629277, -0.08500435498629277] [0.005279224762931686, -0.002858556631435916]
	[-0.08500435498629277, -0.08500435498629277] [0.005279224762931686, -0.002858556631435916]
	[0.24035177040343003, 0.24035177040343003] [0.004088533640503538, -0.004396072426967991]
	[0.24035177040343003, 0.24035177040343003] [0.004088533640503538, -0.004396072426967991]
