source:
	0.7937789102097708,0.5899278226098721
target:
	0.056902941880862645,0.19753041666604088
points:
	[-0.09376342132546346, -0.09376342132546346] [-0.007703778252915572, -0.0032168295446163265]
	[-0.09376342132546346, -0.09376342132546346] [-0.007703778252915572, -0.0032168295446163265]
	[-0.09376342132546346, -0.09376342132546346] [-0.007703778252915572, -0.0032168295446163265]
	[0.06392118730195627, 0.06392118730195627] [-0.007103056426547757, -0.004386659445465307]
	[-0.008507886888505026, -0.008507886888505026] [-0.007401877318932499, -0.003861140225980408]
	[-0.11430546450183424, -0.11430546450183424] [-0.007768228511205194, -0.0030579106407660284]
	[0.20301273726802235, 0.20301273726802235] [-0.006426275834207157, -0.005329087219392876]
	[-0.06107165457391059, -0.06107165457391059] [-0.007594516797013886, -0.003466915965102893]
	[0.8141897836965497, 0.8141897836965497] [-0.002204947563734565, -0.008051980994164877]
	[1.0340853621632848, 1.0340853621632848] [-0.0003954927046266242, -0.008339051337520264]
	[0.7943419325665617, 0.7943419325665617] [-0.0023643173000295905, -0.008006634461119863]
	[0.7943419325665617, 0.7943419325665617] [-0.0023643173000295905, -0.008006634461119863]
	[0.7943419325665617, 0.7943419325665617] [-0.0023643173000295905, -0.008006634461119863]
	[0.7943419325665617, 0.7943419325665617] [-0.0023643173000295905, -0.008006634461119863]
	[1.4293375968912823, 1.4293375968912823] [0.0028458765602356016, -0.007848386986707074]
	[1.4293375968912823, 1.4293375968912823] [0.0028458765602356016, -0.007848386986707074]
	[1.4293375968912823, 1.4293375968912823] [0.0028458765602356016, -0.007848386986707074]
	[1.4293375968912823, 1.4293375968912823] [0.0028458765602356016, -0.007848386986707074]
	[0.8301904794164232, 0.8301904794164232] [-0.0020758335115593244, -0.008086229462580113]
	[1.3093955860151671, 1.3093955860151671] [0.0018863346968045944, -0.008132523169400902]
	[1.3614633817549109, 1.3614633817549109] [0.002307029547338452, -0.008023328882509973]
	[1.3614633817549109, 1.3614633817549109] [0.002307029547338452, -0.008023328882509973]
	[0.9633022015932595, 0.9633022015932595] [-0.0009842739957465244, -0.008290198814896333]
	[0.9633022015932595, 0.9633022015932595] [-0.0009842739957465244, -0.008290198814896333]
	[1.093265572144529, 1.093265572144529] [9.84184514882646e-05, -0.008347844362326003]
	[1.093265572144529, 1.093265572144529] [9.84184514882646e-05, -0.008347844362326003]
	[1.1842729778068106, 1.1842729778068106] [0.000856678552378561, -0.008304353891008375]
	[1.1842729778068106, 1.1842729778068106] [0.000856678552378561, -0.008304353891008375]
	[1.1842729778068106, 1.1842729778068106] [0.000856678552378561, -0.008304353891008375]
	[1.1842729778068106, 1.1842729778068106] [0.000856678552378561, -0.008304353891008375]
	[1.1842729778068106, 1.1842729778068106] [0.000856678552378561, -0.008304353891008375]
	[1.1842729778068106, 1.1842729778068106] [0.000856678552378561, -0.008304353891008375]
	[1.1842729778068106, 1.1842729778068106] [0.000856678552378561, -0.008304353891008375]
	[1.1842729778068106, 1.1842729778068106] [0.000856678552378561, -0.008304353891008375]
	[1.1842729778068106, 1.1842729778068106] [0.000856678552378561, -0.008304353891008375]
	[0.2269050173140682, 0.2269050173140682] [-0.006297129799499708, -0.005481090035518862]
	[0.26198332458532764, 0.26198332458532764] [-0.006101027994119367, -0.005698565530392994]
	[0.26198332458532764, 0.26198332458532764] [-0.006101027994119367, -0.005698565530392994]
	[0.26198332458532764, 0.26198332458532764] [-0.006101027994119367, -0.005698565530392994]
	[0.26198332458532764, 0.26198332458532764] [-0.006101027994119367, -0.005698565530392994]
	[0.26198332458532764, 0.26198332458532764] [-0.006101027994119367, -0.005698565530392994]
	[0.26198332458532764, 0.26198332458532764] [-0.006101027994119367, -0.005698565530392994]
	[0.9532712279720779, 0.9532712279720779] [-0.0010673818481796253, -0.008279908675787918]
	[0.9532712279720779, 0.9532712279720779] [-0.0010673818481796253, -0.008279908675787918]
	[0.8937035636547673, 0.8937035636547673] [-0.0015584119017715218, -0.008201679342282789]
	[0.6523664007587409, 0.6523664007587409] [-0.003473459590850174, -0.00759152620755157]
	[0.22201398680588785, 0.22201398680588785] [-0.006323862550812299, -0.005450225144674773]
	[0.22201398680588785, 0.22201398680588785] [-0.006323862550812299, -0.005450225144674773]
	[0.22201398680588785, 0.22201398680588785] [-0.006323862550812299, -0.005450225144674773]
	[0.7233438563185075, 0.7233438563185075] [-0.002926339056607797, -0.007818742316701783]
	[-0.2314814152804353, -0.2314814152804353] [-0.008072454019689703, -0.0021287737759581103]
	[-0.2314814152804353, -0.2314814152804353] [-0.008072454019689703, -0.0021287737759581103]
	[-0.20125995642166028, -0.20125995642166028] [-0.008004443010166444, -0.002371725908744293]
	[-0.20125995642166028, -0.20125995642166028] [-0.008004443010166444, -0.002371725908744293]
	[-0.20125995642166028, -0.20125995642166028] [-0.008004443010166444, -0.002371725908744293]
	[-0.5512790869204509, -0.5512790869204509] [-0.008332405071667446, 0.000516930760220374]
	[-0.5512790869204509, -0.5512790869204509] [-0.008332405071667446, 0.000516930760220374]
	[-0.5512790869204509, -0.5512790869204509] [-0.008332405071667446, 0.000516930760220374]
	[-0.8211921266374953, -0.8211921266374953] [-0.007892884384957017, 0.002720030840801825]
	[-0.03161003698721698, -0.03161003698721698] [-0.007489094887982969, -0.0036891258379186187]
	[-0.03161003698721698, -0.03161003698721698] [-0.007489094887982969, -0.0036891258379186187]
	[-0.03161003698721698, -0.03161003698721698] [-0.007489094887982969, -0.0036891258379186187]
	[-0.41762631039020615, -0.41762631039020615] [-0.008326978366970092, -0.0005980158570000309]
	[-0.41762631039020615, -0.41762631039020615] [-0.008326978366970092, -0.0005980158570000309]
	[0.5255103954490319, 0.5255103954490319] [-0.004405998666240199, -0.007091076606715018]
	[0.11644013853862689, 0.11644013853862689] [-0.0068629858503325356, -0.004753484712013576]
	[0.11644013853862689, 0.11644013853862689] [-0.0068629858503325356, -0.004753484712013576]
