source:
	0.7275904599747987,0.28512010662218557
target:
	0.9541764862553125,0.8290390322651463
points:
	[0, 0] [0.002265860262805138, 0.005439189256429607]
	[0, 0] [0.002265860262805138, 0.005439189256429607]
	[-0.6008302510139257, -0.6008302510139257] [0.004943955647848411, 0.00320565204754453]
	[-1.270825162018411, -1.270825162018411] [0.0058658473896521955, -0.000557437798439573]
	[-1.4013946897326468, -1.4013946897326468] [0.005743338969040821, -0.001316419380180857]
	[-0.9780152005550619, -0.9780152005550619] [0.0057770777765795535, 0.0011594286787764401]
	[-1.7276364818047683, -1.7276364818047683] [0.005018504737214352, -0.0030876386933020097]
	[-2.6733365080077474, -2.6733365080077474] [0.0004329182273064327, -0.005876349573186103]
	[-2.6733365080077474, -2.6733365080077474] [0.0004329182273064327, -0.005876349573186103]
	[-2.6733365080077474, -2.6733365080077474] [0.0004329182273064327, -0.005876349573186103]
	[-2.6733365080077474, -2.6733365080077474] [0.0004329182273064327, -0.005876349573186103]
	[-2.6733365080077474, -2.6733365080077474] [0.0004329182273064327, -0.005876349573186103]
	[-2.6733365080077474, -2.6733365080077474] [0.0004329182273064327, -0.005876349573186103]
	[-3.3369528936090074, -3.3369528936090074] [-0.0032786136884783317, -0.004895875282269877]
	[-2.469937552867638, -2.469937552867638] [0.0016110128645423225, -0.0056677632314783375]
	[-1.7693491069474823, -1.7693491069474823] [0.004885383244144012, -0.0032942272319400746]
	[-1.7693491069474823, -1.7693491069474823] [0.004885383244144012, -0.0032942272319400746]
	[-1.7693491069474823, -1.7693491069474823] [0.004885383244144012, -0.0032942272319400746]
	[-1.7693491069474823, -1.7693491069474823] [0.004885383244144012, -0.0032942272319400746]
	[-1.7693491069474823, -1.7693491069474823] [0.004885383244144012, -0.0032942272319400746]
	[-0.9075745531279122, -0.9075745531279122] [0.00568114772149701, 0.0015631580420251711]
	[-0.033919067890130994, -0.033919067890130994] [0.0024490138032730157, 0.005359219522392872]
	[-0.033919067890130994, -0.033919067890130994] [0.0024490138032730157, 0.005359219522392872]
	[0.021361124041970714, 0.021361124041970714] [0.002149164968533188, 0.005486346000376606]
	[0.021361124041970714, 0.021361124041970714] [0.002149164968533188, 0.005486346000376606]
	[0.021361124041970714, 0.021361124041970714] [0.002149164968533188, 0.005486346000376606]
	[0.021361124041970714, 0.021361124041970714] [0.002149164968533188, 0.005486346000376606]
	[0.021361124041970714, 0.021361124041970714] [0.002149164968533188, 0.005486346000376606]
	[-0.5279655033277009, -0.5279655033277009] [0.0046974646588744005, 0.003557067370242606]
	[-0.5279655033277009, -0.5279655033277009] [0.0046974646588744005, 0.003557067370242606]
	[-0.5279655033277009, -0.5279655033277009] [0.0046974646588744005, 0.003557067370242606]
	[-0.8397197578479065, -0.8397197578479065] [0.005562087567192745, 0.001944758183604977]
	[-0.8397197578479065, -0.8397197578479065] [0.005562087567192745, 0.001944758183604977]
	[-0.8252654872476145, -0.8252654872476145] [0.0055333974628979585, 0.0020249481512900707]
	[-1.2008752683993245, -1.2008752683993245] [0.005890463404884185, -0.00014609371491906687]
	[-1.2008752683993245, -1.2008752683993245] [0.005890463404884185, -0.00014609371491906687]
	[-0.936185051621186, -0.936185051621186] [0.005723539327867228, 0.0014000000214913586]
	[-0.936185051621186, -0.936185051621186] [0.005723539327867228, 0.0014000000214913586]
	[-0.936185051621186, -0.936185051621186] [0.005723539327867228, 0.0014000000214913586]
	[-1.7651323293000567, -1.7651323293000567] [0.004899230792777247, -0.0032735974304917014]
	[-1.7651323293000567, -1.7651323293000567] [0.004899230792777247, -0.0032735974304917014]
	[-1.7651323293000567, -1.7651323293000567] [0.004899230792777247, -0.0032735974304917014]
	[-1.653330047596222, -1.653330047596222] [0.005233876756503316, -0.002706554376980623]
	[-1.7915340922919083, -1.7915340922919083] [0.004811104677044628, -0.0034017898648120437]
	[-1.8823220814038866, -1.8823220814038866] [0.00448287305901616, -0.0038239706634028638]
	[-1.8823220814038866, -1.8823220814038866] [0.00448287305901616, -0.0038239706634028638]
	[-1.8083214182580143, -1.8083214182580143] [0.004753322500778172, -0.0034820723285731115]
	[-1.8083214182580143, -1.8083214182580143] [0.004753322500778172, -0.0034820723285731115]
	[-1.8083214182580143, -1.8083214182580143] [0.004753322500778172, -0.0034820723285731115]
	[-2.7165503033066773, -2.7165503033066773] [0.0001786537283239134, -0.005889565802601632]
	[-3.52654181455018, -3.52654181455018] [-0.004142519937611322, -0.004190278160732451]
	[-3.52654181455018, -3.52654181455018] [-0.004142519937611322, -0.004190278160732451]
	[-4.482420382769852, -4.482420382769852] [-0.005812490663256863, 0.0009663616234983804]
	[-4.482420382769852, -4.482420382769852] [-0.005812490663256863, 0.0009663616234983804]
	[-4.482420382769852, -4.482420382769852] [-0.005812490663256863, 0.0009663616234983804]
	[-4.482420382769852, -4.482420382769852] [-0.005812490663256863, 0.0009663616234983804]
