source:
	0.9416699464129439,0.6346153801528407
target:
	0.21753046472739657,0.512103689042879
points:
	[0, 0] [-0.007241394816855473, -0.0012251169110996172]
	[0, 0] [-0.007241394816855473, -0.0012251169110996172]
	[0, 0] [-0.007241394816855473, -0.0012251169110996172]
	[-0.8632340271759876, -0.8632340271759876] [-0.005637810686943499, 0.004706782446388324]
	[-0.8632340271759876, -0.8632340271759876] [-0.005637810686943499, 0.004706782446388324]
	[-0.8632340271759876, -0.8632340271759876] [-0.005637810686943499, 0.004706782446388324]
	[-0.47156915753221024, -0.47156915753221024] [-0.007007595853423223, 0.002198251735932267]
	[-0.8560020888007804, -0.8560020888007804] [-0.005671702120092768, 0.0046658874183137765]
	[-1.585839204637345, -1.585839204637345] [-0.0011160509896091433, 0.007259004100290621]
	[-1.585839204637345, -1.585839204637345] [-0.0011160509896091433, 0.007259004100290621]
	[-1.77971953331385, -1.77971953331385] [0.00030343686314766903, 0.0073380267381310815]
	[-1.77971953331385, -1.77971953331385] [0.00030343686314766903, 0.0073380267381310815]
	[-1.135393447115012, -1.135393447115012] [-0.00416505829829102, 0.006049049488248604]
	[-0.7876408398508941, -0.7876408398508941] [-0.005977172124356876, 0.004267566488674158]
	[-0.8398691190400183, -0.8398691190400183] [-0.00574623539679918, 0.004573782800266728]
	[-0.012275412217249593, -0.012275412217249593] [-0.007255887673631418, -0.001136135734446915]
	[-0.34776481807087123, -0.34776481807087123] [-0.007225418299674253, 0.0013160701858852342]
	[-0.45350634605680923, -0.45350634605680923] [-0.007046157164888428, 0.0020713231392361364]
	[-0.45350634605680923, -0.45350634605680923] [-0.007046157164888428, 0.0020713231392361364]
	[-0.45350634605680923, -0.45350634605680923] [-0.007046157164888428, 0.0020713231392361364]
	[-0.41675193920450737, -0.41675193920450737] [-0.0071175115355958446, 0.0018110052126108507]
	[0.2586165131397644, 0.2586165131397644] [-0.006687264745611597, -0.0030363136467670554]
	[-0.10759991513417971, -0.10759991513417971] [-0.007331084001286604, -0.000440360881009181]
	[0.28707876302405544, 0.28707876302405544] [-0.006598147602952518, -0.0032253927743912886]
	[0.28707876302405544, 0.28707876302405544] [-0.006598147602952518, -0.0032253927743912886]
	[0.28707876302405544, 0.28707876302405544] [-0.006598147602952518, -0.0032253927743912886]
	[0.15014357200166123, 0.15014357200166123] [-0.006976673221174635, -0.002294502365304581]
	[0.15014357200166123, 0.15014357200166123] [-0.006976673221174635, -0.002294502365304581]
	[0.43639169394905863, 0.43639169394905863] [-0.006044928062602559, -0.00417103764756489]
	[0.43639169394905863, 0.43639169394905863] [-0.006044928062602559, -0.00417103764756489]
	[0.47395021857726566, 0.47395021857726566] [-0.0058840437553506035, -0.004395081276218125]
	[0.47395021857726566, 0.47395021857726566] [-0.0058840437553506035, -0.004395081276218125]
	[0.25938204020983047, 0.25938204020983047] [-0.00668493840607436, -0.003041432038766536]
	[-0.07335544671699534, -0.07335544671699534] [-0.0073117089231603954, -0.0006911027148117914]
	[-0.07335544671699534, -0.07335544671699534] [-0.0073117089231603954, -0.0006911027148117914]
	[-0.5665835359984195, -0.5665835359984195] [-0.006767436893245254, 0.0028531575903525917]
	[-0.05188412681867094, -0.05188412681867094] [-0.007295185827405838, -0.0008479233945708646]
	[-0.05188412681867094, -0.05188412681867094] [-0.007295185827405838, -0.0008479233945708646]
	[-0.05188412681867094, -0.05188412681867094] [-0.007295185827405838, -0.0008479233945708646]
	[-0.05188412681867094, -0.05188412681867094] [-0.007295185827405838, -0.0008479233945708646]
	[-0.467419323056741, -0.467419323056741] [-0.007016657868820242, 0.0021691525283775146]
	[-0.467419323056741, -0.467419323056741] [-0.007016657868820242, 0.0021691525283775146]
	[0.47438042457293167, 0.47438042457293167] [-0.0058821524205913, -0.004397612220327697]
	[0.47438042457293167, 0.47438042457293167] [-0.0058821524205913, -0.004397612220327697]
	[0.6680463664617398, 0.6680463664617398] [-0.004925833458126844, -0.005447465014320121]
	[0.6680463664617398, 0.6680463664617398] [-0.004925833458126844, -0.005447465014320121]
	[0.6680463664617398, 0.6680463664617398] [-0.004925833458126844, -0.005447465014320121]
	[0.506278677574929, 0.506278677574929] [-0.005738907773605085, -0.00458297369679324]
	[0.506278677574929, 0.506278677574929] [-0.005738907773605085, -0.00458297369679324]
	[0.642552969995306, 0.642552969995306] [-0.005063092205686571, -0.00532013229686626]
	[0.4508962037852873, 0.4508962037852873] [-0.005983795470023585, -0.004258274546382466]
	[-0.45350032991190004, -0.45350032991190004] [-0.007046169626141074, 0.0020712807484960954]
	[-0.45350032991190004, -0.45350032991190004] [-0.007046169626141074, 0.0020712807484960954]
	[-0.45350032991190004, -0.45350032991190004] [-0.007046169626141074, 0.0020712807484960954]
	[-0.45350032991190004, -0.45350032991190004] [-0.007046169626141074, 0.0020712807484960954]
	[-0.6058130784237402, -0.6058130784237402] [-0.006650330803656374, 0.0031163777918254273]
	[-0.31730709331918977, -0.31730709331918977] [-0.00726214545223747, 0.0010954240137911065]
	[-0.5907733938227943, -0.5907733938227943] [-0.006696446263839342, 0.003016010241188796]
	[-0.5907733938227943, -0.5907733938227943] [-0.006696446263839342, 0.003016010241188796]
