source:
	0.6640944616948867,0.6072437324064643
target:
	0.07539879975646901,0.28542073207702023
points:
	[-0.09419717813861701, -0.09419717813861701] [-0.006163558196471472, -0.002650247715087222]
	[-0.09419717813861701, -0.09419717813861701] [-0.006163558196471472, -0.002650247715087222]
	[-0.7367504200793329, -0.7367504200793329] [-0.006522487930543389, 0.0015717550027060598]
	[-1.5810489097254208, -1.5810489097254208] [-0.003157705408363884, 0.005919641808978411]
	[-1.5810489097254208, -1.5810489097254208] [-0.003157705408363884, 0.005919641808978411]
	[-1.7189147390351527, -1.7189147390351527] [-0.002314210213365174, 0.0062974354844628645]
	[-1.7189147390351527, -1.7189147390351527] [-0.002314210213365174, 0.0062974354844628645]
	[-1.7189147390351527, -1.7189147390351527] [-0.002314210213365174, 0.0062974354844628645]
	[-1.7189147390351527, -1.7189147390351527] [-0.002314210213365174, 0.0062974354844628645]
	[-1.7189147390351527, -1.7189147390351527] [-0.002314210213365174, 0.0062974354844628645]
	[-1.917196657691186, -1.917196657691186] [-0.0010283650304056054, 0.006629911610033319]
	[-2.1148205161178266, -2.1148205161178266] [0.00029336800660715494, 0.006702775380789294]
	[-1.850858795287332, -1.850858795287332] [-0.0014655947434721968, 0.0065471592802162975]
	[-1.850858795287332, -1.850858795287332] [-0.0014655947434721968, 0.0065471592802162975]
	[-1.850858795287332, -1.850858795287332] [-0.0014655947434721968, 0.0065471592802162975]
	[-1.850858795287332, -1.850858795287332] [-0.0014655947434721968, 0.0065471592802162975]
	[-2.306663985261283, -2.306663985261283] [0.0015659965890786815, 0.006523872873961421]
	[-3.019171521294886, -3.019171521294886] [0.005449901964173628, 0.003913033500177599]
	[-3.089832862460259, -3.089832862460259] [0.005712572032819614, 0.0035184916317170484]
	[-3.089832862460259, -3.089832862460259] [0.005712572032819614, 0.0035184916317170484]
	[-3.2007463173469533, -3.2007463173469533] [0.00606691902527511, 0.0028645691008196378]
	[-3.2007463173469533, -3.2007463173469533] [0.00606691902527511, 0.0028645691008196378]
	[-3.0938586585338856, -3.0938586585338856] [0.005726690432492188, 0.0034954655316592875]
	[-3.0938586585338856, -3.0938586585338856] [0.005726690432492188, 0.0034954655316592875]
	[-3.0938586585338856, -3.0938586585338856] [0.005726690432492188, 0.0034954655316592875]
	[-3.0938586585338856, -3.0938586585338856] [0.005726690432492188, 0.0034954655316592875]
	[-3.0938586585338856, -3.0938586585338856] [0.005726690432492188, 0.0034954655316592875]
	[-3.618408304110624, -3.618408304110624] [0.006707344896200208, 0.0001574389914624987]
	[-3.618408304110624, -3.618408304110624] [0.006707344896200208, 0.0001574389914624987]
	[-4.205924462833309, -4.205924462833309] [0.005669925190828672, -0.003586810689599072]
	[-4.205924462833309, -4.205924462833309] [0.005669925190828672, -0.003586810689599072]
	[-4.109431312245989, -4.109431312245989] [0.005989115357073757, -0.003023865048622208]
	[-4.109431312245989, -4.109431312245989] [0.005989115357073757, -0.003023865048622208]
	[-3.810748633768238, -3.810748633768238] [0.006613753966545372, -0.0011276174274198996]
	[-3.7639877467723544, -3.7639877467723544] [0.006659233708486199, -0.0008172325301753921]
	[-3.7639877467723544, -3.7639877467723544] [0.006659233708486199, -0.0008172325301753921]
	[-2.9626513930628007, -2.9626513930628007] [0.005220151936436338, 0.004214650205311903]
	[-3.2399570790379597, -3.2399570790379597] [0.006174548884221514, 0.0026245397061150704]
	[-3.2399570790379597, -3.2399570790379597] [0.006174548884221514, 0.0026245397061150704]
	[-3.2399570790379597, -3.2399570790379597] [0.006174548884221514, 0.0026245397061150704]
	[-3.9388592707361427, -3.9388592707361427] [0.006415489624480019, -0.0019633531192337636]
	[-3.9388592707361427, -3.9388592707361427] [0.006415489624480019, -0.0019633531192337636]
	[-3.562370176027132, -3.562370176027132] [0.006687998239324993, 0.0005328622180278149]
	[-2.7831168745945667, -2.7831168745945667] [0.004383631221793174, 0.005079078647150071]
	[-3.4592332183123977, -3.4592332183123977] [0.006597598458136645, 0.001218588190410807]
	[-3.4592332183123977, -3.4592332183123977] [0.006597598458136645, 0.001218588190410807]
	[-3.487009161953157, -3.487009161953157] [0.006628896672939615, 0.0010348871881059414]
	[-3.487009161953157, -3.487009161953157] [0.006628896672939615, 0.0010348871881059414]
	[-3.685063401269584, -3.685063401269584] [0.006702936716330471, -0.0002896583668472262]
	[-3.5640140336997925, -3.5640140336997925] [0.006688865152196121, 0.0005218673857907578]
	[-3.5640140336997925, -3.5640140336997925] [0.006688865152196121, 0.0005218673857907578]
	[-2.7326310066129973, -2.7326310066129973] [0.0041217330795230295, 0.0052938246111654775]
	[-2.5148162522558426, -2.5148162522558426] [0.002880367668862829, 0.006059434353533788]
	[-2.6092292869840965, -2.6092292869840965] [0.003438779708303296, 0.005760907629043986]
	[-2.6092292869840965, -2.6092292869840965] [0.003438779708303296, 0.005760907629043986]
	[-2.248022019251352, -2.248022019251352] [0.0011809512245841607, 0.006604439173598989]
	[-2.248022019251352, -2.248022019251352] [0.0011809512245841607, 0.006604439173598989]
	[-2.760026110945921, -2.760026110945921] [0.004265193251160484, 0.00517893706496524]
	[-2.9548195147144254, -2.9548195147144254] [0.005186983549342684, 0.004255404123166692]
	[-3.473813196437271, -3.473813196437271] [0.0066146635854928875, 0.001122269238360432]
	[-3.473813196437271, -3.473813196437271] [0.0066146635854928875, 0.001122269238360432]
	[-4.427141137536845, -4.427141137536845] [0.004744749426229418, -0.004743481366560991]
	[-3.5252787258791174, -3.5252787258791174] [0.00666363807334904, 0.0007805063869237832]
	[-3.5252787258791174, -3.5252787258791174] [0.00666363807334904, 0.0007805063869237832]
	[-3.922812191787582, -3.922812191787582] [0.006446168350215476, -0.0018601548842222826]
	[-4.404624875880919, -4.404624875880919] [0.004850343168769748, -0.004635453994786741]
	[-4.404624875880919, -4.404624875880919] [0.004850343168769748, -0.004635453994786741]
	[-4.404624875880919, -4.404624875880919] [0.004850343168769748, -0.004635453994786741]
	[-4.404624875880919, -4.404624875880919] [0.004850343168769748, -0.004635453994786741]
	[-3.667935192597697, -3.667935192597697] [0.006706914587920553, -0.0001748121933796283]
	[-4.5507112685049815, -4.5507112685049815] [0.004123908303936244, -0.00529213027932433]
	[-4.5507112685049815, -4.5507112685049815] [0.004123908303936244, -0.00529213027932433]
	[-5.040788346956073, -5.040788346956073] [0.0011475367790830312, -0.006610326915763506]
