source:
	0.8416015922302447,0.9796558074259314
target:
	0.2136318352345009,0.672133796976588
points:
	[0, 0] [-0.006279697569957438, -0.0030752201044934335]
	[0, 0] [-0.006279697569957438, -0.0030752201044934335]
	[0, 0] [-0.006279697569957438, -0.0030752201044934335]
	[-0.46292287746236493, -0.46292287746236493] [-0.0069920525550560934, 5.2738302433012264e-05]
	[-0.46292287746236493, -0.46292287746236493] [-0.0069920525550560934, 5.2738302433012264e-05]
	[-0.46292287746236493, -0.46292287746236493] [-0.0069920525550560934, 5.2738302433012264e-05]
	[-0.3704063211103216, -0.3704063211103216] [-0.006967022517604456, -0.0005934454485480839]
	[-0.3704063211103216, -0.3704063211103216] [-0.006967022517604456, -0.0005934454485480839]
	[-0.9118049003136108, -0.9118049003136108] [-0.006276483394399665, 0.003081774888118082]
	[-0.9118049003136108, -0.9118049003136108] [-0.006276483394399665, 0.003081774888118082]
	[-0.9118049003136108, -0.9118049003136108] [-0.006276483394399665, 0.003081774888118082]
	[-0.9118049003136108, -0.9118049003136108] [-0.006276483394399665, 0.003081774888118082]
	[-0.41758354227051253, -0.41758354227051253] [-0.006987257461508763, -0.00026422230753682564]
	[-0.41758354227051253, -0.41758354227051253] [-0.006987257461508763, -0.00026422230753682564]
	[-0.537773709250645, -0.537773709250645] [-0.006968530876309643, 0.0005754630197754825]
	[-0.537773709250645, -0.537773709250645] [-0.006968530876309643, 0.0005754630197754825]
	[-0.7765357373209802, -0.7765357373209802] [-0.006634747127048343, 0.0022071952386079766]
	[-1.6796316699473381, -1.6796316699473381] [-0.0023749203080584745, 0.006576574624497269]
	[-1.6796316699473381, -1.6796316699473381] [-0.0023749203080584745, 0.006576574624497269]
	[-1.6796316699473381, -1.6796316699473381] [-0.0023749203080584745, 0.006576574624497269]
	[-1.3033589920169797, -1.3033589920169797] [-0.004625377484160393, 0.005243802379021547]
	[-1.3033589920169797, -1.3033589920169797] [-0.004625377484160393, 0.005243802379021547]
	[-1.2075354616282719, -1.2075354616282719] [-0.005105869311285604, 0.004777204081602735]
	[-1.2075354616282719, -1.2075354616282719] [-0.005105869311285604, 0.004777204081602735]
	[-1.2075354616282719, -1.2075354616282719] [-0.005105869311285604, 0.004777204081602735]
	[-1.2075354616282719, -1.2075354616282719] [-0.005105869311285604, 0.004777204081602735]
	[-1.2075354616282719, -1.2075354616282719] [-0.005105869311285604, 0.004777204081602735]
	[-1.2075354616282719, -1.2075354616282719] [-0.005105869311285604, 0.004777204081602735]
	[-1.2075354616282719, -1.2075354616282719] [-0.005105869311285604, 0.004777204081602735]
	[-1.2075354616282719, -1.2075354616282719] [-0.005105869311285604, 0.004777204081602735]
	[-1.2075354616282719, -1.2075354616282719] [-0.005105869311285604, 0.004777204081602735]
	[-1.2075354616282719, -1.2075354616282719] [-0.005105869311285604, 0.004777204081602735]
	[-1.2075354616282719, -1.2075354616282719] [-0.005105869311285604, 0.004777204081602735]
	[-1.2075354616282719, -1.2075354616282719] [-0.005105869311285604, 0.004777204081602735]
	[-1.2075354616282719, -1.2075354616282719] [-0.005105869311285604, 0.004777204081602735]
	[-1.2075354616282719, -1.2075354616282719] [-0.005105869311285604, 0.004777204081602735]
	[-1.891473335805441, -1.891473335805441] [-0.0009390342562919478, 0.006928910082164451]
	[-1.891473335805441, -1.891473335805441] [-0.0009390342562919478, 0.006928910082164451]
	[-1.891473335805441, -1.891473335805441] [-0.0009390342562919478, 0.006928910082164451]
	[-1.8402283567651192, -1.8402283567651192] [-0.0012927180180211902, 0.00687171451583179]
	[-1.8402283567651192, -1.8402283567651192] [-0.0012927180180211902, 0.00687171451583179]
	[-1.8402283567651192, -1.8402283567651192] [-0.0012927180180211902, 0.00687171451583179]
	[-1.8402283567651192, -1.8402283567651192] [-0.0012927180180211902, 0.00687171451583179]
	[-1.8402283567651192, -1.8402283567651192] [-0.0012927180180211902, 0.00687171451583179]
	[-1.8402283567651192, -1.8402283567651192] [-0.0012927180180211902, 0.00687171451583179]
	[-1.8402283567651192, -1.8402283567651192] [-0.0012927180180211902, 0.00687171451583179]
	[-1.8402283567651192, -1.8402283567651192] [-0.0012927180180211902, 0.00687171451583179]
	[-1.8402283567651192, -1.8402283567651192] [-0.0012927180180211902, 0.00687171451583179]
	[-1.8402283567651192, -1.8402283567651192] [-0.0012927180180211902, 0.00687171451583179]
	[-2.159837977625679, -2.159837977625679] [0.0009318126610295586, 0.006929884950412594]
	[-2.159837977625679, -2.159837977625679] [0.0009318126610295586, 0.006929884950412594]
	[-1.2300767639466814, -1.2300767639466814] [-0.004996896911377685, 0.004891073657007641]
	[-1.2300767639466814, -1.2300767639466814] [-0.004996896911377685, 0.004891073657007641]
	[-0.7940959649695336, -0.7940959649695336] [-0.006594967343802514, 0.0023233566225158704]
	[-1.1902618071031832, -1.1902618071031832] [-0.005187623257043579, 0.004688298753726187]
	[-1.1902618071031832, -1.1902618071031832] [-0.005187623257043579, 0.004688298753726187]
	[-1.1902618071031832, -1.1902618071031832] [-0.005187623257043579, 0.004688298753726187]
	[-1.9249393989417465, -1.9249393989417465] [-0.0007066683961215524, 0.0069564502470105365]
	[-1.9249393989417465, -1.9249393989417465] [-0.0007066683961215524, 0.0069564502470105365]
	[-1.9249393989417465, -1.9249393989417465] [-0.0007066683961215524, 0.0069564502470105365]
	[-1.9249393989417465, -1.9249393989417465] [-0.0007066683961215524, 0.0069564502470105365]
	[-1.9249393989417465, -1.9249393989417465] [-0.0007066683961215524, 0.0069564502470105365]
	[-1.2349677039431797, -1.2349677039431797] [-0.00497291529297565, 0.004915454582243525]
	[-0.7159863732955926, -0.7159863732955926] [-0.006756151224164437, 0.0018016661448313136]
