source:
	0.9974156325162311,0.5394862776957617
target:
	0.16373663748404443,0.8394026849707261
points:
	[0.01758326891477799, 0.01758326891477799] [-0.008282768844152561, 0.0031452809231284186]
	[-0.4686376301313242, -0.4686376301313242] [-0.008792590528384705, -0.0010896805087820453]
	[-0.5216302461230601, -0.5216302461230601] [-0.008722529666820284, -0.0015538751631002815]
	[-1.0867527857912012, -1.0867527857912012] [-0.006534246634355534, -0.005983366337812961]
	[-0.2391176336028249, -0.2391176336028249] [-0.008809924468065881, 0.0009392990354695312]
	[0.2576994570552511, 0.2576994570552511] [-0.007297142604360762, 0.005024814585900951]
	[0.2576994570552511, 0.2576994570552511] [-0.007297142604360762, 0.005024814585900951]
	[0.4383748242784083, 0.4383748242784083] [-0.006275434813225321, 0.006254276114469171]
	[0.9884608816851481, 0.9884608816851481] [-0.0020801906783777567, 0.008612192435881249]
	[0.9884608816851481, 0.9884608816851481] [-0.0020801906783777567, 0.008612192435881249]
	[0.9884608816851481, 0.9884608816851481] [-0.0020801906783777567, 0.008612192435881249]
	[0.9884608816851481, 0.9884608816851481] [-0.0020801906783777567, 0.008612192435881249]
	[0.9884608816851481, 0.9884608816851481] [-0.0020801906783777567, 0.008612192435881249]
	[1.1560285560436045, 1.1560285560436045] [-0.0006146732253509156, 0.008838508281214462]
	[1.1560285560436045, 1.1560285560436045] [-0.0006146732253509156, 0.008838508281214462]
	[1.1560285560436045, 1.1560285560436045] [-0.0006146732253509156, 0.008838508281214462]
	[1.1560285560436045, 1.1560285560436045] [-0.0006146732253509156, 0.008838508281214462]
	[1.2085888037099493, 1.2085888037099493] [-0.0001494840597778747, 0.008858595053784332]
	[1.2085888037099493, 1.2085888037099493] [-0.0001494840597778747, 0.008858595053784332]
	[1.7274849598722577, 1.7274849598722577] [0.004263364233016303, 0.007766645171996545]
	[2.179858769349691, 2.179858769349691] [0.007229335683578985, 0.005121890020802037]
	[2.179858769349691, 2.179858769349691] [0.007229335683578985, 0.005121890020802037]
	[2.179858769349691, 2.179858769349691] [0.007229335683578985, 0.005121890020802037]
	[2.807891268347763, 2.807891268347763] [0.008859256686929214, -0.00010306680435478476]
	[2.76855365176548, 2.76855365176548] [0.008856456307796405, 0.0002454250988655859]
	[2.76855365176548, 2.76855365176548] [0.008856456307796405, 0.0002454250988655859]
	[2.76855365176548, 2.76855365176548] [0.008856456307796405, 0.0002454250988655859]
	[2.237852400073027, 2.237852400073027] [0.007514052542662083, 0.004694258854939021]
	[2.237852400073027, 2.237852400073027] [0.007514052542662083, 0.004694258854939021]
	[2.237852400073027, 2.237852400073027] [0.007514052542662083, 0.004694258854939021]
	[2.237852400073027, 2.237852400073027] [0.007514052542662083, 0.004694258854939021]
	[1.7315342239203704, 1.7315342239203704] [0.004294778391980882, 0.007749318058696135]
	[0.943306641997686, 0.943306641997686] [-0.002466815250429095, 0.008509516691993168]
	[0.943306641997686, 0.943306641997686] [-0.002466815250429095, 0.008509516691993168]
	[0.09628358464674991, 0.09628358464674991] [-0.008009852270428181, 0.0037867292505507216]
	[0.09628358464674991, 0.09628358464674991] [-0.008009852270428181, 0.0037867292505507216]
	[0.09628358464674991, 0.09628358464674991] [-0.008009852270428181, 0.0037867292505507216]
	[0.09628358464674991, 0.09628358464674991] [-0.008009852270428181, 0.0037867292505507216]
	[-0.37218023814446083, -0.37218023814446083] [-0.008856663804223917, -0.00023781940629363506]
	[-0.37218023814446083, -0.37218023814446083] [-0.008856663804223917, -0.00023781940629363506]
	[-0.37218023814446083, -0.37218023814446083] [-0.008856663804223917, -0.00023781940629363506]
	[-1.0510201319329193, -1.0510201319329193] [-0.006743831604850961, -0.005746110606007617]
	[-1.7389690763410712, -1.7389690763410712] [-0.0015614310944581928, -0.008721180238265862]
	[-0.9163364324837935, -0.9163364324837935] [-0.007454328285719154, -0.00478853230330414]
	[-0.9163364324837935, -0.9163364324837935] [-0.007454328285719154, -0.00478853230330414]
	[-0.09766425575949289, -0.09766425575949289] [-0.008589507816108911, 0.002171959320075739]
	[0.03218853337642369, 0.03218853337642369] [-0.008235949419098105, 0.0032659131919139405]
	[0.7472478007177991, 0.7472478007177991] [-0.004077253984941987, 0.007865942521613961]
	[0.7061847744911186, 0.7061847744911186] [-0.0043967256315425255, 0.007691934446678345]
	[1.4900293305148713, 1.4900293305148713] [0.002316781497231845, 0.008551583204596917]
	[1.4900293305148713, 1.4900293305148713] [0.002316781497231845, 0.008551583204596917]
	[1.6450502299451715, 1.6450502299451715] [0.0036093702025888825, 0.00809132242292466]
	[1.6450502299451715, 1.6450502299451715] [0.0036093702025888825, 0.00809132242292466]
	[1.6450502299451715, 1.6450502299451715] [0.0036093702025888825, 0.00809132242292466]
	[1.1413702626157258, 1.1413702626157258] [-0.0007441599988062344, 0.008828549014828916]
	[0.7014280446020555, 0.7014280446020555] [-0.004433264206935107, 0.0076709334687877434]
	[0.7014280446020555, 0.7014280446020555] [-0.004433264206935107, 0.0076709334687877434]
	[0.7014280446020555, 0.7014280446020555] [-0.004433264206935107, 0.0076709334687877434]
	[0.5749462525022899, 0.5749462525022899] [-0.005365499137846193, 0.00705042344918599]
	[0.5749462525022899, 0.5749462525022899] [-0.005365499137846193, 0.00705042344918599]
	[0.5749462525022899, 0.5749462525022899] [-0.005365499137846193, 0.00705042344918599]
	[0.5749462525022899, 0.5749462525022899] [-0.005365499137846193, 0.00705042344918599]
	[0.5749462525022899, 0.5749462525022899] [-0.005365499137846193, 0.00705042344918599]
	[0.5749462525022899, 0.5749462525022899] [-0.005365499137846193, 0.00705042344918599]
	[0.5749462525022899, 0.5749462525022899] [-0.005365499137846193, 0.00705042344918599]
	[0.5749462525022899, 0.5749462525022899] [-0.005365499137846193, 0.00705042344918599]
	[-0.34342705049892186, -0.34342705049892186] [-0.008859840075480583, 1.6901123280206914e-05]
	[-0.34342705049892186, -0.34342705049892186] [-0.008859840075480583, 1.6901123280206914e-05]
	[-0.34342705049892186, -0.34342705049892186] [-0.008859840075480583, 1.6901123280206914e-05]
	[0.4651192575665002, 0.4651192575665002] [-0.0061059435174745345, 0.006419852457219764]
	[-0.3683965047015897, -0.3683965047015897] [-0.008857500248565204, -0.0002043065288414568]
	[-0.3683965047015897, -0.3683965047015897] [-0.008857500248565204, -0.0002043065288414568]
	[-0.8928172232339228, -0.8928172232339228] [-0.007564878798579762, -0.004611904224272045]
	[-0.8928172232339228, -0.8928172232339228] [-0.007564878798579762, -0.004611904224272045]
	[-0.8928172232339228, -0.8928172232339228] [-0.007564878798579762, -0.004611904224272045]
	[-0.8928172232339228, -0.8928172232339228] [-0.007564878798579762, -0.004611904224272045]
