source:
	0.7675798348580275,0.9503423223633765
target:
	0.2265805882084977,0.45062953089242597
points:
	[0, 0] [-0.005409992466495298, -0.004997127914709505]
	[-0.3333653210237717, -0.3333653210237717] [-0.0067473381362374175, -0.0029517340596302067]
	[0.62336426905532, 0.62336426905532] [-0.0014753029626979727, -0.007215454736311457]
	[0.62336426905532, 0.62336426905532] [-0.0014753029626979727, -0.007215454736311457]
	[1.293691690405025, 1.293691690405025] [0.0033264734157447007, -0.006570683411780591]
	[1.421678170647176, 1.421678170647176] [0.004137930501401598, -0.006092358906784397]
	[1.421678170647176, 1.421678170647176] [0.004137930501401598, -0.006092358906784397]
	[1.421678170647176, 1.421678170647176] [0.004137930501401598, -0.006092358906784397]
	[1.0348759022474532, 1.0348759022474532] [0.0015340068452364736, -0.007203202682298513]
	[1.0348759022474532, 1.0348759022474532] [0.0015340068452364736, -0.007203202682298513]
	[1.3118990267908575, 1.3118990267908575] [0.003445550089518921, -0.006509031453612819]
	[1.3118990267908575, 1.3118990267908575] [0.003445550089518921, -0.006509031453612819]
	[1.3118990267908575, 1.3118990267908575] [0.003445550089518921, -0.006509031453612819]
	[1.6166313249385076, 1.6166313249385076] [0.00523975991320058, -0.005175347518333538]
	[1.6166313249385076, 1.6166313249385076] [0.00523975991320058, -0.005175347518333538]
	[1.5059183343150486, 1.5059183343150486] [0.0046358714885927485, -0.0057225869521360445]
	[2.088810265331831, 2.088810265331831] [0.007020314386486232, -0.0022258687738497267]
	[2.4843607484382524, 2.4843607484382524] [0.0073359013138739404, 0.0006510436211249085]
	[2.4843607484382524, 2.4843607484382524] [0.0073359013138739404, 0.0006510436211249085]
	[2.988714628387118, 2.988714628387118] [0.0061078738843554, 0.004114994835514878]
	[2.988714628387118, 2.988714628387118] [0.0061078738843554, 0.004114994835514878]
	[3.9107804794814363, 3.9107804794814363] [0.00041118673208102646, 0.007353246314034731]
	[3.381001650844841, 3.381001650844841] [0.004070728665697264, 0.006137464787171934]
	[3.661830904188051, 3.661830904188051] [0.0022102479104499214, 0.007025248042443526]
	[3.8494029762425424, 3.8494029762425424] [0.0008614530460499001, 0.00731417832247452]
	[3.214956202471513, 3.214956202471513] [0.005029161869462663, 0.005380226461241912]
	[3.8613867700226248, 3.8613867700226248] [0.0007737416828465035, 0.007323976357944549]
	[3.532899977949782, 3.532899977949782] [0.003095167019825415, 0.006682757440075908]
	[3.1712460143347427, 3.1712460143347427] [0.005259454157476488, 0.005155331982414725]
	[3.1712460143347427, 3.1712460143347427] [0.005259454157476488, 0.005155331982414725]
	[3.1712460143347427, 3.1712460143347427] [0.005259454157476488, 0.005155331982414725]
	[3.1712460143347427, 3.1712460143347427] [0.005259454157476488, 0.005155331982414725]
	[2.638012326960631, 2.638012326960631] [0.007149834876473911, 0.0017661163955589544]
	[2.638012326960631, 2.638012326960631] [0.007149834876473911, 0.0017661163955589544]
	[2.638012326960631, 2.638012326960631] [0.007149834876473911, 0.0017661163955589544]
	[2.638012326960631, 2.638012326960631] [0.007149834876473911, 0.0017661163955589544]
	[2.638012326960631, 2.638012326960631] [0.007149834876473911, 0.0017661163955589544]
	[2.494792056624586, 2.494792056624586] [0.007328711086253639, 0.0007275298603685311]
	[2.494792056624586, 2.494792056624586] [0.007328711086253639, 0.0007275298603685311]
	[3.097558575423493, 3.097558575423493] [0.005624721143374003, 0.004754136929326531]
	[3.097558575423493, 3.097558575423493] [0.005624721143374003, 0.004754136929326531]
	[3.097558575423493, 3.097558575423493] [0.005624721143374003, 0.004754136929326531]
	[3.9340883498871593, 3.9340883498871593] [0.00023970205256450134, 0.007360832073176321]
	[4.639522402580976, 4.639522402580976] [-0.004590008676623737, 0.005759438013558584]
	[4.37966929796557, 4.37966929796557] [-0.0029560897860929666, 0.006745430976599027]
	[4.37966929796557, 4.37966929796557] [-0.0029560897860929666, 0.006745430976599027]
	[4.37966929796557, 4.37966929796557] [-0.0029560897860929666, 0.006745430976599027]
	[4.37966929796557, 4.37966929796557] [-0.0029560897860929666, 0.006745430976599027]
	[4.37966929796557, 4.37966929796557] [-0.0029560897860929666, 0.006745430976599027]
	[4.37966929796557, 4.37966929796557] [-0.0029560897860929666, 0.006745430976599027]
	[3.8607578845322674, 3.8607578845322674] [0.0007783474719998923, 0.007323488314753854]
	[3.8607578845322674, 3.8607578845322674] [0.0007783474719998923, 0.007323488314753854]
	[3.9206976169238206, 3.9206976169238206] [0.0003382445531958315, 0.007356962451021358]
	[4.512717290354919, 4.512717290354919] [-0.003824784953328817, 0.006293673485675463]
	[4.512717290354919, 4.512717290354919] [-0.003824784953328817, 0.006293673485675463]
	[4.512717290354919, 4.512717290354919] [-0.003824784953328817, 0.006293673485675463]
	[3.90425919414355, 3.90425919414355] [0.00045913026630237753, 0.007350408511237314]
	[4.571846817632322, 4.571846817632322] [-0.004190025724071438, 0.006056648439122455]
	[5.088990735632473, 5.088990735632473] [-0.006636520315342493, 0.003193102564521099]
	[5.088990735632473, 5.088990735632473] [-0.006636520315342493, 0.003193102564521099]
	[5.088990735632473, 5.088990735632473] [-0.006636520315342493, 0.003193102564521099]
	[5.088990735632473, 5.088990735632473] [-0.006636520315342493, 0.003193102564521099]
	[5.088990735632473, 5.088990735632473] [-0.006636520315342493, 0.003193102564521099]
	[5.088990735632473, 5.088990735632473] [-0.006636520315342493, 0.003193102564521099]
	[5.215605412529586, 5.215605412529586] [-0.006986609689349189, 0.0023295044391880592]
	[5.215605412529586, 5.215605412529586] [-0.006986609689349189, 0.0023295044391880592]
	[5.215605412529586, 5.215605412529586] [-0.006986609689349189, 0.0023295044391880592]
	[4.878359698298413, 4.878359698298413] [-0.005822243326677031, 0.00451007633288724]
	[4.413089657290066, 4.413089657290066] [-0.003179831845163363, 0.0066428890793080245]
	[4.413089657290066, 4.413089657290066] [-0.003179831845163363, 0.0066428890793080245]
	[4.413089657290066, 4.413089657290066] [-0.003179831845163363, 0.0066428890793080245]
	[3.529449367192257, 3.529449367192257] [0.0031182081421605437, 0.006672037459852016]
	[3.529449367192257, 3.529449367192257] [0.0031182081421605437, 0.006672037459852016]
	[3.529449367192257, 3.529449367192257] [0.0031182081421605437, 0.006672037459852016]
	[2.9078609050786572, 2.9078609050786572] [0.006420270445098121, 0.003608245182260266]
	[2.9078609050786572, 2.9078609050786572] [0.006420270445098121, 0.003608245182260266]
