source:
	0.14272990306016942,0.07336133329125105
target:
	0.7474272991585493,0.7612609667440914
points:
	[0.002839457332375709, 0.002839457332375709] [0.006027416993747689, 0.0068961387050111515]
	[0.002839457332375709, 0.002839457332375709] [0.006027416993747689, 0.0068961387050111515]
	[0.002839457332375709, 0.002839457332375709] [0.006027416993747689, 0.0068961387050111515]
	[0.07860947411854059, 0.07860947411854059] [0.005488102566189146, 0.00733261310027056]
	[0.07860947411854059, 0.07860947411854059] [0.005488102566189146, 0.00733261310027056]
	[0.07860947411854059, 0.07860947411854059] [0.005488102566189146, 0.00733261310027056]
	[0.07860947411854059, 0.07860947411854059] [0.005488102566189146, 0.00733261310027056]
	[0.905203635936446, 0.905203635936446] [-0.001676520755456413, 0.009004208061334167]
	[0.905203635936446, 0.905203635936446] [-0.001676520755456413, 0.009004208061334167]
	[0.27718205019420583, 0.27718205019420583] [0.0039337510185042095, 0.008271159989970476]
	[0.27718205019420583, 0.27718205019420583] [0.0039337510185042095, 0.008271159989970476]
	[0.27718205019420583, 0.27718205019420583] [0.0039337510185042095, 0.008271159989970476]
	[0.27718205019420583, 0.27718205019420583] [0.0039337510185042095, 0.008271159989970476]
	[-0.6310111528582849, -0.6310111528582849] [0.008940859497868854, 0.001986835698954397]
	[-0.6310111528582849, -0.6310111528582849] [0.008940859497868854, 0.001986835698954397]
	[-1.2006287141802936, -1.2006287141802936] [0.008600683387768943, -0.0031487664122044124]
	[-0.35591048148985516, -0.35591048148985516] [0.008064952361903684, 0.004340855682408191]
	[-0.03676884622306509, -0.03676884622306509] [0.006295762594400055, 0.0066520566752113885]
	[-0.03676884622306509, -0.03676884622306509] [0.006295762594400055, 0.0066520566752113885]
	[0.4824759865561381, 0.4824759865561381] [0.002165029836197083, 0.008899389330939946]
	[0.4824759865561381, 0.4824759865561381] [0.002165029836197083, 0.008899389330939946]
	[0.34192203747929173, 0.34192203747929173] [0.003390409380953626, 0.008508325856760129]
	[0.34192203747929173, 0.34192203747929173] [0.003390409380953626, 0.008508325856760129]
	[0.506081259948428, 0.506081259948428] [0.0019543736675461465, 0.008948011411641893]
	[0.506081259948428, 0.506081259948428] [0.0019543736675461465, 0.008948011411641893]
	[0.506081259948428, 0.506081259948428] [0.0019543736675461465, 0.008948011411641893]
	[0.506081259948428, 0.506081259948428] [0.0019543736675461465, 0.008948011411641893]
	[0.506081259948428, 0.506081259948428] [0.0019543736675461465, 0.008948011411641893]
	[0.506081259948428, 0.506081259948428] [0.0019543736675461465, 0.008948011411641893]
	[0.506081259948428, 0.506081259948428] [0.0019543736675461465, 0.008948011411641893]
	[1.383242443165605, 1.383242443165605] [-0.005630865214293972, 0.0072235615587967]
	[1.383242443165605, 1.383242443165605] [-0.005630865214293972, 0.0072235615587967]
	[1.383242443165605, 1.383242443165605] [-0.005630865214293972, 0.0072235615587967]
	[1.383242443165605, 1.383242443165605] [-0.005630865214293972, 0.0072235615587967]
	[1.1820864302608178, 1.1820864302608178] [-0.004074042649078032, 0.008202966606585971]
	[1.1820864302608178, 1.1820864302608178] [-0.004074042649078032, 0.008202966606585971]
	[1.1820864302608178, 1.1820864302608178] [-0.004074042649078032, 0.008202966606585971]
	[0.5441955424969567, 0.5441955424969567] [0.001611989813405671, 0.009015984333213298]
	[0.5441955424969567, 0.5441955424969567] [0.001611989813405671, 0.009015984333213298]
	[0.5441955424969567, 0.5441955424969567] [0.001611989813405671, 0.009015984333213298]
	[0.5441955424969567, 0.5441955424969567] [0.001611989813405671, 0.009015984333213298]
	[0.9082539255431342, 0.9082539255431342] [-0.0017039783557393534, 0.008999052306684472]
	[0.9082539255431342, 0.9082539255431342] [-0.0017039783557393534, 0.008999052306684472]
	[0.20963833368067109, 0.20963833368067109] [0.0044830214377893345, 0.007986801828240924]
	[0.22286660483137727, 0.22286660483137727] [0.0043769807089598725, 0.008045403938191323]
	[-0.011628543734591573, -0.011628543734591573] [0.006126556027450995, 0.006808215323987279]
	[-0.011628543734591573, -0.011628543734591573] [0.006126556027450995, 0.006808215323987279]
	[-0.011628543734591573, -0.011628543734591573] [0.006126556027450995, 0.006808215323987279]
	[-0.011628543734591573, -0.011628543734591573] [0.006126556027450995, 0.006808215323987279]
	[-0.011628543734591573, -0.011628543734591573] [0.006126556027450995, 0.006808215323987279]
	[-0.011628543734591573, -0.011628543734591573] [0.006126556027450995, 0.006808215323987279]
	[0.8267416154228191, 0.8267416154228191] [-0.0009655991398789239, 0.009107914303304373]
	[0.8267416154228191, 0.8267416154228191] [-0.0009655991398789239, 0.009107914303304373]
	[0.8267416154228191, 0.8267416154228191] [-0.0009655991398789239, 0.009107914303304373]
	[1.5410348887288374, 1.5410348887288374] [-0.0066960099724600606, 0.00624899472747311]
	[1.0548700264320825, 1.0548700264320825] [-0.0030003805268587775, 0.008653565817009653]
	[1.0548700264320825, 1.0548700264320825] [-0.0030003805268587775, 0.008653565817009653]
	[1.581464769795238, 1.581464769795238] [-0.006943115442724114, 0.005973243055851424]
	[1.581464769795238, 1.581464769795238] [-0.006943115442724114, 0.005973243055851424]
	[1.581464769795238, 1.581464769795238] [-0.006943115442724114, 0.005973243055851424]
	[2.3870614874294116, 2.3870614874294116] [-0.009117530353960705, -0.0008701292432027052]
	[2.7783942498574987, 2.7783942498574987] [-0.008096373721305478, -0.004281964177830709]
	[2.7783942498574987, 2.7783942498574987] [-0.008096373721305478, -0.004281964177830709]
	[2.7783942498574987, 2.7783942498574987] [-0.008096373721305478, -0.004281964177830709]
	[2.7783942498574987, 2.7783942498574987] [-0.008096373721305478, -0.004281964177830709]
	[2.7783942498574987, 2.7783942498574987] [-0.008096373721305478, -0.004281964177830709]
	[3.53458153906794, 3.53458153906794] [-0.0029516849869654395, -0.008670296442048227]
	[2.7551925739051693, 2.7551925739051693] [-0.008193534440152476, -0.004092979114692202]
	[2.7551925739051693, 2.7551925739051693] [-0.008193534440152476, -0.004092979114692202]
	[2.7551925739051693, 2.7551925739051693] [-0.008193534440152476, -0.004092979114692202]
	[2.5893535167091146, 2.5893535167091146] [-0.008756789437023167, -0.0026842360944802908]
	[2.5893535167091146, 2.5893535167091146] [-0.008756789437023167, -0.0026842360944802908]
	[2.5893535167091146, 2.5893535167091146] [-0.008756789437023167, -0.0026842360944802908]
	[2.5893535167091146, 2.5893535167091146] [-0.008756789437023167, -0.0026842360944802908]
	[2.5893535167091146, 2.5893535167091146] [-0.008756789437023167, -0.0026842360944802908]
	[2.5893535167091146, 2.5893535167091146] [-0.008756789437023167, -0.0026842360944802908]
	[2.5893535167091146, 2.5893535167091146] [-0.008756789437023167, -0.0026842360944802908]
	[2.5893535167091146, 2.5893535167091146] [-0.008756789437023167, -0.0026842360944802908]
	[2.5893535167091146, 2.5893535167091146] [-0.008756789437023167, -0.0026842360944802908]
	[2.5893535167091146, 2.5893535167091146] [-0.008756789437023167, -0.0026842360944802908]
