source:
	0.14521437016292882,0.17967925337366575
target:
	0.8488265068469159,0.8807072254258
points:
	[0, 0] [0.0070361213668398695, 0.007010279720521344]
	[0, 0] [0.0070361213668398695, 0.007010279720521344]
	[-0.08847935896276897, -0.08847935896276897] [0.00762805392225844, 0.006361117748318371]
	[-0.05256997827224853, -0.05256997827224853] [0.007394761614875205, 0.006630876737507765]
	[0.1256111595472867, 0.1256111595472867] [0.0061024302146800834, 0.007836540762594995]
	[0.1256111595472867, 0.1256111595472867] [0.0061024302146800834, 0.007836540762594995]
	[0.6790236155449894, 0.6790236155449894] [0.0010727225842272101, 0.009874223610296775]
	[0.6790236155449894, 0.6790236155449894] [0.0010727225842272101, 0.009874223610296775]
	[0.6790236155449894, 0.6790236155449894] [0.0010727225842272101, 0.009874223610296775]
	[1.5696355887619595, 1.5696355887619595] [-0.007002107906161225, 0.0070442537233782136]
	[1.5696355887619595, 1.5696355887619595] [-0.007002107906161225, 0.0070442537233782136]
	[1.5696355887619595, 1.5696355887619595] [-0.007002107906161225, 0.0070442537233782136]
	[1.3829836258486599, 1.3829836258486599] [-0.0055732859928604266, 0.008221283895514077]
	[1.9859072317108428, 1.9859072317108428] [-0.009252515243059225, 0.0036113691760619104]
	[1.9859072317108428, 1.9859072317108428] [-0.009252515243059225, 0.0036113691760619104]
	[1.3330050017272919, 1.3330050017272919] [-0.005155609367764582, 0.00848944743171612]
	[1.3330050017272919, 1.3330050017272919] [-0.005155609367764582, 0.00848944743171612]
	[1.986740103921326, 1.986740103921326] [-0.009255519842615773, 0.0036036617615696227]
	[2.8677394965375003, 2.8677394965375003] [-0.008669808379121272, -0.004846178733618061]
	[2.8677394965375003, 2.8677394965375003] [-0.008669808379121272, -0.004846178733618061]
	[2.8677394965375003, 2.8677394965375003] [-0.008669808379121272, -0.004846178733618061]
	[2.8677394965375003, 2.8677394965375003] [-0.008669808379121272, -0.004846178733618061]
	[2.8677394965375003, 2.8677394965375003] [-0.008669808379121272, -0.004846178733618061]
	[2.8106505705169837, 2.8106505705169837] [-0.008932197015247478, -0.004343602436878565]
	[2.8106505705169837, 2.8106505705169837] [-0.008932197015247478, -0.004343602436878565]
	[3.6803559561619386, 3.6803559561619386] [-0.002442613170261512, -0.009627287600841597]
	[4.496836302458954, 4.496836302458954] [0.005343112812537586, -0.008372703931308574]
	[4.496836302458954, 4.496836302458954] [0.005343112812537586, -0.008372703931308574]
	[4.496836302458954, 4.496836302458954] [0.005343112812537586, -0.008372703931308574]
	[4.496836302458954, 4.496836302458954] [0.005343112812537586, -0.008372703931308574]
	[5.0516960284451535, 5.0516960284451535] [0.008952450843896113, -0.004301703097201985]
	[5.457275507511077, 5.457275507511077] [0.009923416102608428, -0.00042052170377415737]
	[5.457275507511077, 5.457275507511077] [0.009923416102608428, -0.00042052170377415737]
	[5.457275507511077, 5.457275507511077] [0.009923416102608428, -0.00042052170377415737]
	[5.922391730167943, 5.922391730167943] [0.009057861283487572, 0.0040750674372272986]
	[5.922391730167943, 5.922391730167943] [0.009057861283487572, 0.0040750674372272986]
	[6.206251788863758, 6.206251788863758] [0.00755410267346492, 0.0064487641023380235]
	[6.206251788863758, 6.206251788863758] [0.00755410267346492, 0.0064487641023380235]
	[6.206251788863758, 6.206251788863758] [0.00755410267346492, 0.0064487641023380235]
	[6.206251788863758, 6.206251788863758] [0.00755410267346492, 0.0064487641023380235]
	[6.206251788863758, 6.206251788863758] [0.00755410267346492, 0.0064487641023380235]
	[6.206251788863758, 6.206251788863758] [0.00755410267346492, 0.0064487641023380235]
	[6.206251788863758, 6.206251788863758] [0.00755410267346492, 0.0064487641023380235]
	[6.206251788863758, 6.206251788863758] [0.00755410267346492, 0.0064487641023380235]
	[6.206251788863758, 6.206251788863758] [0.00755410267346492, 0.0064487641023380235]
	[7.04723198240502, 7.04723198240502] [0.0002303220280147909, 0.009929651424509548]
	[7.04723198240502, 7.04723198240502] [0.0002303220280147909, 0.009929651424509548]
	[7.807340287646571, 7.807340287646571] [-0.006674600767684342, 0.007355319859862042]
	[7.807340287646571, 7.807340287646571] [-0.006674600767684342, 0.007355319859862042]
	[6.902423155419643, 6.902423155419643] [0.00166079243865207, 0.00979248661600155]
	[7.046205995091355, 7.046205995091355] [0.00024050960139387873, 0.009929409890849039]
	[7.046205995091355, 7.046205995091355] [0.00024050960139387873, 0.009929409890849039]
	[7.046205995091355, 7.046205995091355] [0.00024050960139387873, 0.009929409890849039]
	[7.046205995091355, 7.046205995091355] [0.00024050960139387873, 0.009929409890849039]
	[7.046205995091355, 7.046205995091355] [0.00024050960139387873, 0.009929409890849039]
	[7.523827485766559, 7.523827485766559] [-0.0043506390772547225, 0.008928771767063907]
	[7.3943192694801745, 7.3943192694801745] [-0.0031610852021337664, 0.009415867776987117]
	[7.3943192694801745, 7.3943192694801745] [-0.0031610852021337664, 0.009415867776987117]
	[7.622137110038254, 7.622137110038254] [-0.005206002963434188, 0.00845863811695286]
	[6.94441262334821, 6.94441262334821] [0.00124826808270314, 0.009853570542831567]
	[6.94441262334821, 6.94441262334821] [0.00124826808270314, 0.009853570542831567]
	[6.254593510481872, 6.254593510481872] [0.007233654764894418, 0.006806266553050479]
	[5.91858101607942, 5.91858101607942] [0.009073324395822023, 0.00404052101306679]
	[5.91858101607942, 5.91858101607942] [0.009073324395822023, 0.00404052101306679]
	[5.91858101607942, 5.91858101607942] [0.009073324395822023, 0.00404052101306679]
	[5.91858101607942, 5.91858101607942] [0.009073324395822023, 0.00404052101306679]
	[5.91858101607942, 5.91858101607942] [0.009073324395822023, 0.00404052101306679]
	[5.91858101607942, 5.91858101607942] [0.009073324395822023, 0.00404052101306679]
	[5.91858101607942, 5.91858101607942] [0.009073324395822023, 0.00404052101306679]
	[5.91858101607942, 5.91858101607942] [0.009073324395822023, 0.00404052101306679]
	[5.91858101607942, 5.91858101607942] [0.009073324395822023, 0.00404052101306679]
	[5.91858101607942, 5.91858101607942] [0.009073324395822023, 0.00404052101306679]
	[5.286030264496603, 5.286030264496603] [0.00970660866935942, -0.0021054153482792637]
	[4.615358783503491, 4.615358783503491] [0.006295659739486608, -0.007682167278409186]
	[4.615358783503491, 4.615358783503491] [0.006295659739486608, -0.007682167278409186]
	[4.615358783503491, 4.615358783503491] [0.006295659739486608, -0.007682167278409186]
	[4.615358783503491, 4.615358783503491] [0.006295659739486608, -0.007682167278409186]
	[4.615358783503491, 4.615358783503491] [0.006295659739486608, -0.007682167278409186]
	[4.615358783503491, 4.615358783503491] [0.006295659739486608, -0.007682167278409186]
	[5.503901349700017, 5.503901349700017] [0.009932231531463697, 4.245532065215027e-05]
	[6.291122754040968, 6.291122754040968] [0.006980256580926429, 0.00706590714015452]
	[5.900058389134466, 5.900058389134466] [0.00914660475123589, 0.0038717757132254466]
	[5.900058389134466, 5.900058389134466] [0.00914660475123589, 0.0038717757132254466]
	[5.156112449871806, 5.156112449871806] [0.009352044517396995, -0.00334518893240399]
	[5.156112449871806, 5.156112449871806] [0.009352044517396995, -0.00334518893240399]
