source:
	0.8537173538175911,0.223375786263038
target:
	0.22827352796044098,0.4110419120861205
points:
	[-0.8941903831635052, -0.8941903831635052] [-0.005379455555184329, -0.0037015285137661537]
	[-0.8941903831635052, -0.8941903831635052] [-0.005379455555184329, -0.0037015285137661537]
	[-1.6492037518386689, -1.6492037518386689] [-0.00138100352980748, -0.006382216281127324]
	[-1.400961361636519, -1.400961361636519] [-0.0029067843432521627, -0.0058472609134749155]
	[-1.400961361636519, -1.400961361636519] [-0.0029067843432521627, -0.0058472609134749155]
	[-1.400961361636519, -1.400961361636519] [-0.0029067843432521627, -0.0058472609134749155]
	[-1.5479753538578362, -1.5479753538578362] [-0.002018892577309177, -0.006209986165017867]
	[-1.5479753538578362, -1.5479753538578362] [-0.002018892577309177, -0.006209986165017867]
	[-1.76481252339347, -1.76481252339347] [-0.000635587284749715, -0.006498914079436031]
	[-1.186794344310814, -1.186794344310814] [-0.004083114398989661, -0.0050958838500490475]
	[-1.186794344310814, -1.186794344310814] [-0.004083114398989661, -0.0050958838500490475]
	[-1.186794344310814, -1.186794344310814] [-0.004083114398989661, -0.0050958838500490475]
	[-1.186794344310814, -1.186794344310814] [-0.004083114398989661, -0.0050958838500490475]
	[-1.186794344310814, -1.186794344310814] [-0.004083114398989661, -0.0050958838500490475]
	[-1.186794344310814, -1.186794344310814] [-0.004083114398989661, -0.0050958838500490475]
	[-0.509349644719674, -0.509349644719674] [-0.0063755891482588515, -0.0014112825447200061]
	[-0.7424534030455436, -0.7424534030455436] [-0.005877151649685899, -0.002845864349371158]
	[-0.7424534030455436, -0.7424534030455436] [-0.005877151649685899, -0.002845864349371158]
	[-0.7424534030455436, -0.7424534030455436] [-0.005877151649685899, -0.002845864349371158]
	[-0.7424534030455436, -0.7424534030455436] [-0.005877151649685899, -0.002845864349371158]
	[-0.7424534030455436, -0.7424534030455436] [-0.005877151649685899, -0.002845864349371158]
	[-0.7424534030455436, -0.7424534030455436] [-0.005877151649685899, -0.002845864349371158]
	[-0.7424534030455436, -0.7424534030455436] [-0.005877151649685899, -0.002845864349371158]
	[-0.7424534030455436, -0.7424534030455436] [-0.005877151649685899, -0.002845864349371158]
	[-0.7424534030455436, -0.7424534030455436] [-0.005877151649685899, -0.002845864349371158]
	[-0.7424534030455436, -0.7424534030455436] [-0.005877151649685899, -0.002845864349371158]
	[-0.7424534030455436, -0.7424534030455436] [-0.005877151649685899, -0.002845864349371158]
	[-1.0274162132110216, -1.0274162132110216] [-0.00484010411510058, -0.004383291863818087]
	[-1.0274162132110216, -1.0274162132110216] [-0.00484010411510058, -0.004383291863818087]
	[-1.8407259513410918, -1.8407259513410918] [-0.000140875640106636, -0.006528400222294276]
	[-1.8407259513410918, -1.8407259513410918] [-0.000140875640106636, -0.006528400222294276]
	[-1.8407259513410918, -1.8407259513410918] [-0.000140875640106636, -0.006528400222294276]
	[-1.8407259513410918, -1.8407259513410918] [-0.000140875640106636, -0.006528400222294276]
	[-1.8407259513410918, -1.8407259513410918] [-0.000140875640106636, -0.006528400222294276]
	[-1.8407259513410918, -1.8407259513410918] [-0.000140875640106636, -0.006528400222294276]
	[-1.5311129311030247, -1.5311129311030247] [-0.002123316006439615, -0.006175061501331362]
	[-2.3168820823097502, -2.3168820823097502] [0.002867193414610127, -0.00586677571853942]
	[-2.3168820823097502, -2.3168820823097502] [0.002867193414610127, -0.00586677571853942]
	[-2.3168820823097502, -2.3168820823097502] [0.002867193414610127, -0.00586677571853942]
	[-2.3168820823097502, -2.3168820823097502] [0.002867193414610127, -0.00586677571853942]
	[-2.3168820823097502, -2.3168820823097502] [0.002867193414610127, -0.00586677571853942]
	[-2.807500052268895, -2.807500052268895] [0.005293239501012398, -0.003823803210594058]
	[-2.807500052268895, -2.807500052268895] [0.005293239501012398, -0.003823803210594058]
	[-3.3307557032961794, -3.3307557032961794] [0.00649575295866455, -0.0006671198606158777]
	[-3.7798026896657477, -3.7798026896657477] [0.0061413734783287086, 0.002218870705586096]
	[-3.7798026896657477, -3.7798026896657477] [0.0061413734783287086, 0.002218870705586096]
	[-4.064485496461695, -4.064485496461695] [0.005271011439747297, 0.0038543863078939733]
	[-4.064485496461695, -4.064485496461695] [0.005271011439747297, 0.0038543863078939733]
	[-3.8395905420996086, -3.8395905420996086] [0.00599781781639672, 0.0025818669310678027]
	[-3.8395905420996086, -3.8395905420996086] [0.00599781781639672, 0.0025818669310678027]
	[-3.8395905420996086, -3.8395905420996086] [0.00599781781639672, 0.0025818669310678027]
	[-3.9543945863785144, -3.9543945863785144] [0.0056625775995150915, 0.0032519333231013988]
	[-3.9543945863785144, -3.9543945863785144] [0.0056625775995150915, 0.0032519333231013988]
	[-3.9543945863785144, -3.9543945863785144] [0.0056625775995150915, 0.0032519333231013988]
	[-3.9543945863785144, -3.9543945863785144] [0.0056625775995150915, 0.0032519333231013988]
	[-3.9543945863785144, -3.9543945863785144] [0.0056625775995150915, 0.0032519333231013988]
	[-3.9543945863785144, -3.9543945863785144] [0.0056625775995150915, 0.0032519333231013988]
	[-3.9543945863785144, -3.9543945863785144] [0.0056625775995150915, 0.0032519333231013988]
	[-3.8701770710866774, -3.8701770710866774] [0.0059160544135662355, 0.0027640831362589057]
	[-4.197634918818062, -4.197634918818062] [0.004712661932139944, 0.004520030190362274]
	[-4.382897693499556, -4.382897693499556] [0.0037994069583199785, 0.00531077792545472]
	[-3.6995862744644303, -3.6995862744644303] [0.006299424236112305, 0.001719624872438264]
	[-3.6995862744644303, -3.6995862744644303] [0.006299424236112305, 0.001719624872438264]
	[-3.9499910593585645, -3.9499910593585645] [0.005676842627916019, 0.0032269665610760445]
	[-3.9499910593585645, -3.9499910593585645] [0.005676842627916019, 0.0032269665610760445]
