source:
	0.9569105852824827,0.711979872271213
target:
	0.40034421730838265,0.15071628443749052
points:
	[-0.8738658935076694, -0.8738658935076694] [-0.00787627468881355, 0.0006652749244796563]
	[-1.2940165464899285, -1.2940165464899285] [-0.006919891068996291, 0.003820131056915688]
	[-1.2940165464899285, -1.2940165464899285] [-0.006919891068996291, 0.003820131056915688]
	[-1.2940165464899285, -1.2940165464899285] [-0.006919891068996291, 0.003820131056915688]
	[-1.667013967971367, -1.667013967971367] [-0.005051986360409495, 0.0060791222650167865]
	[-1.3988192265411954, -1.3988192265411954] [-0.006482295700076642, 0.004523067118179244]
	[-1.3988192265411954, -1.3988192265411954] [-0.006482295700076642, 0.004523067118179244]
	[-1.3988192265411954, -1.3988192265411954] [-0.006482295700076642, 0.004523067118179244]
	[-1.3988192265411954, -1.3988192265411954] [-0.006482295700076642, 0.004523067118179244]
	[-1.3988192265411954, -1.3988192265411954] [-0.006482295700076642, 0.004523067118179244]
	[-1.5200192988593773, -1.5200192988593773] [-0.005887888319040352, 0.00527361970958227]
	[-1.2172755031036833, -1.2172755031036833] [-0.007192397979540401, 0.0032783692596609028]
	[-0.9553187827167255, -0.9553187827167255] [-0.007796032605966792, 0.0013039054051153577]
	[-0.9553187827167255, -0.9553187827167255] [-0.007796032605966792, 0.0013039054051153577]
	[-0.9553187827167255, -0.9553187827167255] [-0.007796032605966792, 0.0013039054051153577]
	[-0.9553187827167255, -0.9553187827167255] [-0.007796032605966792, 0.0013039054051153577]
	[-0.29429110755398613, -0.29429110755398613] [-0.00695439431852698, -0.0037569526695482975]
	[-0.35091416904124273, -0.35091416904124273] [-0.007155865313209949, -0.0033573628517014763]
	[0.5044210562801065, 0.5044210562801065] [-0.002159894145949312, -0.007603495970741373]
	[1.1342372084046513, 1.1342372084046513] [0.0027329423865748038, -0.007416826788489079]
	[1.1342372084046513, 1.1342372084046513] [0.0027329423865748038, -0.007416826788489079]
	[1.3887155054843343, 1.3887155054843343] [0.0045120433166973605, -0.006489973713893847]
	[1.3887155054843343, 1.3887155054843343] [0.0045120433166973605, -0.006489973713893847]
	[0.7987762131931381, 0.7987762131931381] [0.00013895170290260708, -0.007903099779393328]
	[1.0086737241270072, 1.0086737241270072] [0.0017825892221298649, -0.007700692784674171]
	[0.2131916078413545, 0.2131916078413545] [-0.004252137144584787, -0.006663154163189439]
	[1.1247576068606682, 1.1247576068606682] [0.0026625120828456324, -0.007442400359258257]
	[1.1247576068606682, 1.1247576068606682] [0.0026625120828456324, -0.007442400359258257]
	[1.1247576068606682, 1.1247576068606682] [0.0026625120828456324, -0.007442400359258257]
	[1.5130705344559507, 1.5130705344559507] [0.005282183131451591, -0.005880207059670149]
	[1.5130705344559507, 1.5130705344559507] [0.005282183131451591, -0.005880207059670149]
	[0.6558680250175603, 0.6558680250175603] [-0.0009880420634992416, -0.0078423253298714]
	[0.6558680250175603, 0.6558680250175603] [-0.0009880420634992416, -0.0078423253298714]
	[0.6558680250175603, 0.6558680250175603] [-0.0009880420634992416, -0.0078423253298714]
	[0.6558680250175603, 0.6558680250175603] [-0.0009880420634992416, -0.0078423253298714]
	[0.6558680250175603, 0.6558680250175603] [-0.0009880420634992416, -0.0078423253298714]
	[1.4471761422632157, 1.4471761422632157] [0.004883527148063131, -0.006215259953768369]
	[0.9419075844211868, 0.9419075844211868] [0.0012648539288223968, -0.007802463600525731]
	[0.49943558353649337, 0.49943558353649337] [-0.0021977741688758985, -0.007592633429937748]
	[1.0465453776583402, 1.0465453776583402] [0.002072879284671356, -0.007627677573807559]
	[1.0465453776583402, 1.0465453776583402] [0.002072879284671356, -0.007627677573807559]
	[0.8557731445017589, 0.8557731445017589] [0.0005889346423949603, -0.007882350517819766]
	[0.8557731445017589, 0.8557731445017589] [0.0005889346423949603, -0.007882350517819766]
	[0.8557731445017589, 0.8557731445017589] [0.0005889346423949603, -0.007882350517819766]
	[0.8557731445017589, 0.8557731445017589] [0.0005889346423949603, -0.007882350517819766]
	[0.8557731445017589, 0.8557731445017589] [0.0005889346423949603, -0.007882350517819766]
	[0.3501075629924303, 0.3501075629924303] [-0.003302899644292261, -0.007181166175386868]
	[0.3501075629924303, 0.3501075629924303] [-0.003302899644292261, -0.007181166175386868]
	[0.3501075629924303, 0.3501075629924303] [-0.003302899644292261, -0.007181166175386868]
	[0.3501075629924303, 0.3501075629924303] [-0.003302899644292261, -0.007181166175386868]
	[0.3501075629924303, 0.3501075629924303] [-0.003302899644292261, -0.007181166175386868]
	[0.3501075629924303, 0.3501075629924303] [-0.003302899644292261, -0.007181166175386868]
	[-0.5467383447717931, -0.5467383447717931] [-0.007672358789837328, -0.0019008430494894383]
	[-1.0738986051357415, -1.0738986051357415] [-0.007587031337560086, 0.0022170361254764464]
	[-0.6556332815561028, -0.6556332815561028] [-0.007833497234228074, -0.001055753181443244]
	[-0.6556332815561028, -0.6556332815561028] [-0.007833497234228074, -0.001055753181443244]
	[-1.500394606089419, -1.500394606089419] [-0.005990241082119474, 0.005157063648712756]
	[-0.5527467586262063, -0.5527467586262063] [-0.007683641283194619, -0.001854710308909119]
	[-0.09777492060803267, -0.09777492060803267] [-0.006086982244987852, -0.005042513346337227]
	[-0.09777492060803267, -0.09777492060803267] [-0.006086982244987852, -0.005042513346337227]
	[-0.09777492060803267, -0.09777492060803267] [-0.006086982244987852, -0.005042513346337227]
	[-0.09777492060803267, -0.09777492060803267] [-0.006086982244987852, -0.005042513346337227]
	[0.309505354709468, 0.309505354709468] [-0.0035916686385902325, -0.0070411795950219725]
	[1.2089695566257206, 1.2089695566257206] [0.003279075394111236, -0.007192076074300149]
	[1.2089695566257206, 1.2089695566257206] [0.003279075394111236, -0.007192076074300149]
	[0.30602841114655144, 0.30602841114655144] [-0.003616128663266824, -0.007028649030182579]
	[0.30602841114655144, 0.30602841114655144] [-0.003616128663266824, -0.007028649030182579]
