source:
	0.34570979272377755,0.24115955176545378
target:
	0.09009625869979965,0.9127491486418106
points:
	[0.7431780585656093, 0.7431780585656093] [0.002662047636580035, 0.006674622754991935]
	[-0.1438515353226677, -0.1438515353226677] [-0.0034924969829710686, 0.006280091668504167]
	[-1.0706300892984446, -1.0706300892984446] [-0.00711906731392778, 0.0009777357110398312]
	[-1.0706300892984446, -1.0706300892984446] [-0.00711906731392778, 0.0009777357110398312]
	[-1.076364932978164, -1.076364932978164] [-0.0071245573774957075, 0.0009368931185834156]
	[-0.2709302884347472, -0.2709302884347472] [-0.004260254685409126, 0.005786822665014632]
	[-0.3156740788673237, -0.3156740788673237] [-0.004514828861956463, 0.0055904746567820495]
	[-0.17632712513149879, -0.17632712513149879] [-0.00369456927267744, 0.006163379302806632]
	[-0.17632712513149879, -0.17632712513149879] [-0.00369456927267744, 0.006163379302806632]
	[-0.2685361266068367, -0.2685361266068367] [-0.004246387898808208, 0.005797005809358197]
	[-0.37806428152386024, -0.37806428152386024] [-0.004854609252431909, 0.005298099239074329]
	[-0.37806428152386024, -0.37806428152386024] [-0.004854609252431909, 0.005298099239074329]
	[-1.09354302768701, -1.09354302768701] [-0.007139599468646014, 0.0008143745871446473]
	[-0.42973193451004155, -0.42973193451004155] [-0.005121749467038586, 0.0050403143689424215]
	[-0.42973193451004155, -0.42973193451004155] [-0.005121749467038586, 0.0050403143689424215]
	[-0.32768584901594244, -0.32768584901594244] [-0.004581653042010901, 0.005535841575001017]
	[-0.4571448167868383, -0.4571448167868383] [-0.0052579774170889975, 0.004898036343501301]
	[-0.4571448167868383, -0.4571448167868383] [-0.0052579774170889975, 0.004898036343501301]
	[0.08513007555763247, 0.08513007555763247] [-0.001975844189515359, 0.0069089164331055455]
	[0.08513007555763247, 0.08513007555763247] [-0.001975844189515359, 0.0069089164331055455]
	[0.5512483525065806, 0.5512483525065806] [0.0013399592277422603, 0.007059858058691112]
	[0.8848649334242995, 0.8848649334242995] [0.003577917188767543, 0.006231821172915605]
	[-0.06617341333348403, -0.06617341333348403] [-0.0029946303140461835, 0.006532172366301515]
	[-0.06617341333348403, -0.06617341333348403] [-0.0029946303140461835, 0.006532172366301515]
	[-0.3866536010734915, -0.3866536010734915] [-0.0048999366835249135, 0.005256206525463429]
	[-1.1065418014620834, -1.1065418014620834] [-0.007149581867707053, 0.0007215023616260611]
	[-0.1971942987448978, -0.1971942987448978] [-0.003822367894570424, 0.00608494784032162]
	[0.5684271612043673, 0.5684271612043673] [0.0014610354998648004, 0.007035798590708257]
	[0.5684462337078702, 0.5684462337078702] [0.0014611696898923262, 0.007035770723823897]
	[-0.04874916576253063, -0.04874916576253063] [-0.0028803633047822896, 0.006583357332952625]
	[-0.10851165407912597, -0.10851165407912597] [-0.003268424807564663, 0.006399569190045012]
	[-0.5846291339844661, -0.5846291339844661] [-0.0058380410818640715, 0.004189792699805666]
	[-0.23994880780901046, -0.23994880780901046] [-0.004078954587073362, 0.005916013524111541]
	[-0.3894924737746465, -0.3894924737746465] [-0.0049148386199316454, 0.005242275067268587]
	[0.40141793609122484, 0.40141793609122484] [0.00027111867225262535, 0.007180778593330493]
	[0.40141793609122484, 0.40141793609122484] [0.00027111867225262535, 0.007180778593330493]
	[0.3548712268545114, 0.3548712268545114] [-6.329590897737152e-05, 0.007185616199657772]
	[-0.4192298574008136, -0.4192298574008136] [-0.0050685342243607665, 0.005093824433307558]
	[-0.6530590038167838, -0.6530590038167838] [-0.006110860935358453, 0.0037808021859900938]
	[-0.6530590038167838, -0.6530590038167838] [-0.006110860935358453, 0.0037808021859900938]
	[-1.269202769960839, -1.269202769960839] [-0.0071720497261683926, -0.00044585789916222793]
	[-1.269202769960839, -1.269202769960839] [-0.0071720497261683926, -0.00044585789916222793]
	[-1.269202769960839, -1.269202769960839] [-0.0071720497261683926, -0.00044585789916222793]
	[-0.7489883173556935, -0.7489883173556935] [-0.006444898839198152, 0.0031781072186727395]
	[-0.6344596239147468, -0.6344596239147468] [-0.006039487457737056, 0.003893799916368875]
	[-0.6376038613692437, -0.6376038613692437] [-0.006051700615247584, 0.0038747911175042045]
	[-0.6376038613692437, -0.6376038613692437] [-0.006051700615247584, 0.0038747911175042045]
	[-0.1349233328527224, -0.1349233328527224] [-0.0034362886005061045, 0.006311022674250923]
	[0.3493920222128766, 0.3493920222128766] [-0.00010266622348974843, 0.007185161528276996]
	[0.3493920222128766, 0.3493920222128766] [-0.00010266622348974843, 0.007185161528276996]
	[-0.3857652665270551, -0.3857652665270551] [-0.004895265480935614, 0.005260557233985549]
	[-0.3857652665270551, -0.3857652665270551] [-0.004895265480935614, 0.005260557233985549]
	[-0.3857652665270551, -0.3857652665270551] [-0.004895265480935614, 0.005260557233985549]
	[0.32548672822996505, 0.32548672822996505] [-0.00027438392961732984, 0.007180654566266589]
	[0.8195397632154418, 0.8195397632154418] [0.003163480438170071, 0.006452090983409391]
	[1.6117042015108978, 1.6117042015108978] [0.006814814282438277, 0.002279340438976312]
	[0.698142757519892, 0.698142757519892] [0.002358856493280669, 0.006787700832018534]
	[0.698142757519892, 0.698142757519892] [0.002358856493280669, 0.006787700832018534]
