source:
	0.13449206727813312,0.648402150161001
target:
	0.5390772653133474,0.06143930194694913
points:
	[-0.4093642804615906, -0.4093642804615906] [0.006047825594570171, -0.0037742896474616938]
	[0.47589939782621954, 0.47589939782621954] [0.0009071807047797656, -0.007070960326161493]
	[0.47589939782621954, 0.47589939782621954] [0.0009071807047797656, -0.007070960326161493]
	[1.3083634443584657, 1.3083634443584657] [-0.004619043188491879, -0.005430091784502481]
	[2.0284609876068824, 2.0284609876068824] [-0.007053243506799562, -0.0010359598443300643]
	[1.6797584285829372, 1.6797584285829372] [-0.006274791372203356, -0.0033835558220010036]
	[2.4140797604058943, 2.4140797604058943] [-0.00692495291270629, 0.0016930693789904872]
	[2.4140797604058943, 2.4140797604058943] [-0.00692495291270629, 0.0016930693789904872]
	[2.508729427376876, 2.508729427376876] [-0.006733947967419293, 0.002339957593069613]
	[2.508729427376876, 2.508729427376876] [-0.006733947967419293, 0.002339957593069613]
	[2.508729427376876, 2.508729427376876] [-0.006733947967419293, 0.002339957593069613]
	[1.7938165831384403, 1.7938165831384403] [-0.006619106313180753, -0.0026474305241281156]
	[1.7938165831384403, 1.7938165831384403] [-0.006619106313180753, -0.0026474305241281156]
	[1.7938165831384403, 1.7938165831384403] [-0.006619106313180753, -0.0026474305241281156]
	[1.7938165831384403, 1.7938165831384403] [-0.006619106313180753, -0.0026474305241281156]
	[1.2278433242120377, 1.2278433242120377] [-0.0041673181857959, -0.0057840224674191336]
	[1.2278433242120377, 1.2278433242120377] [-0.0041673181857959, -0.0057840224674191336]
	[0.2869272020998168, 0.2869272020998168] [0.00221930718800829, -0.006774668432516038]
	[1.1713414371017075, 1.1713414371017075] [-0.0038340336251585813, -0.0060101283618927736]
	[1.1713414371017075, 1.1713414371017075] [-0.0038340336251585813, -0.0060101283618927736]
	[0.5337094115229538, 0.5337094115229538] [0.0004971205636759714, -0.007111562972402413]
	[0.5337094115229538, 0.5337094115229538] [0.0004971205636759714, -0.007111562972402413]
	[0.2813909048468057, 0.2813909048468057] [0.002256779563194356, -0.006762277927475538]
	[0.2813909048468057, 0.2813909048468057] [0.002256779563194356, -0.006762277927475538]
	[0.2813909048468057, 0.2813909048468057] [0.002256779563194356, -0.006762277927475538]
	[0.3561692443877306, 0.3561692443877306] [0.0017452719955208223, -0.006911981078310713]
	[0.3561692443877306, 0.3561692443877306] [0.0017452719955208223, -0.006911981078310713]
	[-0.22680706315510762, -0.22680706315510762] [0.005262123824632112, -0.00480952280580035]
	[0.6115255983948804, 0.6115255983948804] [-5.722018037724539e-05, -0.007128687299652872]
	[1.2878649748293758, 1.2878649748293758] [-0.004506772014862367, -0.00552362768217844]
	[1.034769671114982, 1.034769671114982] [-0.002980068654955237, -0.006476159940661429]
	[1.034769671114982, 1.034769671114982] [-0.002980068654955237, -0.006476159940661429]
	[1.034769671114982, 1.034769671114982] [-0.002980068654955237, -0.006476159940661429]
	[1.034769671114982, 1.034769671114982] [-0.002980068654955237, -0.006476159940661429]
	[1.034769671114982, 1.034769671114982] [-0.002980068654955237, -0.006476159940661429]
	[1.3060246765282588, 1.3060246765282588] [-0.004606330843392569, -0.0054408797934235665]
	[2.039833747732959, 2.039833747732959] [-0.007064568848449325, -0.0009556797323339782]
	[2.039833747732959, 2.039833747732959] [-0.007064568848449325, -0.0009556797323339782]
	[1.339247278251836, 1.339247278251836] [-0.004784515910644605, -0.00528487126296026]
	[1.339247278251836, 1.339247278251836] [-0.004784515910644605, -0.00528487126296026]
	[2.253791542690506, 2.253791542690506] [-0.007106402691074451, 0.000566125037040727]
	[2.253791542690506, 2.253791542690506] [-0.007106402691074451, 0.000566125037040727]
	[2.253791542690506, 2.253791542690506] [-0.007106402691074451, 0.000566125037040727]
	[2.253791542690506, 2.253791542690506] [-0.007106402691074451, 0.000566125037040727]
	[2.253791542690506, 2.253791542690506] [-0.007106402691074451, 0.000566125037040727]
	[2.253791542690506, 2.253791542690506] [-0.007106402691074451, 0.000566125037040727]
	[2.253791542690506, 2.253791542690506] [-0.007106402691074451, 0.000566125037040727]
	[2.253791542690506, 2.253791542690506] [-0.007106402691074451, 0.000566125037040727]
	[3.2005268329155614, 3.2005268329155614] [-0.003693106383743293, 0.00609773908950105]
	[3.2005268329155614, 3.2005268329155614] [-0.003693106383743293, 0.00609773908950105]
	[3.2005268329155614, 3.2005268329155614] [-0.003693106383743293, 0.00609773908950105]
	[3.2005268329155614, 3.2005268329155614] [-0.003693106383743293, 0.00609773908950105]
	[3.2005268329155614, 3.2005268329155614] [-0.003693106383743293, 0.00609773908950105]
	[4.075501654665297, 4.075501654665297] [0.0023128406436301475, 0.006743309641596406]
	[4.075501654665297, 4.075501654665297] [0.0023128406436301475, 0.006743309641596406]
	[3.9768692508950405, 3.9768692508950405] [0.001637568736472573, 0.006938286921034772]
	[3.9768692508950405, 3.9768692508950405] [0.001637568736472573, 0.006938286921034772]
	[3.6966871142978, 3.6966871142978] [-0.0003449373637572788, 0.007120567040647728]
	[3.6966871142978, 3.6966871142978] [-0.0003449373637572788, 0.007120567040647728]
	[3.6966871142978, 3.6966871142978] [-0.0003449373637572788, 0.007120567040647728]
	[3.6966871142978, 3.6966871142978] [-0.0003449373637572788, 0.007120567040647728]
	[3.6966871142978, 3.6966871142978] [-0.0003449373637572788, 0.007120567040647728]
	[3.6966871142978, 3.6966871142978] [-0.0003449373637572788, 0.007120567040647728]
	[3.6966871142978, 3.6966871142978] [-0.0003449373637572788, 0.007120567040647728]
	[3.6966871142978, 3.6966871142978] [-0.0003449373637572788, 0.007120567040647728]
	[3.6966871142978, 3.6966871142978] [-0.0003449373637572788, 0.007120567040647728]
	[4.176585103665472, 4.176585103665472] [0.0029815113331730925, 0.00647549588336175]
	[4.176585103665472, 4.176585103665472] [0.0029815113331730925, 0.00647549588336175]
	[4.177845160516138, 4.177845160516138] [0.0029896684570262246, 0.006471733869863391]
	[4.177845160516138, 4.177845160516138] [0.0029896684570262246, 0.006471733869863391]
	[3.3865164971764714, 3.3865164971764714] [-0.0025018248945072015, 0.006675502150587519]
	[3.3865164971764714, 3.3865164971764714] [-0.0025018248945072015, 0.006675502150587519]
