source:
	0.8626966884837566,0.9750154355008039
target:
	0.018698668789780326,0.44648481883973723
points:
	[0, 0] [-0.008439980196939765, -0.005285306166610668]
	[0.5463569019587733, 0.5463569019587733] [-0.0044651852434009105, -0.008901114971825882]
	[1.4634311185662203, 1.4634311185662203] [0.0043504524888697054, -0.00895775028350509]
	[1.4634311185662203, 1.4634311185662203] [0.0043504524888697054, -0.00895775028350509]
	[1.4634311185662203, 1.4634311185662203] [0.0043504524888697054, -0.00895775028350509]
	[0.8242098195665799, 0.8242098195665799] [-0.0018524295187297077, -0.009784489351912388]
	[0.32024854258393454, 0.32024854258393454] [-0.006347040549501396, -0.007673513097827691]
	[0.5609165216568488, 0.5609165216568488] [-0.004335119710922415, -0.008965180650244594]
	[0.5609165216568488, 0.5609165216568488] [-0.004335119710922415, -0.008965180650244594]
	[1.3052258244356736, 1.3052258244356736] [0.0028848631619283805, -0.009531279637934074]
	[1.3052258244356736, 1.3052258244356736] [0.0028848631619283805, -0.009531279637934074]
	[1.2696183124762777, 1.2696183124762777] [0.0025437210627052113, -0.009627939039830797]
	[1.2696183124762777, 1.2696183124762777] [0.0025437210627052113, -0.009627939039830797]
	[1.2696183124762777, 1.2696183124762777] [0.0025437210627052113, -0.009627939039830797]
	[1.2696183124762777, 1.2696183124762777] [0.0025437210627052113, -0.009627939039830797]
	[0.6385804215351379, 0.6385804215351379] [-0.0036264810946752325, -0.009274500626422493]
	[1.5008689420830006, 1.5008689420830006] [0.004682684408674676, -0.008788640038612528]
	[1.5008689420830006, 1.5008689420830006] [0.004682684408674676, -0.008788640038612528]
	[1.053286518845215, 1.053286518845215] [0.00041780905045564476, -0.00994953077270006]
	[1.5158922661051848, 1.5158922661051848] [0.004814185597422097, -0.008717301419196296]
	[2.127937667698471, 2.127937667698471] [0.008948750942867739, -0.004368933915965299]
	[2.707692630276303, 2.707692630276303] [0.00987988221299601, 0.0012472587770279214]
	[2.707692630276303, 2.707692630276303] [0.00987988221299601, 0.0012472587770279214]
	[2.707692630276303, 2.707692630276303] [0.00987988221299601, 0.0012472587770279214]
	[3.171927626976167, 3.171927626976167] [0.00827579218152158, 0.005538861865745921]
	[3.171927626976167, 3.171927626976167] [0.00827579218152158, 0.005538861865745921]
	[3.277191345580794, 3.277191345580794] [0.007648019682910966, 0.006377736426770439]
	[2.6818225403285596, 2.6818225403285596] [0.0099088393824456, 0.000991276496464638]
	[2.6818225403285596, 2.6818225403285596] [0.0099088393824456, 0.000991276496464638]
	[2.212388298714443, 2.212388298714443] [0.009285379883236999, -0.0035985340659115263]
	[1.8020228934416584, 1.8020228934416584] [0.007078847124417367, -0.007004116674404853]
	[2.6597529875671033, 2.6597529875671033] [0.00992830160823474, 0.0007723691963507963]
	[2.6597529875671033, 2.6597529875671033] [0.00992830160823474, 0.0007723691963507963]
	[2.585469525749858, 2.585469525749858] [0.009958243362201216, 3.340866240284562e-05]
	[2.7126698054341514, 2.7126698054341514] [0.009873552039911011, 0.0012964170296309795]
	[3.2991666223656098, 3.2991666223656098] [0.007506031850693653, 0.006544250366231455]
	[3.4245411359793376, 3.4245411359793376] [0.006628781895222864, 0.007431485557081686]
	[3.355410438037455, 3.355410438037455] [0.007126283230688599, 0.006955847490820552]
	[3.355410438037455, 3.355410438037455] [0.007126283230688599, 0.006955847490820552]
	[3.355410438037455, 3.355410438037455] [0.007126283230688599, 0.006955847490820552]
	[3.173994475377245, 3.173994475377245] [0.008264326525365202, 0.005555954830782306]
	[3.101507111670561, 3.101507111670561] [0.008645007838350986, 0.0049428298043123165]
	[3.101507111670561, 3.101507111670561] [0.008645007838350986, 0.0049428298043123165]
	[3.5518759870529166, 3.5518759870529166] [0.005631382419243417, 0.008213115063590931]
	[3.5518759870529166, 3.5518759870529166] [0.005631382419243417, 0.008213115063590931]
	[3.5518759870529166, 3.5518759870529166] [0.005631382419243417, 0.008213115063590931]
	[3.5518759870529166, 3.5518759870529166] [0.005631382419243417, 0.008213115063590931]
	[3.056420660630458, 3.056420660630458] [0.008859001751257855, 0.004548166110726209]
	[3.056420660630458, 3.056420660630458] [0.008859001751257855, 0.004548166110726209]
	[2.7378936719934304, 2.7378936719934304] [0.009837714032390378, 0.0015450273837241744]
	[2.7378936719934304, 2.7378936719934304] [0.009837714032390378, 0.0015450273837241744]
	[2.0387343117591277, 2.0387343117591277] [0.008523963952939683, -0.005148763495105696]
	[1.5775719430272261, 1.5775719430272261] [0.0053423704748445855, -0.008403975530012979]
	[1.1218241438148246, 1.1218241438148246] [0.0010982115855828797, -0.00989755819951768]
	[1.7215637148935716, 1.7215637148935716] [0.006493008753901856, -0.0075504016000012865]
	[1.5923942088986522, 1.5923942088986522] [0.0054663450259043915, -0.008323869235957425]
	[2.0236695851700897, 2.0236695851700897] [0.008445434950999819, -0.005276585589941548]
	[1.379531896014252, 1.379531896014252] [0.003584482984317785, -0.009290813136355955]
	[1.0425268226787212, 1.0425268226787212] [0.00031073300308940676, -0.009953450256084025]
	[1.0425268226787212, 1.0425268226787212] [0.00031073300308940676, -0.009953450256084025]
	[1.0425268226787212, 1.0425268226787212] [0.00031073300308940676, -0.009953450256084025]
	[1.515726398758621, 1.515726398758621] [0.004812739615549248, -0.008718099815468448]
	[1.515726398758621, 1.515726398758621] [0.004812739615549248, -0.008718099815468448]
	[1.515726398758621, 1.515726398758621] [0.004812739615549248, -0.008718099815468448]
	[1.2022537429477913, 1.2022537429477913] [0.0018898600231327272, -0.009777328678760517]
	[1.2022537429477913, 1.2022537429477913] [0.0018898600231327272, -0.009777328678760517]
	[1.2951233132964939, 1.2951233132964939] [0.0027884277267394347, -0.00955993712386744]
	[1.2951233132964939, 1.2951233132964939] [0.0027884277267394347, -0.00955993712386744]
	[0.6518405083415301, 0.6518405083415301] [-0.00350318519796173, -0.009321771316028404]
	[0.5724926945037461, 0.5724926945037461] [-0.004231049081403582, -0.009014762929234579]
	[0.5724926945037461, 0.5724926945037461] [-0.004231049081403582, -0.009014762929234579]
	[0.5724926945037461, 0.5724926945037461] [-0.004231049081403582, -0.009014762929234579]
	[0.7805515668609755, 0.7805515668609755] [-0.0022777024136792358, -0.009694317857088651]
	[0.7805515668609755, 0.7805515668609755] [-0.0022777024136792358, -0.009694317857088651]
	[0.21177239972151296, 0.21177239972151296] [-0.0071404956982341165, -0.006941256959877528]
	[-0.2794243173164384, -0.2794243173164384] [-0.009570330073933138, -0.0027525459624716626]
	[-0.2794243173164384, -0.2794243173164384] [-0.009570330073933138, -0.0027525459624716626]
	[-0.2794243173164384, -0.2794243173164384] [-0.009570330073933138, -0.0027525459624716626]
	[0.14680363556121118, 0.14680363556121118] [-0.007576078899168762, -0.006463029901920457]
	[0.14680363556121118, 0.14680363556121118] [-0.007576078899168762, -0.006463029901920457]
	[0.3527656537899491, 0.3527656537899491] [-0.006094208774962175, -0.007875807666945792]
	[0.9322269669393262, 0.9322269669393262] [-0.0007867946472029301, -0.009927168840242464]
	[0.40360580611276375, 0.40360580611276375] [-0.005686099762706823, -0.008175328524780734]
	[0.40360580611276375, 0.40360580611276375] [-0.005686099762706823, -0.008175328524780734]
	[0.40360580611276375, 0.40360580611276375] [-0.005686099762706823, -0.008175328524780734]
	[0.40360580611276375, 0.40360580611276375] [-0.005686099762706823, -0.008175328524780734]
	[0.6255277428889545, 0.6255277428889545] [-0.0037472258117267425, -0.009226376629830205]
	[0.6255277428889545, 0.6255277428889545] [-0.0037472258117267425, -0.009226376629830205]
	[0.6255277428889545, 0.6255277428889545] [-0.0037472258117267425, -0.009226376629830205]
	[0.6255277428889545, 0.6255277428889545] [-0.0037472258117267425, -0.009226376629830205]
	[0.05938063465758692, 0.05938063465758692] [-0.008111444203622555, -0.005776867657395846]
	[0.5400382742231016, 0.5400382742231016] [-0.004521338565001419, -0.008872723628073795]
	[1.195218548711387, 1.195218548711387] [0.0018210284160400537, -0.009790382143079134]
	[1.195218548711387, 1.195218548711387] [0.0018210284160400537, -0.009790382143079134]
	[1.195218548711387, 1.195218548711387] [0.0018210284160400537, -0.009790382143079134]
	[1.195218548711387, 1.195218548711387] [0.0018210284160400537, -0.009790382143079134]
	[1.195218548711387, 1.195218548711387] [0.0018210284160400537, -0.009790382143079134]
