source:
	0.8126225197644812,0.9570232807778638
target:
	0.513680595660973,0.25420123272363926
points:
	[0.2766604841645274, 0.2766604841645274] [-0.0009560196617394448, -0.007577502024292164]
	[0.2766604841645274, 0.2766604841645274] [-0.0009560196617394448, -0.007577502024292164]
	[0.48861003081585147, 0.48861003081585147] [0.0006594239741684563, -0.007609051882072832]
	[0.5240666913623132, 0.5240666913623132] [0.0009287445560218392, -0.0075808933557625]
	[0.5240666913623132, 0.5240666913623132] [0.0009287445560218392, -0.0075808933557625]
	[0.5240666913623132, 0.5240666913623132] [0.0009287445560218392, -0.0075808933557625]
	[0.5240666913623132, 0.5240666913623132] [0.0009287445560218392, -0.0075808933557625]
	[0.14735799197319688, 0.14735799197319688] [-0.0019251008509509184, -0.007390974038342462]
	[0.14735799197319688, 0.14735799197319688] [-0.0019251008509509184, -0.007390974038342462]
	[-0.21987204938011667, -0.21987204938011667] [-0.004450338364091849, -0.006207012080451955]
	[0.19558405248307326, 0.19558405248307326] [-0.0015665632173584869, -0.007475184961444343]
	[-0.3235889093431122, -0.3235889093431122] [-0.005069041480573635, -0.0057129089779208]
	[0.6356544879799642, 0.6356544879799642] [0.0017671489701554211, -0.007430322673953188]
	[1.4757428084228903, 1.4757428084228903] [0.006712766679058916, -0.003642975985962651]
	[1.4757428084228903, 1.4757428084228903] [0.006712766679058916, -0.003642975985962651]
	[1.6578088460142961, 1.6578088460142961] [0.00726142009842786, -0.002367337887994056]
	[1.2989736586015344, 1.2989736586015344] [0.0059675441640629845, -0.004766647372288203]
	[1.2989736586015344, 1.2989736586015344] [0.0059675441640629845, -0.004766647372288203]
	[1.9140990596085978, 1.9140990596085978] [0.007624345841882263, -0.0004492894447423265]
	[1.5537471999002317, 1.5537471999002317] [0.0069762345303761375, -0.0031088039981593974]
	[1.5537471999002317, 1.5537471999002317] [0.0069762345303761375, -0.0031088039981593974]
	[0.6601379955518856, 0.6601379955518856] [0.0019485215317024056, -0.007384834078181875]
	[0.6601379955518856, 0.6601379955518856] [0.0019485215317024056, -0.007384834078181875]
	[1.2767143515233446, 1.2767143515233446] [0.005859972329463106, -0.004898288968579842]
	[1.2767143515233446, 1.2767143515233446] [0.005859972329463106, -0.004898288968579842]
	[1.2767143515233446, 1.2767143515233446] [0.005859972329463106, -0.004898288968579842]
	[1.4330920257433233, 1.4330920257433233] [0.006551333369352822, -0.003925880997354407]
	[2.3490882393850634, 2.3490882393850634] [0.007103656437433367, 0.002805454640641284]
	[1.4664984235289085, 1.4664984235289085] [0.0066788032565959585, -0.0037048748401892675]
	[1.4664984235289085, 1.4664984235289085] [0.0066788032565959585, -0.0037048748401892675]
	[1.730381818619763, 1.730381818619763] [0.007413960110295468, -0.0018345860581427751]
	[2.4137707436229032, 2.4137707436229032] [0.006907464062632572, 0.0032587498746027965]
	[2.69960878220128, 2.69960878220128] [0.005708356225436226, 0.005074167885014027]
	[3.4530843670125932, 3.4530843670125932] [0.0006915594464805028, 0.0076061985284219214]
	[3.4530843670125932, 3.4530843670125932] [0.0006915594464805028, 0.0076061985284219214]
	[3.4530843670125932, 3.4530843670125932] [0.0006915594464805028, 0.0076061985284219214]
	[2.8082627177996993, 2.8082627177996993] [0.005124449705265836, 0.0056632610517249795]
	[2.1062569342355872, 2.1062569342355872] [0.007569819471712568, 0.0010150584650479434]
	[2.4265840570529966, 2.4265840570529966] [0.006865142792238805, 0.003346987446040961]
	[2.4265840570529966, 2.4265840570529966] [0.006865142792238805, 0.003346987446040961]
	[2.4265840570529966, 2.4265840570529966] [0.006865142792238805, 0.003346987446040961]
	[1.9403191699512454, 1.9403191699512454] [0.007633504214344693, -0.000249246727894347]
	[1.9403191699512454, 1.9403191699512454] [0.007633504214344693, -0.000249246727894347]
	[2.605919244962508, 2.605919244962508] [0.006158022605470999, 0.004517883145046183]
	[2.627811116505601, 2.627811116505601] [0.00605765001824799, 0.004651600453414325]
	[3.2129121957235376, 3.2129121957235376] [0.0024809950144493473, 0.007223376929114367]
	[2.4608862024166833, 2.4608862024166833] [0.006746317960630974, 0.0035804614920219658]
	[2.4608862024166833, 2.4608862024166833] [0.006746317960630974, 0.0035804614920219658]
	[3.173432540484474, 3.173432540484474] [0.002764164127808351, 0.007119824941409847]
	[3.2679073785691246, 3.2679073785691246] [0.0020801933926413063, 0.007348830245079531]
	[3.2679073785691246, 3.2679073785691246] [0.0020801933926413063, 0.007348830245079531]
	[3.2679073785691246, 3.2679073785691246] [0.0020801933926413063, 0.007348830245079531]
	[3.2541781853883758, 3.2541781853883758] [0.0021808876876541028, 0.0073195791829601085]
	[3.209927904034991, 3.209927904034991] [0.002502540598326162, 0.007215940761641101]
	[2.6781566476801792, 2.6781566476801792] [0.005815886183372382, 0.004950553345217326]
	[3.418575412531211, 3.418575412531211] [0.0009535775743608563, 0.007577809731806434]
	[3.418575412531211, 3.418575412531211] [0.0009535775743608563, 0.007577809731806434]
	[2.7983350049579125, 2.7983350049579125] [0.005180419481703765, 0.005612108740515308]
	[2.1964644991221878, 2.1964644991221878] [0.007447599191099356, 0.0016928605407771952]
	[2.1964644991221878, 2.1964644991221878] [0.007447599191099356, 0.0016928605407771952]
	[2.6882697303523315, 2.6882697303523315] [0.0057655242757961855, 0.005009115725054584]
	[2.6882697303523315, 2.6882697303523315] [0.0057655242757961855, 0.005009115725054584]
	[2.2425602169040575, 2.2425602169040575] [0.007361682215892419, 0.0020342432189877175]
	[2.7222013067076016, 2.7222013067076016] [0.005592270941412494, 0.005201828163215088]
	[2.573381508835377, 2.573381508835377] [0.006301738883080898, 0.004315159043563812]
	[2.7316948890295314, 2.7316948890295314] [0.005542635690831903, 0.005254683636576096]
	[2.7316948890295314, 2.7316948890295314] [0.005542635690831903, 0.005254683636576096]
	[1.9713645876231776, 1.9713645876231776] [0.007637562581406069, -1.2179363288164925e-05]
	[1.0573918662445914, 1.0573918662445914] [0.004653884320334689, -0.006055895578254892]
	[1.0573918662445914, 1.0573918662445914] [0.004653884320334689, -0.006055895578254892]
	[1.0200424004325521, 1.0200424004325521] [0.004424506772551573, -0.006225451818256206]
	[0.9438961688565174, 0.9438961688565174] [0.003938099050450519, -0.006543996209551542]
	[0.7796345359673793, 0.7796345359673793] [0.002814989644363879, -0.007099883366922893]
	[0.08033630137957926, 0.08033630137957926] [-0.002415763592106664, -0.007245453525407235]
	[-0.6323113397086345, -0.6323113397086345] [-0.00656521006857136, -0.0039026308148880115]
