source:
	0.46393317004126167,0.36824050084047955
target:
	0.811647347933842,0.8447145737789632
points:
	[0, 0] [0.0034771417789258036, 0.004764740729384836]
	[-0.47435721924792634, -0.47435721924792634] [0.005269593460966636, 0.0026504063698134512]
	[0.025373579094268794, 0.025373579094268794] [0.003355136961454453, 0.004851425062689543]
	[0.025373579094268794, 0.025373579094268794] [0.003355136961454453, 0.004851425062689543]
	[0.025373579094268794, 0.025373579094268794] [0.003355136961454453, 0.004851425062689543]
	[-0.47805139658135604, -0.47805139658135604] [0.00527934855294443, 0.002630921516414657]
	[-0.47805139658135604, -0.47805139658135604] [0.00527934855294443, 0.002630921516414657]
	[-0.47805139658135604, -0.47805139658135604] [0.00527934855294443, 0.002630921516414657]
	[0.430201353194598, 0.430201353194598] [0.0011731575456332159, 0.0057807413488352765]
	[0.430201353194598, 0.430201353194598] [0.0011731575456332159, 0.0057807413488352765]
	[0.430201353194598, 0.430201353194598] [0.0011731575456332159, 0.0057807413488352765]
	[0.11380630432584676, 0.11380630432584676] [0.002913560570361773, 0.0051287848435904605]
	[-0.4849101080299673, -0.4849101080299673] [0.005297268968126743, 0.002594650390386243]
	[-0.4849101080299673, -0.4849101080299673] [0.005297268968126743, 0.002594650390386243]
	[-0.4849101080299673, -0.4849101080299673] [0.005297268968126743, 0.002594650390386243]
	[-1.3807470798149288, -1.3807470798149288] [0.005335808564657436, -0.002514441514598897]
	[-1.6974181960414731, -1.6974181960414731] [0.004287488339610701, -0.004051013812209521]
	[-1.6974181960414731, -1.6974181960414731] [0.004287488339610701, -0.004051013812209521]
	[-1.760276699766301, -1.760276699766301] [0.004024547773594056, -0.004312340940494986]
	[-2.129119563674353, -2.129119563674353] [0.002199121747538912, -0.005473310945717541]
	[-2.129119563674353, -2.129119563674353] [0.002199121747538912, -0.005473310945717541]
	[-1.2200932883274196, -1.2200932883274196] [0.0056693180357106875, -0.0016285276107501387]
	[-1.2200932883274196, -1.2200932883274196] [0.0056693180357106875, -0.0016285276107501387]
	[-0.37494511734728997, -0.37494511734728997] [0.004980527125940168, 0.0031603194010707543]
	[0.2073187939989133, 0.2073187939989133] [0.002421924157168994, 0.00537843402357334]
	[0.2073187939989133, 0.2073187939989133] [0.002421924157168994, 0.00537843402357334]
	[-0.4466617523196289, -0.4466617523196289] [0.0051941777402527665, 0.002795315147111809]
	[-0.8841290096414456, -0.8841290096414456] [0.005889255076914311, 0.00033157775566078796]
	[-0.8841290096414456, -0.8841290096414456] [0.005889255076914311, 0.00033157775566078796]
	[-0.5811855075858365, -0.5811855075858365] [0.005522153140578036, 0.0020734256343100848]
	[-0.8484185899712797, -0.8484185899712797] [0.00587366212223891, 0.000541629433086833]
	[-1.606430073649963, -1.606430073649963] [0.004637838631332048, -0.00364468407392659]
	[-0.9930498001844127, -0.9930498001844127] [0.00589039965183499, -0.0003105818904448138]
	[-0.9930498001844127, -0.9930498001844127] [0.00589039965183499, -0.0003105818904448138]
	[-0.8081831680061062, -0.8081831680061062] [0.005847121550304708, 0.0007774565871946238]
	[-0.8081831680061062, -0.8081831680061062] [0.005847121550304708, 0.0007774565871946238]
	[-0.8081831680061062, -0.8081831680061062] [0.005847121550304708, 0.0007774565871946238]
	[-1.2626068079786639, -1.2626068079786639] [0.005594981859699211, -0.0018680061987709825]
	[-1.2626068079786639, -1.2626068079786639] [0.005594981859699211, -0.0018680061987709825]
	[-0.8778641659588364, -0.8778641659588364] [0.005887062236546748, 0.0003684662698745382]
	[-0.1954280771146828, -0.1954280771146828] [0.004336201344131319, 0.003998828212384697]
	[0.3495837012644354, 0.3495837012644354] [0.0016348724678143835, 0.0056674916129618195]
	[0.3495837012644354, 0.3495837012644354] [0.0016348724678143835, 0.0056674916129618195]
	[0.3495837012644354, 0.3495837012644354] [0.0016348724678143835, 0.0056674916129618195]
	[1.037776303792644, 1.037776303792644] [-0.002336895367954992, 0.0054159199780130195]
	[1.546719964385698, 1.546719964385698] [-0.004679650966738332, 0.003590840569910483]
	[0.6362634658348879, 0.6362634658348879] [-3.444118681748893e-05, 0.005898481412504464]
	[0.6362634658348879, 0.6362634658348879] [-3.444118681748893e-05, 0.005898481412504464]
	[0.6362634658348879, 0.6362634658348879] [-3.444118681748893e-05, 0.005898481412504464]
	[0.6362634658348879, 0.6362634658348879] [-3.444118681748893e-05, 0.005898481412504464]
