source:
	0.3856889741732332,0.6161731150170492
target:
	0.25323144832132694,0.13511604788563591
points:
	[0.5947897917274512, 0.5947897917274512] [0.0015984284201640048, -0.004726639015706674]
	[0.5947897917274512, 0.5947897917274512] [0.0015984284201640048, -0.004726639015706674]
	[0.5947897917274512, 0.5947897917274512] [0.0015984284201640048, -0.004726639015706674]
	[0.5947897917274512, 0.5947897917274512] [0.0015984284201640048, -0.004726639015706674]
	[0.5947897917274512, 0.5947897917274512] [0.0015984284201640048, -0.004726639015706674]
	[0.5947897917274512, 0.5947897917274512] [0.0015984284201640048, -0.004726639015706674]
	[0.5947897917274512, 0.5947897917274512] [0.0015984284201640048, -0.004726639015706674]
	[0.5046106398181738, 0.5046106398181738] [0.001166266580556822, -0.004851382489792456]
	[0.5046106398181738, 0.5046106398181738] [0.001166266580556822, -0.004851382489792456]
	[0.5046106398181738, 0.5046106398181738] [0.001166266580556822, -0.004851382489792456]
	[0.7921269282719078, 0.7921269282719078] [0.0024941057230741625, -0.004321518996986738]
	[0.7921269282719078, 0.7921269282719078] [0.0024941057230741625, -0.004321518996986738]
	[0.7921269282719078, 0.7921269282719078] [0.0024941057230741625, -0.004321518996986738]
	[0.7921269282719078, 0.7921269282719078] [0.0024941057230741625, -0.004321518996986738]
	[1.2730677636483383, 1.2730677636483383] [0.004210367523028811, -0.002677479247391618]
	[1.1581526742969186, 1.1581526742969186] [0.0038755921139172096, -0.0031425905819452973]
	[1.1581526742969186, 1.1581526742969186] [0.0038755921139172096, -0.0031425905819452973]
	[1.1581526742969186, 1.1581526742969186] [0.0038755921139172096, -0.0031425905819452973]
	[1.1581526742969186, 1.1581526742969186] [0.0038755921139172096, -0.0031425905819452973]
	[1.0136907153794636, 1.0136907153794636] [0.003382814645853578, -0.0036677860994048014]
	[1.0136907153794636, 1.0136907153794636] [0.003382814645853578, -0.0036677860994048014]
	[1.0136907153794636, 1.0136907153794636] [0.003382814645853578, -0.0036677860994048014]
	[1.0136907153794636, 1.0136907153794636] [0.003382814645853578, -0.0036677860994048014]
	[1.0136907153794636, 1.0136907153794636] [0.003382814645853578, -0.0036677860994048014]
	[1.0136907153794636, 1.0136907153794636] [0.003382814645853578, -0.0036677860994048014]
	[1.0136907153794636, 1.0136907153794636] [0.003382814645853578, -0.0036677860994048014]
	[0.5326883083622102, 0.5326883083622102] [0.0013020045069652307, -0.004816728564392099]
	[0.5326883083622102, 0.5326883083622102] [0.0013020045069652307, -0.004816728564392099]
	[0.6854096895546081, 0.6854096895546081] [0.0020196113405841023, -0.004562593542292874]
	[0.6854096895546081, 0.6854096895546081] [0.0020196113405841023, -0.004562593542292874]
	[0.658422455851913, 0.658422455851913] [0.0018957591004676068, -0.0046154292576295435]
	[0.658422455851913, 0.658422455851913] [0.0018957591004676068, -0.0046154292576295435]
	[0.0008637002493567802, 0.0008637002493567802] [-0.0013204198738952261, -0.004811712912862847]
	[0.0008637002493567802, 0.0008637002493567802] [-0.0013204198738952261, -0.004811712912862847]
	[0.0008637002493567802, 0.0008637002493567802] [-0.0013204198738952261, -0.004811712912862847]
	[0.0008637002493567802, 0.0008637002493567802] [-0.0013204198738952261, -0.004811712912862847]
	[-0.2327961023526449, -0.2327961023526449] [-0.0023986393508614186, -0.004375227887057732]
	[-0.2327961023526449, -0.2327961023526449] [-0.0023986393508614186, -0.004375227887057732]
	[-0.2327961023526449, -0.2327961023526449] [-0.0023986393508614186, -0.004375227887057732]
	[-0.2327961023526449, -0.2327961023526449] [-0.0023986393508614186, -0.004375227887057732]
	[-0.2327961023526449, -0.2327961023526449] [-0.0023986393508614186, -0.004375227887057732]
	[-0.2327961023526449, -0.2327961023526449] [-0.0023986393508614186, -0.004375227887057732]
