source:
	0.16121608094113238,0.7359608039128485
target:
	0.5835984901534601,0.5137952216815581
points:
	[0.14220845874180615, 0.14220845874180615] [0.003866311860975808, -0.0027978701091536822]
	[0.7084945948712265, 0.7084945948712265] [0.0017617159422199618, -0.004435403193954962]
	[0.7084945948712265, 0.7084945948712265] [0.0017617159422199618, -0.004435403193954962]
	[1.655969069512552, 1.655969069512552] [-0.0025729221802921554, -0.00401951688741054]
	[1.655969069512552, 1.655969069512552] [-0.0025729221802921554, -0.00401951688741054]
	[1.655969069512552, 1.655969069512552] [-0.0025729221802921554, -0.00401951688741054]
	[1.4516775835101772, 1.4516775835101772] [-0.0017039650039362337, -0.004457908457940612]
	[1.4516775835101772, 1.4516775835101772] [-0.0017039650039362337, -0.004457908457940612]
	[1.4516775835101772, 1.4516775835101772] [-0.0017039650039362337, -0.004457908457940612]
	[2.1275392576693983, 2.1275392576693983] [-0.00411811221689328, -0.0024119693868480505]
	[2.229797480962999, 2.229797480962999] [-0.0043428140297719926, -0.0019789923842282466]
	[2.229797480962999, 2.229797480962999] [-0.0043428140297719926, -0.0019789923842282466]
	[1.858185576077311, 1.858185576077311] [-0.0033277803062401034, -0.0034208657950025416]
	[1.858185576077311, 1.858185576077311] [-0.0033277803062401034, -0.0034208657950025416]
	[2.8173684868099764, 2.8173684868099764] [-0.004711515740370101, 0.0007603051902115557]
	[3.773828631223419, 3.773828631223419] [-0.002094505883081689, 0.004288296825052349]
	[3.773828631223419, 3.773828631223419] [-0.002094505883081689, 0.004288296825052349]
	[4.315510020060953, 4.315510020060953] [0.0004162862346050651, 0.004754277055967204]
	[3.878519323755836, 3.878519323755836] [-0.0016349131919551224, 0.004483693054702671]
	[3.4348851442045008, 3.4348851442045008] [-0.0034011616134167646, 0.003347916401799502]
	[2.6529217491335255, 2.6529217491335255] [-0.00477241999925563, -2.1258050774855876e-05]
	[2.6529217491335255, 2.6529217491335255] [-0.00477241999925563, -2.1258050774855876e-05]
	[2.6529217491335255, 2.6529217491335255] [-0.00477241999925563, -2.1258050774855876e-05]
	[1.8128999169759552, 1.8128999169759552] [-0.003169505380996483, -0.0035680078746903278]
	[2.30949755808888, 2.30949755808888] [-0.004486587246854458, -0.0016269540345015263]
	[2.590890562456745, 2.590890562456745] [-0.004761923305089019, -0.00031706622410456907]
	[2.590890562456745, 2.590890562456745] [-0.004761923305089019, -0.00031706622410456907]
	[3.4673342652834984, 3.4673342652834984] [-0.0032907532708003917, 0.0034564993077873425]
	[3.797134820800955, 3.797134820800955] [-0.0019940022524536395, 0.004335942754606853]
	[4.240073321804373, 4.240073321804373] [5.6795415085779294e-05, 0.004772129381611849]
	[3.776533004841304, 3.776533004841304] [-0.0020829010811957384, 0.004293945463087704]
	[3.667719354145796, 3.667719354145796] [-0.002536900417044967, 0.004042348429813407]
	[3.667719354145796, 3.667719354145796] [-0.002536900417044967, 0.004042348429813407]
	[3.667719354145796, 3.667719354145796] [-0.002536900417044967, 0.004042348429813407]
	[3.510303916866825, 3.510303916866825] [-0.003139236860241278, 0.0035946677856681466]
	[3.510303916866825, 3.510303916866825] [-0.003139236860241278, 0.0035946677856681466]
	[3.510303916866825, 3.510303916866825] [-0.003139236860241278, 0.0035946677856681466]
	[3.1845522731862683, 3.1845522731862683] [-0.00412451496172622, 0.0024010041408782314]
	[2.9598580589373413, 2.9598580589373413] [-0.004555797664405361, 0.0014216723233630574]
	[2.9598580589373413, 2.9598580589373413] [-0.004555797664405361, 0.0014216723233630574]
	[2.9600939199413276, 2.9600939199413276] [-0.004555462220626489, 0.0014227468188200707]
	[2.9600939199413276, 2.9600939199413276] [-0.004555462220626489, 0.0014227468188200707]
	[2.9600939199413276, 2.9600939199413276] [-0.004555462220626489, 0.0014227468188200707]
	[2.9600939199413276, 2.9600939199413276] [-0.004555462220626489, 0.0014227468188200707]
	[2.9600939199413276, 2.9600939199413276] [-0.004555462220626489, 0.0014227468188200707]
	[2.9600939199413276, 2.9600939199413276] [-0.004555462220626489, 0.0014227468188200707]
	[3.60818356711368, 3.60818356711368] [-0.002772927958070005, 0.003884239319785995]
	[3.767440633255875, 3.767440633255875] [-0.00212185659357755, 0.004274829721791188]
	[3.640889078851418, 3.640889078851418] [-0.002644431669856411, 0.003972835976664313]
	[3.0970971380859753, 3.0970971380859753] [-0.004318464616013838, 0.0020315776909225754]
