source:
	0.44293655487968775,0.3961642136939084
target:
	0.1891515418576819,0.048143497515504285
points:
	[0.11885008357811512, 0.11885008357811512] [-0.002107297379183143, -0.003756570633979715]
	[0.28878990839940594, 0.28878990839940594] [-0.001441618996586801, -0.0040588495711310815]
	[0.26448579197454863, 0.26448579197454863] [-0.001539830283733029, -0.004022617042385412]
	[0.26448579197454863, 0.26448579197454863] [-0.001539830283733029, -0.004022617042385412]
	[0.26448579197454863, 0.26448579197454863] [-0.001539830283733029, -0.004022617042385412]
	[0.26448579197454863, 0.26448579197454863] [-0.001539830283733029, -0.004022617042385412]
	[-0.5307783327112123, -0.5307783327112123] [-0.003950373155174117, -0.001716705305889918]
	[-0.15197293067253276, -0.15197293067253276] [-0.003035463438166604, -0.0030558937952659083]
	[-0.4576613962402388, -0.4576613962402388] [-0.003814409918232629, -0.002000700414374788]
	[-0.22267928844018822, -0.22267928844018822] [-0.0032437699952252825, -0.0028338104012913556]
	[-0.977945140904884, -0.977945140904884] [-0.004304281078647699, 0.00016027965680743436]
	[-0.3699751223161951, -0.3699751223161951] [-0.003624545800930798, -0.002327056705227834]
	[-0.9698050498385756, -0.9698050498385756] [-0.004305443152867307, 0.00012523749366274804]
	[-1.2635910338502068, -1.2635910338502068] [-0.004084707826779452, 0.0013666335069204114]
	[-0.770727490281758, -0.770727490281758] [-0.004245175776933325, -0.0007287028168804109]
	[-0.770727490281758, -0.770727490281758] [-0.004245175776933325, -0.0007287028168804109]
	[-0.023281396887910755, -0.023281396887910755] [-0.002618179139047519, -0.0034201846687346125]
	[-0.7503743837407698, -0.7503743837407698] [-0.004229466185380721, -0.0008149484395420097]
	[-0.7919063291331156, -0.7919063291331156] [-0.004259655665945382, -0.0006386382230733607]
	[-0.20375792424602146, -0.20375792424602146] [-0.003189572989232838, -0.0028946760300156567]
	[-0.20375792424602146, -0.20375792424602146] [-0.003189572989232838, -0.0028946760300156567]
	[-0.20375792424602146, -0.20375792424602146] [-0.003189572989232838, -0.0028946760300156567]
	[0.5960132002881338, 0.5960132002881338] [-0.00014666867947887881, -0.0043047663665814456]
	[1.133317838036361, 1.133317838036361] [0.002077273591682748, -0.003773255835175818]
	[0.517999984540748, 0.517999984540748] [-0.0004817107137369302, -0.004280242979161576]
	[0.517999984540748, 0.517999984540748] [-0.0004817107137369302, -0.004280242979161576]
	[0.517999984540748, 0.517999984540748] [-0.0004817107137369302, -0.004280242979161576]
	[0.062412177339032704, 0.062412177339032704] [-0.002315842596063318, -0.0036317211130054597]
	[-0.5659607856909393, -0.5659607856909393] [-0.00400831395587648, -0.0015766877951949618]
	[-0.5659607856909393, -0.5659607856909393] [-0.00400831395587648, -0.0015766877951949618]
	[-1.3802855728824106, -1.3802855728824106] [-0.0038978104230643204, 0.001832920914344655]
	[-1.5272655275630658, -1.5272655275630658] [-0.0035873500646351644, 0.00238399762712822]
	[-0.6168652333844772, -0.6168652333844772] [-0.004083347543050195, -0.0013706925311888264]
	[-0.6168652333844772, -0.6168652333844772] [-0.004083347543050195, -0.0013706925311888264]
	[0.33531035836262335, 0.33531035836262335] [-0.0012513079263307915, -0.004121498956192108]
	[1.1857161940373864, 1.1857161940373864] [0.002272044517821619, -0.0036592811973702745]
