source:
	0.5627850359287035,0.46525120342332016
target:
	0.8153269945084932,0.9473585667339495
points:
	[-0.9054068502813115, -0.9054068502813115] [0.00535173193362604, 0.0009896769022118312]
	[-1.3929504329676443, -1.3929504329676443] [0.005191802736277513, -0.0016326908487970624]
	[-1.3929504329676443, -1.3929504329676443] [0.005191802736277513, -0.0016326908487970624]
	[-1.7123301015453274, -1.7123301015453274] [0.004416626746311831, -0.003180236350324817]
	[-0.8861812151140089, -0.8861812151140089] [0.005331716902081507, 0.00109237811046483]
	[-0.8861812151140089, -0.8861812151140089] [0.005331716902081507, 0.00109237811046483]
	[-1.8363933250282312, -1.8363933250282312] [0.0039891416408357, -0.003702329540912718]
	[-1.8363933250282312, -1.8363933250282312] [0.0039891416408357, -0.003702329540912718]
	[-1.8363933250282312, -1.8363933250282312] [0.0039891416408357, -0.003702329540912718]
	[-1.8620476981201723, -1.8620476981201723] [0.003892858467184554, -0.0038034389721190286]
	[-2.3421303336554202, -2.3421303336554202] [0.0016961694460991637, -0.005171412212373327]
	[-3.1792377145798643, -3.1792377145798643] [-0.0027050770947934146, -0.004722610821504177]
	[-3.1792377145798643, -3.1792377145798643] [-0.0027050770947934146, -0.004722610821504177]
	[-3.1792377145798643, -3.1792377145798643] [-0.0027050770947934146, -0.004722610821504177]
	[-3.1792377145798643, -3.1792377145798643] [-0.0027050770947934146, -0.004722610821504177]
	[-3.1792377145798643, -3.1792377145798643] [-0.0027050770947934146, -0.004722610821504177]
	[-3.1792377145798643, -3.1792377145798643] [-0.0027050770947934146, -0.004722610821504177]
	[-3.1792377145798643, -3.1792377145798643] [-0.0027050770947934146, -0.004722610821504177]
	[-2.3357355289710493, -2.3357355289710493] [0.0017292047106901743, -0.005160459875698215]
	[-2.7805024760700663, -2.7805024760700663] [-0.000659302980269249, -0.005402389715706598]
	[-2.7805024760700663, -2.7805024760700663] [-0.000659302980269249, -0.005402389715706598]
	[-2.7805024760700663, -2.7805024760700663] [-0.000659302980269249, -0.005402389715706598]
	[-2.843934208440878, -2.843934208440878] [-0.0010004302267940734, -0.005349732182220068]
	[-2.285289084460218, -2.285289084460218] [0.0019872213509758326, -0.005066699750566449]
	[-2.9868740033982673, -2.9868740033982673] [-0.0017523156133355297, -0.005152658056908576]
	[-2.9868740033982673, -2.9868740033982673] [-0.0017523156133355297, -0.005152658056908576]
	[-2.9868740033982673, -2.9868740033982673] [-0.0017523156133355297, -0.005152658056908576]
	[-3.4507987541722116, -3.4507987541722116] [-0.003872717391393268, -0.003823944961236296]
	[-3.200549501613052, -3.200549501613052] [-0.0028051024628684322, -0.004663892712421008]
	[-3.200549501613052, -3.200549501613052] [-0.0028051024628684322, -0.004663892712421008]
	[-3.793476158613761, -3.793476158613761] [-0.004932435294441534, -0.0023003428279958155]
	[-4.417069252660712, -4.417069252660712] [-0.005347377830310375, 0.001012938991286955]
	[-3.7429882411033524, -3.7429882411033524] [-0.00481005998266358, -0.002546334232449223]
	[-3.719711156669761, -3.719711156669761] [-0.004749491057099975, -0.002657598494636031]
	[-3.719711156669761, -3.719711156669761] [-0.004749491057099975, -0.002657598494636031]
	[-3.671513719250905, -3.671513719250905] [-0.00461593575666358, -0.0028833369817832526]
	[-3.671513719250905, -3.671513719250905] [-0.00461593575666358, -0.0028833369817832526]
	[-3.793406671848811, -3.793406671848811] [-0.004932275439152358, -0.002300685561413976]
	[-3.2902033126883454, -3.2902033126883454] [-0.003211412409692427, -0.004394010172386702]
	[-2.4215625615110454, -2.4215625615110454] [0.0012804763215332725, -0.0052896952133518]
	[-2.9097194269856095, -2.9097194269856095] [-0.0013499457413107215, -0.005272394290612319]
	[-2.5708613868032355, -2.5708613868032355] [0.00047941718504133425, -0.0054213148057322205]
	[-3.425753446449592, -3.425753446449592] [-0.00377574097397034, -0.003919728964819614]
	[-3.700859144208048, -3.700859144208048] [-0.004698548989044838, -0.0027466584166419513]
	[-2.7443633996731878, -2.7443633996731878] [-0.0004636776117527446, -0.005422683665172033]
	[-2.7443633996731878, -2.7443633996731878] [-0.0004636776117527446, -0.005422683665172033]
	[-1.813708210012588, -1.813708210012588] [0.004072095817994208, -0.0036108905701001805]
	[-1.285594380151871, -1.285594380151871] [0.005336855608359773, -0.0010669898198592018]
	[-1.0488922959658034, -1.0488922959658034] [0.005438252929751614, 0.0002142431614131607]
	[-0.9805025539252967, -0.9805025539252967] [0.005410899489450547, 0.0005853731931239638]
	[-0.7409407868309434, -0.7409407868309434] [0.005117479741146456, 0.0018525377618607225]
	[-0.030004150567519927, -0.030004150567519927] [0.0026689134341068917, 0.004743142011516005]
	[-0.7796200831791372, -0.7796200831791372] [0.005185289109887522, 0.0016532609918116985]
	[-0.7796200831791372, -0.7796200831791372] [0.005185289109887522, 0.0016532609918116985]
	[-0.7796200831791372, -0.7796200831791372] [0.005185289109887522, 0.0016532609918116985]
	[-1.3764201763713637, -1.3764201763713637] [0.005218080993559505, -0.0015466498649718342]
	[-1.3764201763713637, -1.3764201763713637] [0.005218080993559505, -0.0015466498649718342]
