source:
	0.48080958242803185,0.5846192025488426
target:
	0.9000227917950245,0.33538005030121953
points:
	[0.6986827968476216, 0.6986827968476216] [0.001606743652370023, -0.004604819413142868]
	[0.6986827968476216, 0.6986827968476216] [0.001606743652370023, -0.004604819413142868]
	[0.6986827968476216, 0.6986827968476216] [0.001606743652370023, -0.004604819413142868]
	[0.6986827968476216, 0.6986827968476216] [0.001606743652370023, -0.004604819413142868]
	[0.6986827968476216, 0.6986827968476216] [0.001606743652370023, -0.004604819413142868]
	[0.6986827968476216, 0.6986827968476216] [0.001606743652370023, -0.004604819413142868]
	[0.6986827968476216, 0.6986827968476216] [0.001606743652370023, -0.004604819413142868]
	[-0.21627669573368247, -0.21627669573368247] [0.004629322558852698, -0.0015347180973020094]
	[-0.21627669573368247, -0.21627669573368247] [0.004629322558852698, -0.0015347180973020094]
	[0.10413202775392016, 0.10413202775392016] [0.003910354987120812, -0.0029146373473878675]
	[0.10413202775392016, 0.10413202775392016] [0.003910354987120812, -0.0029146373473878675]
	[0.10413202775392016, 0.10413202775392016] [0.003910354987120812, -0.0029146373473878675]
	[0.10413202775392016, 0.10413202775392016] [0.003910354987120812, -0.0029146373473878675]
	[0.10413202775392016, 0.10413202775392016] [0.003910354987120812, -0.0029146373473878675]
	[0.10413202775392016, 0.10413202775392016] [0.003910354987120812, -0.0029146373473878675]
	[0.10413202775392016, 0.10413202775392016] [0.003910354987120812, -0.0029146373473878675]
	[0.10413202775392016, 0.10413202775392016] [0.003910354987120812, -0.0029146373473878675]
	[0.10413202775392016, 0.10413202775392016] [0.003910354987120812, -0.0029146373473878675]
	[0.10413202775392016, 0.10413202775392016] [0.003910354987120812, -0.0029146373473878675]
	[0.10413202775392016, 0.10413202775392016] [0.003910354987120812, -0.0029146373473878675]
	[0.10413202775392016, 0.10413202775392016] [0.003910354987120812, -0.0029146373473878675]
	[-0.5331320369067256, -0.5331320369067256] [0.004877061993718751, -1.591544887422679e-05]
	[-0.5331320369067256, -0.5331320369067256] [0.004877061993718751, -1.591544887422679e-05]
	[-0.5331320369067256, -0.5331320369067256] [0.004877061993718751, -1.591544887422679e-05]
	[-0.5331320369067256, -0.5331320369067256] [0.004877061993718751, -1.591544887422679e-05]
	[-0.9068391716965198, -0.9068391716965198] [0.0045462592933868005, 0.0017656481612662637]
	[-0.7651824791085793, -0.7651824791085793] [0.004750001714468068, 0.001106106100082265]
	[-0.7651824791085793, -0.7651824791085793] [0.004750001714468068, 0.001106106100082265]
	[-0.33081854761577717, -0.33081854761577717] [0.0047743930871781155, -0.0009955690037333485]
	[-0.16465879957978627, -0.16465879957978627] [0.0045439729823909, -0.0017715237868542264]
	[-0.16465879957978627, -0.16465879957978627] [0.0045439729823909, -0.0017715237868542264]
	[-0.16465879957978627, -0.16465879957978627] [0.0045439729823909, -0.0017715237868542264]
	[-0.16465879957978627, -0.16465879957978627] [0.0045439729823909, -0.0017715237868542264]
	[-0.16465879957978627, -0.16465879957978627] [0.0045439729823909, -0.0017715237868542264]
	[-0.04164891283782396, -0.04164891283782396] [0.004292272105291779, -0.0023156828725503114]
	[-0.34285177068643086, -0.34285177068643086] [0.004786027043766169, -0.0009380469755975177]
	[-0.7737433211898375, -0.7737433211898375] [0.00474035857244237, 0.0011467290860359845]
	[-0.7737433211898375, -0.7737433211898375] [0.00474035857244237, 0.0011467290860359845]
	[-0.7737433211898375, -0.7737433211898375] [0.00474035857244237, 0.0011467290860359845]
	[-0.7737433211898375, -0.7737433211898375] [0.00474035857244237, 0.0011467290860359845]
