source:
	0.17373763317443447,0.6278145793172156
target:
	0.36183131109593736,0.2739538539446006
points:
	[0, 0] [0.0018809367792150284, -0.0035386072537261504]
	[0.4776282101460539, 0.4776282101460539] [4.383061079455848e-05, -0.0040072114170685465]
	[0.3464852199994169, 0.3464852199994169] [0.0005674668716059743, -0.003967070180014069]
	[0.6989281024704935, 0.6989281024704935] [-0.0008368131799460321, -0.003919108082892808]
	[0.6989281024704935, 0.6989281024704935] [-0.0008368131799460321, -0.003919108082892808]
	[0.6989281024704935, 0.6989281024704935] [-0.0008368131799460321, -0.003919108082892808]
	[0.416665145725072, 0.416665145725072] [0.00028788978549982805, -0.0039970969383956645]
	[0.416665145725072, 0.416665145725072] [0.00028788978549982805, -0.0039970969383956645]
	[0.416665145725072, 0.416665145725072] [0.00028788978549982805, -0.0039970969383956645]
	[0.416665145725072, 0.416665145725072] [0.00028788978549982805, -0.0039970969383956645]
	[0.416665145725072, 0.416665145725072] [0.00028788978549982805, -0.0039970969383956645]
	[0.416665145725072, 0.416665145725072] [0.00028788978549982805, -0.0039970969383956645]
	[0.416665145725072, 0.416665145725072] [0.00028788978549982805, -0.0039970969383956645]
	[0.416665145725072, 0.416665145725072] [0.00028788978549982805, -0.0039970969383956645]
	[0.416665145725072, 0.416665145725072] [0.00028788978549982805, -0.0039970969383956645]
	[0.416665145725072, 0.416665145725072] [0.00028788978549982805, -0.0039970969383956645]
	[0.9644965599750026, 0.9644965599750026] [-0.0018360780474724367, -0.0035620895366507755]
	[0.9644965599750026, 0.9644965599750026] [-0.0018360780474724367, -0.0035620895366507755]
	[0.9644965599750026, 0.9644965599750026] [-0.0018360780474724367, -0.0035620895366507755]
	[0.0791587312003923, 0.0791587312003923] [0.0015952275651428935, -0.0036762635214216363]
	[0.0791587312003923, 0.0791587312003923] [0.0015952275651428935, -0.0036762635214216363]
	[0.0791587312003923, 0.0791587312003923] [0.0015952275651428935, -0.0036762635214216363]
	[0.9842477381356894, 0.9842477381356894] [-0.0019060708145619916, -0.003525132410761633]
	[1.3096474694943763, 1.3096474694943763] [-0.002932986961550575, -0.002730796943549897]
	[2.2593505631674353, 2.2593505631674353] [-0.003927578035439863, 0.0007961125793865364]
	[2.511627957190007, 2.511627957190007] [-0.0036045387488773356, 0.0017512752129145623]
	[2.0020198255999104, 2.0020198255999104] [-0.004000864415329681, -0.0002296701845599938]
	[2.0020198255999104, 2.0020198255999104] [-0.004000864415329681, -0.0002296701845599938]
	[2.0020198255999104, 2.0020198255999104] [-0.004000864415329681, -0.0002296701845599938]
	[2.5613523480340326, 2.5613523480340326] [-0.0035130383161013252, 0.0019282702749176778]
	[2.5613523480340326, 2.5613523480340326] [-0.0035130383161013252, 0.0019282702749176778]
	[1.7245735964463478, 1.7245735964463478] [-0.0037849568056704964, -0.0013167256520383152]
	[0.9925116137358325, 0.9925116137358325] [-0.0019351366547289987, -0.0035092606900957637]
	[0.2671900256647497, 0.2671900256647497] [0.0008799238173949551, -0.003909654529380854]
	[-0.32698279882887527, -0.32698279882887527] [0.002917831939828012, -0.0027469840251531565]
