source:
	0.01545144076815419,0.9689762440884316
target:
	0.9643713427844761,0.37740598877018927
points:
	[-0.5222881996907289, -0.5222881996907289] [0.011175232974548479, -0.0003931955067901401]
	[-0.5222881996907289, -0.5222881996907289] [0.011175232974548479, -0.0003931955067901401]
	[-0.5222881996907289, -0.5222881996907289] [0.011175232974548479, -0.0003931955067901401]
	[-0.5222881996907289, -0.5222881996907289] [0.011175232974548479, -0.0003931955067901401]
	[-0.7062190439970507, -0.7062190439970507] [0.011058646821651598, 0.0016573367841119912]
	[-1.2148349104712757, -1.2148349104712757] [0.008851765103663008, 0.006832765859560052]
	[-1.2148349104712757, -1.2148349104712757] [0.008851765103663008, 0.006832765859560052]
	[-1.2148349104712757, -1.2148349104712757] [0.008851765103663008, 0.006832765859560052]
	[-1.2148349104712757, -1.2148349104712757] [0.008851765103663008, 0.006832765859560052]
	[-1.4393812122883185, -1.4393812122883185] [0.007108132071311442, 0.00863220094754457]
	[-1.5192089960390407, -1.5192089960390407] [0.006397138062566586, 0.009171535277719725]
	[-1.5192089960390407, -1.5192089960390407] [0.006397138062566586, 0.009171535277719725]
	[-1.5192089960390407, -1.5192089960390407] [0.006397138062566586, 0.009171535277719725]
	[-1.484077753971466, -1.484077753971466] [0.006715331933108354, 0.00894118290665004]
	[-1.6573940293344216, -1.6573940293344216] [0.005072818850061569, 0.009965286932971657]
	[-2.1908605995534693, -2.1908605995534693] [-0.0006996127129053434, 0.011160240893185814]
	[-2.1908605995534693, -2.1908605995534693] [-0.0006996127129053434, 0.011160240893185814]
	[-1.3094332909960382, -1.3094332909960382] [0.008166783082867456, 0.007638330237649166]
	[-1.3094332909960382, -1.3094332909960382] [0.008166783082867456, 0.007638330237649166]
	[-1.3094332909960382, -1.3094332909960382] [0.008166783082867456, 0.007638330237649166]
	[-1.3094332909960382, -1.3094332909960382] [0.008166783082867456, 0.007638330237649166]
	[-1.3094332909960382, -1.3094332909960382] [0.008166783082867456, 0.007638330237649166]
	[-1.033112567382616, -1.033112567382616] [0.009940854477413047, 0.005120531906051617]
	[-0.6657090087897721, -0.6657090087897721] [0.011116694504517514, 0.0012081134198516788]
	[-0.6657090087897721, -0.6657090087897721] [0.011116694504517514, 0.0012081134198516788]
	[-0.6657090087897721, -0.6657090087897721] [0.011116694504517514, 0.0012081134198516788]
	[-0.6657090087897721, -0.6657090087897721] [0.011116694504517514, 0.0012081134198516788]
	[-0.6657090087897721, -0.6657090087897721] [0.011116694504517514, 0.0012081134198516788]
	[-0.6657090087897721, -0.6657090087897721] [0.011116694504517514, 0.0012081134198516788]
	[0.037361370343289124, 0.037361370343289124] [0.009261609598399502, -0.006266021256653208]
	[-0.9223648570143583, -0.9223648570143583] [0.0104458828650453, 0.003990484420687373]
	[-0.9223648570143583, -0.9223648570143583] [0.0104458828650453, 0.003990484420687373]
	[-1.7042249935106506, -1.7042249935106506] [0.0046007437374425844, 0.010191839471085602]
	[-1.7042249935106506, -1.7042249935106506] [0.0046007437374425844, 0.010191839471085602]
	[-2.0613893101709495, -2.0613893101709495] [0.0007471401489591383, 0.011157159868882804]
	[-2.0613893101709495, -2.0613893101709495] [0.0007471401489591383, 0.011157159868882804]
	[-2.257449250169159, -2.257449250169159] [-0.0014406585405677033, 0.011088955663699128]
	[-2.257449250169159, -2.257449250169159] [-0.0014406585405677033, 0.011088955663699128]
	[-1.6241802521358737, -1.6241802521358737] [0.005400945023222226, 0.009791334311426952]
	[-1.1796693789333221, -1.1796693789333221] [0.009086520881171267, 0.006517328671935626]
	[-1.1796693789333221, -1.1796693789333221] [0.009086520881171267, 0.006517328671935626]
	[-1.1796693789333221, -1.1796693789333221] [0.009086520881171267, 0.006517328671935626]
	[-1.1796693789333221, -1.1796693789333221] [0.009086520881171267, 0.006517328671935626]
	[-1.1796693789333221, -1.1796693789333221] [0.009086520881171267, 0.006517328671935626]
	[-1.1796693789333221, -1.1796693789333221] [0.009086520881171267, 0.006517328671935626]
	[-0.5135975915490738, -0.5135975915490738] [0.011171393898079843, -0.0004902990066684708]
	[-0.5135975915490738, -0.5135975915490738] [0.011171393898079843, -0.0004902990066684708]
	[-0.5135975915490738, -0.5135975915490738] [0.011171393898079843, -0.0004902990066684708]
	[-0.5135975915490738, -0.5135975915490738] [0.011171393898079843, -0.0004902990066684708]
	[-0.5135975915490738, -0.5135975915490738] [0.011171393898079843, -0.0004902990066684708]
	[-0.8586810183722827, -0.8586810183722827] [0.0106786653232239, 0.0033176108356121367]
	[-0.8469861799343911, -0.8469861799343911] [0.010716733113355931, 0.0031925015456685537]
	[-0.8469861799343911, -0.8469861799343911] [0.010716733113355931, 0.0031925015456685537]
	[-0.6023696022633367, -0.6023696022633367] [0.01117087256588589, 0.0005020367105437894]
	[-0.6023696022633367, -0.6023696022633367] [0.01117087256588589, 0.0005020367105437894]
	[-0.6023696022633367, -0.6023696022633367] [0.01117087256588589, 0.0005020367105437894]
	[-0.28414181501784136, -0.28414181501784136] [0.010767077924707578, -0.0030183551323975113]
	[-0.4909662893939338, -0.4909662893939338] [0.011157438003373842, -0.0007429750620746148]
	[-0.4909662893939338, -0.4909662893939338] [0.011157438003373842, -0.0007429750620746148]
	[0.16643341924260208, 0.16643341924260208] [0.00837804486867412, -0.007405997496656265]
	[-0.1183539528235451, -0.1183539528235451] [0.010121329191767501, -0.00475385423986376]
	[-0.1183539528235451, -0.1183539528235451] [0.010121329191767501, -0.00475385423986376]
	[-0.1183539528235451, -0.1183539528235451] [0.010121329191767501, -0.00475385423986376]
	[-0.1183539528235451, -0.1183539528235451] [0.010121329191767501, -0.00475385423986376]
	[-0.1183539528235451, -0.1183539528235451] [0.010121329191767501, -0.00475385423986376]
	[-0.9788066568384762, -0.9788066568384762] [0.010204138121639643, 0.004573401353095547]
	[-0.5236311693390316, -0.5236311693390316] [0.011175750946379369, -0.0003781871580266719]
	[-0.6267263976433145, -0.6267263976433145] [0.01115533235376324, 0.000773947555767672]
	[-1.5784561692624726, -1.5784561692624726] [0.005842843948615274, 0.009534233547282419]
	[-1.5784561692624726, -1.5784561692624726] [0.005842843948615274, 0.009534233547282419]
	[-1.5784561692624726, -1.5784561692624726] [0.005842843948615274, 0.009534233547282419]
	[-1.5784561692624726, -1.5784561692624726] [0.005842843948615274, 0.009534233547282419]
	[-1.5784561692624726, -1.5784561692624726] [0.005842843948615274, 0.009534233547282419]
	[-1.5784561692624726, -1.5784561692624726] [0.005842843948615274, 0.009534233547282419]
	[-1.5784561692624726, -1.5784561692624726] [0.005842843948615274, 0.009534233547282419]
	[-1.5784561692624726, -1.5784561692624726] [0.005842843948615274, 0.009534233547282419]
	[-1.5784561692624726, -1.5784561692624726] [0.005842843948615274, 0.009534233547282419]
	[-1.5784561692624726, -1.5784561692624726] [0.005842843948615274, 0.009534233547282419]
	[-0.7885331881397426, -0.7885331881397426] [0.010884935132055365, 0.002560980654542807]
	[-0.7885331881397426, -0.7885331881397426] [0.010884935132055365, 0.002560980654542807]
	[-1.080160883252975, -1.080160883252975] [0.009689030713231832, 0.005582393624606372]
	[-0.278302434580632, -0.278302434580632] [0.010749269131611582, -0.0030811763789465284]
	[-0.7499183344826243, -0.7499183344826243] [0.010975688157966377, 0.0021388558158679837]
	[-0.7499183344826243, -0.7499183344826243] [0.010975688157966377, 0.0021388558158679837]
	[-0.7499183344826243, -0.7499183344826243] [0.010975688157966377, 0.0021388558158679837]
	[-0.7499183344826243, -0.7499183344826243] [0.010975688157966377, 0.0021388558158679837]
	[-0.7499183344826243, -0.7499183344826243] [0.010975688157966377, 0.0021388558158679837]
	[-0.7499183344826243, -0.7499183344826243] [0.010975688157966377, 0.0021388558158679837]
	[-0.9273852092330233, -0.9273852092330233] [0.010425717673477468, 0.004042875923762091]
	[-0.9273852092330233, -0.9273852092330233] [0.010425717673477468, 0.004042875923762091]
	[-0.15436542943908016, -0.15436542943908016] [0.0102859234091352, -0.004386366875148513]
	[-0.15436542943908016, -0.15436542943908016] [0.0102859234091352, -0.004386366875148513]
	[-0.15436542943908016, -0.15436542943908016] [0.0102859234091352, -0.004386366875148513]
	[-1.0903234369046837, -1.0903234369046837] [0.009631799989911344, 0.005680568958857862]
	[-1.0903234369046837, -1.0903234369046837] [0.009631799989911344, 0.005680568958857862]
	[-1.0903234369046837, -1.0903234369046837] [0.009631799989911344, 0.005680568958857862]
	[-1.0903234369046837, -1.0903234369046837] [0.009631799989911344, 0.005680568958857862]
	[-1.0903234369046837, -1.0903234369046837] [0.009631799989911344, 0.005680568958857862]
	[-1.3611388607622499, -1.3611388607622499] [0.007761100444364943, 0.008050202148671417]
