source:
	0.6391676491472292,0.35632889056673456
target:
	0.32261827854458425,0.8316841271679309
points:
	[0.537065194416867, 0.537065194416867] [-0.00028783994167539653, 0.005703837188006624]
	[1.0575917461975215, 1.0575917461975215] [0.0025870117145241622, 0.0050915597696801875]
	[0.9636300918412819, 0.9636300918412819] [0.0020978922952842828, 0.0053118225136668355]
	[0.16217946457941168, 0.16217946457941168] [-0.002356401679066513, 0.005202305414544933]
	[0.0707625946242974, 0.0707625946242974] [-0.0028214786071425147, 0.004965467648545115]
	[0.0707625946242974, 0.0707625946242974] [-0.0028214786071425147, 0.004965467648545115]
	[0.0707625946242974, 0.0707625946242974] [-0.0028214786071425147, 0.004965467648545115]
	[-0.1911688825997, -0.1911688825997] [-0.004011033693637522, 0.004065491262789229]
	[0.5424505875865887, 0.5424505875865887] [-0.0002571185102986889, 0.005705304599315693]
	[0.8306572398892927, 0.8306572398892927] [0.0013751238688668483, 0.005543071787789121]
	[0.2125962793127858, 0.2125962793127858] [-0.0020912349295640884, 0.005314447004974469]
	[1.0981051782540714, 1.0981051782540714] [0.0027911090615094785, 0.004982601800873785]
	[0.7937211429803488, 0.7937211429803488] [0.0011694930653609163, 0.005590071240099158]
	[0.7937211429803488, 0.7937211429803488] [0.0011694930653609163, 0.005590071240099158]
	[0.7937211429803488, 0.7937211429803488] [0.0011694930653609163, 0.005590071240099158]
	[0.7203939291682269, 0.7203939291682269] [0.0007568132484425392, 0.005660728239925749]
	[1.364859607207173, 1.364859607207173] [0.004005815812658589, 0.004070632650383159]
	[1.3870937780585053, 1.3870937780585053] [0.004095325384039845, 0.0039805678612667705]
	[1.2233870455832165, 1.2233870455832165] [0.003391831706594509, 0.004594789241461591]
	[0.35407949749559753, 0.35407949749559753] [-0.0013209401412743033, 0.00555623322426995]
	[0.7670478177485588, 0.7670478177485588] [0.001019988954324805, 0.005619273354479777]
	[0.30384801571136866, 0.30384801571136866] [-0.0015982544651866417, 0.005482900068742997]
	[0.30384801571136866, 0.30384801571136866] [-0.0015982544651866417, 0.005482900068742997]
	[0.9850642882142283, 0.9850642882142283] [0.002211256331002737, 0.005265639176577837]
	[0.9850642882142283, 0.9850642882142283] [0.002211256331002737, 0.005265639176577837]
	[0.360143485390068, 0.360143485390068] [-0.0012872231300581018, 0.0055641411837546355]
	[0.360143485390068, 0.360143485390068] [-0.0012872231300581018, 0.0055641411837546355]
	[0.6632655983544026, 0.6632655983544026] [0.00043236651868926504, 0.0056947054087834546]
	[0.48013408576667904, 0.48013408576667904] [-0.0006119239901557272, 0.005678217988910156]
	[0.48013408576667904, 0.48013408576667904] [-0.0006119239901557272, 0.005678217988910156]
	[0.48013408576667904, 0.48013408576667904] [-0.0006119239901557272, 0.005678217988910156]
	[-0.45753726845843457, -0.45753726845843457] [-0.004939735196060854, 0.0028662914527501655]
	[0.2536384822794848, 0.2536384822794848] [-0.001871418490539872, 0.005395776434636305]
	[1.1349558024824993, 1.1349558024824993] [0.0029727845897741263, 0.004876388241527995]
	[0.4016399218430108, 0.4016399218430108] [-0.0010552892469192928, 0.005612751117290657]
	[1.0905604258494066, 1.0905604258494066] [0.0027534374820611007, 0.005003518015525879]
	[1.0905604258494066, 1.0905604258494066] [0.0027534374820611007, 0.005003518015525879]
	[0.9663315852826706, 0.9663315852826706] [0.0021122344762380015, 0.005306135695277928]
	[0.9663315852826706, 0.9663315852826706] [0.0021122344762380015, 0.005306135695277928]
	[0.7023597668882704, 0.7023597668882704] [0.0006546092240336617, 0.005673455495826247]
	[1.5290730006615867, 1.5290730006615867] [0.004617378779329779, 0.0033610152792729244]
	[1.9185648140652531, 1.9185648140652531] [0.005547786164047223, 0.0013559790475214638]
	[1.2385555812736952, 1.2385555812736952] [0.003461135062127579, 0.0045428135093818385]
	[1.3884556409834719, 1.3884556409834719] [0.004100742572415467, 0.003974986899863997]
	[1.3884556409834719, 1.3884556409834719] [0.004100742572415467, 0.003974986899863997]
	[2.2682589177373282, 2.2682589177373282] [0.005676593188347245, -0.0006268175757911431]
	[2.925103326346437, 2.925103326346437] [0.004112677022759886, -0.00396263778382202]
	[2.7854393002410056, 2.7854393002410056] [0.004624271629730252, -0.0033515253831327197]
	[2.7854393002410056, 2.7854393002410056] [0.004624271629730252, -0.0033515253831327197]
	[2.7854393002410056, 2.7854393002410056] [0.004624271629730252, -0.0033515253831327197]
