source:
	0.9995892724122198,0.1464533935948893
target:
	0.5351705963722986,0.45312616669024786
points:
	[0, 0] [-0.004644186760399213, 0.0030667277309535863]
	[0, 0] [-0.004644186760399213, 0.0030667277309535863]
	[0, 0] [-0.004644186760399213, 0.0030667277309535863]
	[0, 0] [-0.004644186760399213, 0.0030667277309535863]
	[0, 0] [-0.004644186760399213, 0.0030667277309535863]
	[0, 0] [-0.004644186760399213, 0.0030667277309535863]
	[0, 0] [-0.004644186760399213, 0.0030667277309535863]
	[0, 0] [-0.004644186760399213, 0.0030667277309535863]
	[-0.8950608079811584, -0.8950608079811584] [-0.00529761133466796, -0.0017054629248578305]
	[-0.8950608079811584, -0.8950608079811584] [-0.00529761133466796, -0.0017054629248578305]
	[-0.576666716957364, -0.576666716957364] [-0.005565231126448926, 3.8628363556933477e-05]
	[-0.576666716957364, -0.576666716957364] [-0.005565231126448926, 3.8628363556933477e-05]
	[-0.576666716957364, -0.576666716957364] [-0.005565231126448926, 3.8628363556933477e-05]
	[0.16428054553510762, 0.16428054553510762] [-0.004080118050286101, 0.0037849605462932645]
	[0.16428054553510762, 0.16428054553510762] [-0.004080118050286101, 0.0037849605462932645]
	[-0.4848200666604172, -0.4848200666604172] [-0.0055382311153678926, 0.0005488950300722195]
	[-0.4848200666604172, -0.4848200666604172] [-0.0055382311153678926, 0.0005488950300722195]
	[-0.4848200666604172, -0.4848200666604172] [-0.0055382311153678926, 0.0005488950300722195]
	[-0.4848200666604172, -0.4848200666604172] [-0.0055382311153678926, 0.0005488950300722195]
	[-1.2075103445043238, -1.2075103445043238] [-0.00451687623794596, -0.0032513256822942573]
	[-1.2075103445043238, -1.2075103445043238] [-0.00451687623794596, -0.0032513256822942573]
	[-1.2075103445043238, -1.2075103445043238] [-0.00451687623794596, -0.0032513256822942573]
	[-1.2075103445043238, -1.2075103445043238] [-0.00451687623794596, -0.0032513256822942573]
	[-1.9119468067095018, -1.9119468067095018] [-0.001336180859831957, -0.005402583673677419]
	[-1.9119468067095018, -1.9119468067095018] [-0.001336180859831957, -0.005402583673677419]
	[-1.9119468067095018, -1.9119468067095018] [-0.001336180859831957, -0.005402583673677419]
	[-1.9119468067095018, -1.9119468067095018] [-0.001336180859831957, -0.005402583673677419]
	[-1.9119468067095018, -1.9119468067095018] [-0.001336180859831957, -0.005402583673677419]
	[-1.9119468067095018, -1.9119468067095018] [-0.001336180859831957, -0.005402583673677419]
	[-1.9119468067095018, -1.9119468067095018] [-0.001336180859831957, -0.005402583673677419]
	[-1.9119468067095018, -1.9119468067095018] [-0.001336180859831957, -0.005402583673677419]
	[-2.143178653118299, -2.143178653118299] [-6.247156019474585e-05, -0.005565014550334428]
	[-2.143178653118299, -2.143178653118299] [-6.247156019474585e-05, -0.005565014550334428]
	[-2.143178653118299, -2.143178653118299] [-6.247156019474585e-05, -0.005565014550334428]
	[-2.336578261993069, -2.336578261993069] [0.0010082679299745492, -0.005473270084935687]
	[-2.336578261993069, -2.336578261993069] [0.0010082679299745492, -0.005473270084935687]
	[-2.336578261993069, -2.336578261993069] [0.0010082679299745492, -0.005473270084935687]
	[-2.336578261993069, -2.336578261993069] [0.0010082679299745492, -0.005473270084935687]
	[-2.9746170832771486, -2.9746170832771486] [0.004069902682916701, -0.0037959428068471343]
	[-2.9746170832771486, -2.9746170832771486] [0.004069902682916701, -0.0037959428068471343]
	[-2.2448655122997776, -2.2448655122997776] [0.0005027652657336222, -0.005542609198639109]
	[-2.2448655122997776, -2.2448655122997776] [0.0005027652657336222, -0.005542609198639109]
	[-2.6736054775571727, -2.6736054775571727] [0.0027614621359776793, -0.004831937138749702]
	[-2.8131227915688393, -2.8131227915688393] [0.0034065836517196296, -0.004400963242871226]
	[-2.8131227915688393, -2.8131227915688393] [0.0034065836517196296, -0.004400963242871226]
	[-1.9667435995361382, -1.9667435995361382] [-0.0010382791685396612, -0.005467656354366435]
	[-1.9667435995361382, -1.9667435995361382] [-0.0010382791685396612, -0.005467656354366435]
	[-1.9667435995361382, -1.9667435995361382] [-0.0010382791685396612, -0.005467656354366435]
	[-1.9667435995361382, -1.9667435995361382] [-0.0010382791685396612, -0.005467656354366435]
	[-1.664876789845943, -1.664876789845943] [-0.002616882754439924, -0.0049117424902759286]
	[-1.664876789845943, -1.664876789845943] [-0.002616882754439924, -0.0049117424902759286]
	[-1.664876789845943, -1.664876789845943] [-0.002616882754439924, -0.0049117424902759286]
