source:
	0.5810081064701685,0.0024887315839972057
target:
	0.9402986062587485,0.2831667616705855
points:
	[0, 0] [0.0035929049978857997, 0.002806780300865883]
	[0, 0] [0.0035929049978857997, 0.002806780300865883]
	[0.3364362056131085, 0.3364362056131085] [0.0024648876224647883, 0.0038355326865745025]
	[0.3364362056131085, 0.3364362056131085] [0.0024648876224647883, 0.0038355326865745025]
	[0.3364362056131085, 0.3364362056131085] [0.0024648876224647883, 0.0038355326865745025]
	[0.3364362056131085, 0.3364362056131085] [0.0024648876224647883, 0.0038355326865745025]
	[0.3364362056131085, 0.3364362056131085] [0.0024648876224647883, 0.0038355326865745025]
	[0.3364362056131085, 0.3364362056131085] [0.0024648876224647883, 0.0038355326865745025]
	[0.6720754478827193, 0.6720754478827193] [0.001064026601129033, 0.00443337674614411]
	[1.1603132784320305, 1.1603132784320305] [-0.0011398589341818503, 0.004414487919490476]
	[1.1603132784320305, 1.1603132784320305] [-0.0011398589341818503, 0.004414487919490476]
	[1.1603132784320305, 1.1603132784320305] [-0.0011398589341818503, 0.004414487919490476]
	[1.1603132784320305, 1.1603132784320305] [-0.0011398589341818503, 0.004414487919490476]
	[1.1603132784320305, 1.1603132784320305] [-0.0011398589341818503, 0.004414487919490476]
	[1.1603132784320305, 1.1603132784320305] [-0.0011398589341818503, 0.004414487919490476]
	[1.0105041613007921, 1.0105041613007921] [-0.0004682324107565913, 0.004535167074174733]
	[0.7473698634414172, 0.7473698634414172] [0.000727518716721502, 0.004500855307381191]
	[0.7473698634414172, 0.7473698634414172] [0.000727518716721502, 0.004500855307381191]
	[0.7473698634414172, 0.7473698634414172] [0.000727518716721502, 0.004500855307381191]
	[0.13854385206297626, 0.13854385206297626] [0.0031708589392568354, 0.00327607014096105]
	[0.13854385206297626, 0.13854385206297626] [0.0031708589392568354, 0.00327607014096105]
	[0.13854385206297626, 0.13854385206297626] [0.0031708589392568354, 0.00327607014096105]
	[-0.24333541193968072, -0.24333541193968072] [0.0041633258346244085, 0.0018584132952361554]
	[-0.24333541193968072, -0.24333541193968072] [0.0041633258346244085, 0.0018584132952361554]
	[0.3286696137650275, 0.3286696137650275] [0.002494601999309554, 0.003816273423931036]
	[0.3286696137650275, 0.3286696137650275] [0.002494601999309554, 0.003816273423931036]
	[0.3286696137650275, 0.3286696137650275] [0.002494601999309554, 0.003816273423931036]
	[0.08720624614853117, 0.08720624614853117] [0.0033347931092605134, 0.003109041154373826]
	[0.2141429925331289, 0.2141429925331289] [0.00291436991898959, 0.003506198790207159]
	[0.2141429925331289, 0.2141429925331289] [0.00291436991898959, 0.003506198790207159]
	[-0.24294514102752912, -0.24294514102752912] [0.004162600232929976, 0.0018600379786372226]
	[-0.9707119354873419, -0.9707119354873419] [0.004345358999054807, -0.0013801583787721396]
	[-0.5859093284567447, -0.5859093284567447] [0.004545672552817241, 0.000351913375314894]
	[0.1736047671973252, 0.1736047671973252] [0.003054071735608236, 0.0033852072041339553]
	[0.1736047671973252, 0.1736047671973252] [0.003054071735608236, 0.0033852072041339553]
	[0.1736047671973252, 0.1736047671973252] [0.003054071735608236, 0.0033852072041339553]
	[0.31093638335487817, 0.31093638335487817] [0.002561881083077151, 0.0037714383592116385]
	[0.31093638335487817, 0.31093638335487817] [0.002561881083077151, 0.0037714383592116385]
