source:
	0.0933251950637296,0.8718568021557686
target:
	0.606456404895773,0.03358697394429144
points:
	[-0.6860683595447459, -0.6860683595447459] [0.009280754621418766, -0.003235365202933639]
	[-0.7530021107822431, -0.7530021107822431] [0.009476366368742719, -0.002607388498996939]
	[-0.40006158202443143, -0.40006158202443143] [0.00799098029425188, -0.005722257271061632]
	[-0.29767822035239033, -0.29767822035239033] [0.007364293796283488, -0.006509006930504847]
	[-0.715343447052648, -0.715343447052648] [0.009371480030386159, -0.0029623228013525168]
	[-0.33229153442194304, -0.33229153442194304] [0.0075851360408326395, -0.006250256441251139]
	[0.3969450598228833, 0.3969450598228833] [0.0014915596701042721, -0.009714692176793768]
	[1.3365754406958574, 1.3365754406958574] [-0.006962910865364267, -0.006936704305383921]
	[0.9861508529887264, 0.9861508529887264] [-0.004158406987528439, -0.00890548402196165]
	[0.9861508529887264, 0.9861508529887264] [-0.004158406987528439, -0.00890548402196165]
	[1.6932806526713529, 1.6932806526713529] [-0.008946831483152402, -0.0040686853836850775]
	[1.5272438270517628, 1.5272438270517628] [-0.00815133847800902, -0.00549141833739419]
	[1.5272438270517628, 1.5272438270517628] [-0.00815133847800902, -0.00549141833739419]
	[1.8759649902809665, 1.8759649902809665] [-0.00953711002813347, -0.0023756107952725798]
	[1.4453737622555196, 1.4453737622555196] [-0.007674955008086497, -0.006139630279030456]
	[1.4878709209682692, 1.4878709209682692] [-0.007928863847243698, -0.005808021386945078]
	[0.8548580458898687, 0.8548580458898687] [-0.0029567478040369317, -0.009373240462223424]
	[0.8548580458898687, 0.8548580458898687] [-0.0029567478040369317, -0.009373240462223424]
	[0.47571018965839024, 0.47571018965839024] [0.0007225472361916256, -0.009801934494313429]
	[0.47571018965839024, 0.47571018965839024] [0.0007225472361916256, -0.009801934494313429]
	[1.012696885045022, 1.012696885045022] [-0.004393319375705479, -0.008791970154771366]
	[1.012696885045022, 1.012696885045022] [-0.004393319375705479, -0.008791970154771366]
	[0.8530538503957455, 0.8530538503957455] [-0.0029398318427191063, -0.009378559754881043]
	[1.394704950628694, 1.394704950628694] [-0.007354150374036979, -0.006520465214644684]
	[1.3415110655550921, 1.3415110655550921] [-0.0069970628871213894, -0.0069022536387043955]
	[0.5263497202262516, 0.5263497202262516] [0.00022546775256165012, -0.009825943142105718]
	[0.7933097122120099, 0.7933097122120099] [-0.0023746060388272748, -0.009537360247977666]
	[0.7933097122120099, 0.7933097122120099] [-0.0023746060388272748, -0.009537360247977666]
	[0.5188138969142533, 0.5188138969142533] [0.00029950722114993465, -0.009823965073422168]
	[0.5188138969142533, 0.5188138969142533] [0.00029950722114993465, -0.009823965073422168]
	[0.36080781964774855, 0.36080781964774855] [0.0018415716228258978, -0.00965446053890853]
	[-0.31498099027965687, -0.31498099027965687] [0.007475809670911112, -0.006380616279298691]
	[-0.12008117934392074, -0.12008117934392074] [0.00609854800007485, -0.0077076394979346706]
	[-0.12008117934392074, -0.12008117934392074] [0.00609854800007485, -0.0077076394979346706]
	[-0.05972202121830413, -0.05972202121830413] [0.005622497977214579, -0.00806148316599108]
	[-0.05972202121830413, -0.05972202121830413] [0.005622497977214579, -0.00806148316599108]
	[0.0133960622602367, 0.0133960622602367] [0.0050185598972416305, -0.00845068345739785]
	[-0.3036311524311947, -0.3036311524311947] [0.007402910758260455, -0.006465052717849345]
	[-0.3036311524311947, -0.3036311524311947] [0.007402910758260455, -0.006465052717849345]
	[-0.6982077665500972, -0.6982077665500972] [0.00931934525005288, -0.003122466725147993]
	[-0.6982077665500972, -0.6982077665500972] [0.00931934525005288, -0.003122466725147993]
	[-1.12310700069905, -1.12310700069905] [0.009777842911389629, 0.0009968863222690834]
	[-1.6456234064238173, -1.6456234064238173] [0.007975638587411465, 0.005743621110617661]
	[-1.6456234064238173, -1.6456234064238173] [0.007975638587411465, 0.005743621110617661]
	[-2.262198594306604, -2.262198594306604] [0.0031858167227589336, 0.009297879658735594]
	[-2.4809370058294404, -2.4809370058294404] [0.0010922812565039319, 0.00976764638979267]
	[-3.0357380759512242, -3.0357380759512242] [-0.004216899499717579, 0.008877936300099322]
	[-3.4102799262004377, -3.4102799262004377] [-0.007172523412806707, 0.006719739744370999]
	[-4.364953137789755, -4.364953137789755] [-0.00962897267622502, -0.001970502357230653]
	[-4.364953137789755, -4.364953137789755] [-0.00962897267622502, -0.001970502357230653]
	[-4.364953137789755, -4.364953137789755] [-0.00962897267622502, -0.001970502357230653]
	[-5.150446096199975, -5.150446096199975] [-0.0054145787566574404, -0.008202580766276767]
	[-4.895925986681859, -4.895925986681859] [-0.007305398003761357, -0.0065750402543238605]
	[-4.572539443477985, -4.572539443477985] [-0.009016132585473888, -0.003912716133390658]
	[-3.711540263397525, -3.711540263397525] [-0.008843404626071688, 0.004288844711447763]
	[-3.711540263397525, -3.711540263397525] [-0.008843404626071688, 0.004288844711447763]
	[-4.316017583626715, -4.316017583626715] [-0.009713834925648214, -0.0014971323844592235]
	[-4.316017583626715, -4.316017583626715] [-0.009713834925648214, -0.0014971323844592235]
	[-3.9966088989469077, -3.9966088989469077] [-0.009692628762059861, 0.0016287854432765338]
	[-4.660753863314981, -4.660753863314981] [-0.008636364030921287, -0.004691823810070943]
	[-4.486406187620059, -4.486406187620059] [-0.009319306613175097, -0.0031225820387894504]
	[-3.5706237132896868, -3.5706237132896868] [-0.008153375009593452, 0.005488394145128115]
	[-3.7668664127404807, -3.7668664127404807] [-0.009067037550647236, 0.0037932603910742183]
	[-3.05780038685765, -3.05780038685765] [-0.00441172516440265, 0.008782748739040416]
	[-3.05780038685765, -3.05780038685765] [-0.00441172516440265, 0.008782748739040416]
	[-3.2745534916920547, -3.2745534916920547] [-0.006197311198352797, 0.007628455167995064]
	[-2.4435489626828586, -2.4435489626828586] [0.001456626022907482, 0.009719991510733347]
	[-2.3511620277760725, -2.3511620277760725] [0.002347137350884447, 0.009544157406257648]
	[-2.7854599221974077, -2.7854599221974077] [-0.0018866867884140186, 0.009645745554479633]
	[-3.5182448406872857, -3.5182448406872857] [-0.007854848520399573, 0.005907736373681228]
	[-2.954908160258887, -2.954908160258887] [-0.0034863098027970545, 0.009189430792941463]
	[-2.4426687108931073, -2.4426687108931073] [0.0014651814973978827, 0.009718705547500782]
	[-2.793556656664819, -2.793556656664819] [-0.0019647231330591993, 0.009630153547569303]
	[-2.793556656664819, -2.793556656664819] [-0.0019647231330591993, 0.009630153547569303]
	[-2.793556656664819, -2.793556656664819] [-0.0019647231330591993, 0.009630153547569303]
	[-2.047423886555406, -2.047423886555406] [0.005094252935129879, 0.00840527104692408]
	[-2.3932582894704524, -2.3932582894704524] [0.0019434032876080936, 0.009634478605563128]
	[-2.3932582894704524, -2.3932582894704524] [0.0019434032876080936, 0.009634478605563128]
	[-2.3932582894704524, -2.3932582894704524] [0.0019434032876080936, 0.009634478605563128]
	[-2.3932582894704524, -2.3932582894704524] [0.0019434032876080936, 0.009634478605563128]
	[-1.8459249271397091, -1.8459249271397091] [0.006673400086988916, 0.007215658363470094]
	[-1.6674697024693306, -1.6674697024693306] [0.007848268567339452, 0.005916474865513344]
	[-1.6674697024693306, -1.6674697024693306] [0.007848268567339452, 0.005916474865513344]
	[-0.7899428035721875, -0.7899428035721875] [0.009566198141855376, -0.0022556257336052723]
	[-0.7899428035721875, -0.7899428035721875] [0.009566198141855376, -0.0022556257336052723]
	[-0.7899428035721875, -0.7899428035721875] [0.009566198141855376, -0.0022556257336052723]
	[-1.5811425587539762, -1.5811425587539762] [0.008329160827110122, 0.005217765254922248]
	[-1.4259379932186498, -1.4259379932186498] [0.009035617404736466, 0.0038675072662585964]
	[-1.4259379932186498, -1.4259379932186498] [0.009035617404736466, 0.0038675072662585964]
	[-1.223331370796601, -1.223331370796601] [0.00962903004017425, 0.0019702220242301337]
	[-1.223331370796601, -1.223331370796601] [0.00962903004017425, 0.0019702220242301337]
	[-1.3144712122704751, -1.3144712122704751] [0.009409748853703482, 0.0028384187234383853]
