source:
	0.29589790280925066,0.9366368698396116
target:
	0.40036749379883696,0.47239849780267773
points:
	[-0.9127718665323459, -0.9127718665323459] [0.004311951942544696, -0.002012507539486112]
	[-0.9127718665323459, -0.9127718665323459] [0.004311951942544696, -0.002012507539486112]
	[-1.6554513261529404, -1.6554513261529404] [0.004537425765860695, 0.0014334865086937157]
	[-1.6554513261529404, -1.6554513261529404] [0.004537425765860695, 0.0014334865086937157]
	[-1.2267122642544772, -1.2267122642544772] [0.004722681630081186, -0.0005825756364602966]
	[-1.3421516849723585, -1.3421516849723585] [0.0047583516424292704, -3.472460646392572e-05]
	[-1.3421516849723585, -1.3421516849723585] [0.0047583516424292704, -3.472460646392572e-05]
	[-1.3421516849723585, -1.3421516849723585] [0.0047583516424292704, -3.472460646392572e-05]
	[-1.3421516849723585, -1.3421516849723585] [0.0047583516424292704, -3.472460646392572e-05]
	[-1.433675304868302, -1.433675304868302] [0.004741609896812459, 0.0004003145485159703]
	[-1.433675304868302, -1.433675304868302] [0.004741609896812459, 0.0004003145485159703]
	[-1.3065575316924747, -1.3065575316924747] [0.004754101946735573, -0.00020403634810602672]
	[-1.3065575316924747, -1.3065575316924747] [0.004754101946735573, -0.00020403634810602672]
	[-1.3065575316924747, -1.3065575316924747] [0.004754101946735573, -0.00020403634810602672]
	[-0.45999593856532073, -0.45999593856532073] [0.002997064832478322, -0.0036960409279694255]
	[0.4078292671105499, 0.4078292671105499] [-0.0008822368689381668, -0.0046759784279217535]
	[0.4078292671105499, 0.4078292671105499] [-0.0008822368689381668, -0.0046759784279217535]
	[0.4078292671105499, 0.4078292671105499] [-0.0008822368689381668, -0.0046759784279217535]
	[0.4078292671105499, 0.4078292671105499] [-0.0008822368689381668, -0.0046759784279217535]
	[0.4078292671105499, 0.4078292671105499] [-0.0008822368689381668, -0.0046759784279217535]
	[0.5425329428351533, 0.5425329428351533] [-0.0015022131997066025, -0.0045151380548030485]
	[0.5425329428351533, 0.5425329428351533] [-0.0015022131997066025, -0.0045151380548030485]
	[0.5033866296955649, 0.5033866296955649] [-0.0013243564571058936, -0.004570470011478615]
	[0.5033866296955649, 0.5033866296955649] [-0.0013243564571058936, -0.004570470011478615]
	[0.8836295135512544, 0.8836295135512544] [-0.0029260753948202344, -0.0037524923631009582]
	[0.8836295135512544, 0.8836295135512544] [-0.0029260753948202344, -0.0037524923631009582]
	[0.8836295135512544, 0.8836295135512544] [-0.0029260753948202344, -0.0037524923631009582]
	[0.7000113327737725, 0.7000113327737725] [-0.002191726064958526, -0.004223677663776537]
	[0.7000113327737725, 0.7000113327737725] [-0.002191726064958526, -0.004223677663776537]
	[0.7000113327737725, 0.7000113327737725] [-0.002191726064958526, -0.004223677663776537]
	[0.09214445898615398, 0.09214445898615398] [0.0006130991428696107, -0.004718816121901335]
	[0.09214445898615398, 0.09214445898615398] [0.0006130991428696107, -0.004718816121901335]
	[-0.7213274086893628, -0.7213274086893628] [0.0038502401358058713, -0.0027962058307522703]
	[-0.7213274086893628, -0.7213274086893628] [0.0038502401358058713, -0.0027962058307522703]
	[0.1604137372427814, 0.1604137372427814] [0.0002897709752385376, -0.004749647243028972]
	[0.04554259182828302, 0.04554259182828302] [0.0008322595738157166, -0.004685131818113071]
	[-0.2644804438408474, -0.2644804438408474] [0.0022219255866659984, -0.004207869156547333]
	[-0.2644804438408474, -0.2644804438408474] [0.0022219255866659984, -0.004207869156547333]
	[-0.2644804438408474, -0.2644804438408474] [0.0022219255866659984, -0.004207869156547333]
	[-0.8510995390353113, -0.8510995390353113] [0.004179716978196217, -0.0022744410595752313]
	[-0.8510995390353113, -0.8510995390353113] [0.004179716978196217, -0.0022744410595752313]
