source:
	0.07514567578805209,0.9256812916144457
target:
	0.4351106887399707,0.44511674432390425
points:
	[0, 0] [0.0035996501295191864, -0.0048056454729054135]
	[0, 0] [0.0035996501295191864, -0.0048056454729054135]
	[0, 0] [0.0035996501295191864, -0.0048056454729054135]
	[-0.7779602906761964, -0.7779602906761964] [0.005936934400185888, -0.0008969500510581528]
	[-0.25332058785271183, -0.25332058785271183] [0.004689159912434512, -0.0037501318352587227]
	[0.6706075012555126, 0.6706075012555126] [-0.00016640099006777227, -0.006002001347609667]
	[0.7475879469569034, 0.7475879469569034] [-0.0006274887248739011, -0.005971429256581704]
	[0.5298377078881733, 0.5298377078881733] [0.0006773578106817439, -0.005965978198293406]
	[-0.2566177340115553, -0.2566177340115553] [0.004701499134496373, -0.0037346506335310206]
	[-0.2566177340115553, -0.2566177340115553] [0.004701499134496373, -0.0037346506335310206]
	[-0.2566177340115553, -0.2566177340115553] [0.004701499134496373, -0.0037346506335310206]
	[0.24831842702825357, 0.24831842702825357] [0.002308134131008752, -0.005542943829724082]
	[1.1679230675592853, 1.1679230675592853] [-0.003009607026326967, -0.005195572635743546]
	[0.3150030083459219, 0.3150030083459219] [0.001933649085403756, -0.005684427031875861]
	[0.3358969742507631, 0.3358969742507631] [0.0018144654428493437, -0.005723584945024345]
	[0.3358969742507631, 0.3358969742507631] [0.0018144654428493437, -0.005723584945024345]
	[0.2211156092785034, 0.2211156092785034] [0.00245804527678015, -0.005478113076918236]
	[-0.5075552105541372, -0.5075552105541372] [0.005481607718177049, -0.0024502420880855]
	[-0.5075552105541372, -0.5075552105541372] [0.005481607718177049, -0.0024502420880855]
	[-0.9237658202096506, -0.9237658202096506] [0.006004256116395761, -2.4858699239733055e-05]
	[-0.9237658202096506, -0.9237658202096506] [0.006004256116395761, -2.4858699239733055e-05]
	[-1.4213060040895542, -1.4213060040895542] [0.005288159524729513, 0.002843778878045254]
	[-1.5767492075511613, -1.5767492075511613] [0.004784132163406593, 0.0036281936151840565]
	[-1.5767492075511613, -1.5767492075511613] [0.004784132163406593, 0.0036281936151840565]
	[-1.5767492075511613, -1.5767492075511613] [0.004784132163406593, 0.0036281936151840565]
	[-1.725881246682544, -1.725881246682544] [0.004191953761565432, 0.004298747855725108]
	[-1.725881246682544, -1.725881246682544] [0.004191953761565432, 0.004298747855725108]
	[-1.725881246682544, -1.725881246682544] [0.004191953761565432, 0.004298747855725108]
	[-2.126793026198427, -2.126793026198427] [0.0021819344076086837, 0.00559382442583758]
	[-2.126793026198427, -2.126793026198427] [0.0021819344076086837, 0.00559382442583758]
	[-1.863127686122628, -1.863127686122628] [0.00356439729478401, 0.004831850721115071]
	[-2.285491678651142, -2.285491678651142] [0.0012705049380545383, 0.005868349569391962]
	[-2.285491678651142, -2.285491678651142] [0.0012705049380545383, 0.005868349569391962]
	[-1.354489068241932, -1.354489068241932] [0.005466230651158247, 0.0024843574490281952]
	[-1.6254666325880873, -1.6254666325880873] [0.004601769646193031, 0.003856867328490865]
	[-2.579615653575292, -2.579615653575292] [-0.00048529869949420545, 0.005984663285304615]
	[-2.7786560501337703, -2.7786560501337703] [-0.0016590574114176502, 0.005770549191526224]
	[-2.652442750411941, -2.652442750411941] [-0.0009194727907314039, 0.005933487950043246]
	[-2.1419068599355224, -2.1419068599355224] [0.002097144291272571, 0.005626161683402519]
	[-2.1419068599355224, -2.1419068599355224] [0.002097144291272571, 0.005626161683402519]
	[-2.1419068599355224, -2.1419068599355224] [0.002097144291272571, 0.005626161683402519]
	[-2.5011462877563995, -2.5011462877563995] [-1.4674421332109176e-05, 0.006004289643876482]
	[-3.008620264804107, -3.008620264804107] [-0.002930736433044746, 0.005240466909181658]
	[-3.008620264804107, -3.008620264804107] [-0.002930736433044746, 0.005240466909181658]
	[-3.3612867212384994, -3.3612867212384994] [-0.00456042892509662, 0.0039056622339042443]
	[-4.17996233905282, -4.17996233905282] [-0.005967711836922754, -0.00066191003743398]
	[-3.887372241448031, -3.887372241448031] [-0.005905001026570373, 0.0010875073987824868]
	[-3.887372241448031, -3.887372241448031] [-0.005905001026570373, 0.0010875073987824868]
	[-3.887372241448031, -3.887372241448031] [-0.005905001026570373, 0.0010875073987824868]
	[-3.9643076241313384, -3.9643076241313384] [-0.0059711189209436235, 0.0006304350070807097]
	[-3.9643076241313384, -3.9643076241313384] [-0.0059711189209436235, 0.0006304350070807097]
	[-3.9643076241313384, -3.9643076241313384] [-0.0059711189209436235, 0.0006304350070807097]
	[-3.9643076241313384, -3.9643076241313384] [-0.0059711189209436235, 0.0006304350070807097]
	[-3.1399159479820593, -3.1399159479820593] [-0.00359158742065939, 0.004811674268481297]
	[-2.7080676986771093, -2.7080676986771093] [-0.001247930454463308, 0.005873191555451499]
	[-2.7080676986771093, -2.7080676986771093] [-0.001247930454463308, 0.005873191555451499]
	[-2.1577749772786836, -2.1577749772786836] [0.002007607422104497, 0.0056587297077095615]
