source:
	0.2281707447725616,0.5662815101492547
target:
	0.7179489845056285,0.2781383983501624
points:
	[0, 0] [0.004897782397330669, -0.0028814311179909224]
	[0, 0] [0.004897782397330669, -0.0028814311179909224]
	[0.16505486882928166, 0.16505486882928166] [0.004357780579010429, -0.003647007831706439]
	[-0.6174975481626567, -0.6174975481626567] [0.005661647496213026, 0.00048648260806872113]
	[-1.2957541852477317, -1.2957541852477317] [0.004103305388705657, 0.003931132481403761]
	[-0.917340909143709, -0.917340909143709] [0.0052653478125715795, 0.0021370610922423956]
	[-0.09056075423164489, -0.09056075423164489] [0.005138300193185451, -0.0024266826788929227]
	[-0.09056075423164489, -0.09056075423164489] [0.005138300193185451, -0.0024266826788929227]
	[0.5886013588377021, 0.5886013588377021] [0.002473808222871989, -0.005115778589401569]
	[-0.03385577361465031, -0.03385577361465031] [0.004992510158086913, -0.00271399337153346]
	[-0.8886608770697825, -0.8886608770697825] [0.005324465048836217, 0.00198519259595892]
	[-0.7618846909468296, -0.7618846909468296] [0.005532735914271295, 0.0012960520831591404]
	[-1.459396753305635, -1.459396753305635] [0.003408053591794927, 0.00454709670171883]
	[-1.459396753305635, -1.459396753305635] [0.003408053591794927, 0.00454709670171883]
	[-2.3819936882712147, -2.3819936882712147] [-0.0015671999918112473, 0.005462124301496204]
	[-2.1372520694056303, -2.1372520694056303] [-0.00019699378900975506, 0.005679094218836324]
	[-2.606260555165284, -2.606260555165284] [-0.0027426840749152502, 0.00497680638206218]
	[-2.7907552885578815, -2.7907552885578815] [-0.0036091326277203134, 0.004389200311543464]
	[-2.1731387713640093, -2.1731387713640093] [-0.00040062717230465305, 0.005668369745185978]
	[-2.6280346822774105, -2.6280346822774105] [-0.002850390982109065, 0.004915911812516564]
	[-2.6280346822774105, -2.6280346822774105] [-0.002850390982109065, 0.004915911812516564]
	[-2.6280346822774105, -2.6280346822774105] [-0.002850390982109065, 0.004915911812516564]
	[-2.900163408832323, -2.900163408832323] [-0.004066809951300361, 0.003968875724853693]
	[-2.091945295564389, -2.091945295564389] [6.042178051143875e-05, 0.005682188566720432]
	[-2.7534561983604546, -2.7534561983604546] [-0.003442947145455542, 0.004520733641006524]
	[-3.482679892528208, -3.482679892528208] [-0.005579501620303447, 0.0010770698066326875]
	[-3.482679892528208, -3.482679892528208] [-0.005579501620303447, 0.0010770698066326875]
	[-3.482679892528208, -3.482679892528208] [-0.005579501620303447, 0.0010770698066326875]
	[-3.247644949904655, -3.247644949904655] [-0.005175275193855336, 0.0023467944876350336]
	[-3.247644949904655, -3.247644949904655] [-0.005175275193855336, 0.0023467944876350336]
	[-2.9085546804284625, -2.9085546804284625] [-0.004099970296402714, 0.003934610688231303]
	[-2.9085546804284625, -2.9085546804284625] [-0.004099970296402714, 0.003934610688231303]
	[-2.4289996969216583, -2.4289996969216583] [-0.0018221270162555232, 0.005382450263212872]
	[-3.2414339084362638, -3.2414339084362638] [-0.005160599426623245, 0.002378892863763394]
	[-2.794746800078066, -2.794746800078066] [-0.003626623374198887, 0.004374759490651212]
	[-1.9406983509503406, -1.9406983509503406] [0.0009158728026659482, 0.005608216713775011]
	[-1.9406983509503406, -1.9406983509503406] [0.0009158728026659482, 0.005608216713775011]
	[-2.1335455684384907, -2.1335455684384907] [-0.00017594291582864258, 0.005679785364756162]
	[-1.2721225978699562, -1.2721225978699562] [0.004195049947009128, 0.0038330762634504524]
	[-1.2721225978699562, -1.2721225978699562] [0.004195049947009128, 0.0038330762634504524]
	[-0.4981110091645883, -0.4981110091645883] [0.005679288858080013, -0.00019130019816191801]
	[-0.34768543026425713, -0.34768543026425713] [0.005586486826882676, -0.0010402320089263242]
	[-0.853707229305865, -0.853707229305865] [0.005390588371485059, 0.0017979084260714255]
	[-0.13172796957933108, -0.13172796957933108] [0.005233818321071547, -0.002213156903914492]
	[-0.13172796957933108, -0.13172796957933108] [0.005233818321071547, -0.002213156903914492]
	[0.5994340403802568, 0.5994340403802568] [0.002418246560858233, -0.0051422758842973315]
	[0.7770435356945393, 0.7770435356945393] [0.0014716819590264707, -0.005488630968721124]
	[-0.16440269753729986, -0.16440269753729986] [0.005303326091244235, -0.0020409924226357902]
	[-0.16440269753729986, -0.16440269753729986] [0.005303326091244235, -0.0020409924226357902]
	[0.688477724716327, 0.688477724716327] [0.0019513836743206786, -0.005336948515296293]
	[0.9595201018542906, 0.9595201018542906] [0.00045125048165063576, -0.005664564475945052]
	[0.9595201018542906, 0.9595201018542906] [0.00045125048165063576, -0.005664564475945052]
	[1.384527613423986, 1.384527613423986] [-0.0019245511479471283, -0.005346683138008457]
