source:
	0.6588022824353608,0.8070228525016758
target:
	0.452893006721789,0.22183517569048128
points:
	[0.2939024455249025, 0.2939024455249025] [-0.00027557279016685444, -0.00619744982464374]
	[0.2939024455249025, 0.2939024455249025] [-0.00027557279016685444, -0.00619744982464374]
	[0.2939024455249025, 0.2939024455249025] [-0.00027557279016685444, -0.00619744982464374]
	[0.08258091399311149, 0.08258091399311149] [-0.0015693713912541853, -0.00600178291243277]
	[0.08258091399311149, 0.08258091399311149] [-0.0015693713912541853, -0.00600178291243277]
	[0.08258091399311149, 0.08258091399311149] [-0.0015693713912541853, -0.00600178291243277]
	[0.08258091399311149, 0.08258091399311149] [-0.0015693713912541853, -0.00600178291243277]
	[0.08258091399311149, 0.08258091399311149] [-0.0015693713912541853, -0.00600178291243277]
	[0.08258091399311149, 0.08258091399311149] [-0.0015693713912541853, -0.00600178291243277]
	[-0.6428177083234496, -0.6428177083234496] [-0.005156044032887669, -0.0034495702083854646]
	[-0.6428177083234496, -0.6428177083234496] [-0.005156044032887669, -0.0034495702083854646]
	[-0.9637197245997126, -0.9637197245997126] [-0.005980907230166352, -0.0016471409762983046]
	[-1.5472844022904355, -1.5472844022904355] [-0.005898668125907237, 0.0019209474308431959]
	[-1.5472844022904355, -1.5472844022904355] [-0.005898668125907237, 0.0019209474308431959]
	[-1.5472844022904355, -1.5472844022904355] [-0.005898668125907237, 0.0019209474308431959]
	[-1.3814996842813818, -1.3814996842813818] [-0.006134799355330979, 0.0009211740125989702]
	[-1.3814996842813818, -1.3814996842813818] [-0.006134799355330979, 0.0009211740125989702]
	[-1.3814996842813818, -1.3814996842813818] [-0.006134799355330979, 0.0009211740125989702]
	[-1.3814996842813818, -1.3814996842813818] [-0.006134799355330979, 0.0009211740125989702]
	[-1.3814996842813818, -1.3814996842813818] [-0.006134799355330979, 0.0009211740125989702]
	[-1.3814996842813818, -1.3814996842813818] [-0.006134799355330979, 0.0009211740125989702]
	[-1.3766766673598831, -1.3766766673598831] [-0.006139170823801462, 0.0008915751722888857]
	[-1.3766766673598831, -1.3766766673598831] [-0.006139170823801462, 0.0008915751722888857]
	[-1.3766766673598831, -1.3766766673598831] [-0.006139170823801462, 0.0008915751722888857]
	[-1.3766766673598831, -1.3766766673598831] [-0.006139170823801462, 0.0008915751722888857]
	[-1.3766766673598831, -1.3766766673598831] [-0.006139170823801462, 0.0008915751722888857]
	[-1.3766766673598831, -1.3766766673598831] [-0.006139170823801462, 0.0008915751722888857]
	[-1.3766766673598831, -1.3766766673598831] [-0.006139170823801462, 0.0008915751722888857]
	[-1.3766766673598831, -1.3766766673598831] [-0.006139170823801462, 0.0008915751722888857]
	[-1.9724466040753827, -1.9724466040753827] [-0.0045811901684376525, 0.004182944098630445]
	[-1.9724466040753827, -1.9724466040753827] [-0.0045811901684376525, 0.004182944098630445]
	[-2.4307031955957408, -2.4307031955957408] [-0.0022580536540375775, 0.005778020282687197]
	[-2.4307031955957408, -2.4307031955957408] [-0.0022580536540375775, 0.005778020282687197]
	[-2.259017927530187, -2.259017927530187] [-0.0032119911095854097, 0.0053073004252257435]
	[-2.259017927530187, -2.259017927530187] [-0.0032119911095854097, 0.0053073004252257435]
	[-2.2829384703102122, -2.2829384703102122] [-0.0030841308147611553, 0.005382607343016744]
	[-2.2829384703102122, -2.2829384703102122] [-0.0030841308147611553, 0.005382607343016744]
	[-2.2829384703102122, -2.2829384703102122] [-0.0030841308147611553, 0.005382607343016744]
	[-2.2829384703102122, -2.2829384703102122] [-0.0030841308147611553, 0.005382607343016744]
	[-2.066330564248208, -2.066330564248208] [-0.004168880529818805, 0.004593991708716372]
	[-2.066330564248208, -2.066330564248208] [-0.004168880529818805, 0.004593991708716372]
	[-2.066330564248208, -2.066330564248208] [-0.004168880529818805, 0.004593991708716372]
	[-1.7198360669592758, -1.7198360669592758] [-0.005481251800015603, 0.0029052028150342245]
	[-2.5651824351190213, -2.5651824351190213] [-0.0014629824792305043, 0.006028599087443255]
	[-2.0654017688139636, -2.0654017688139636] [-0.0041731456095642295, 0.004590117690542571]
	[-2.0654017688139636, -2.0654017688139636] [-0.0041731456095642295, 0.004590117690542571]
	[-2.522971489329297, -2.522971489329297] [-0.0017160766355930925, 0.005961493577320081]
	[-2.7661142234954514, -2.7661142234954514] [-0.00023034615482223485, 0.006199295551965214]
	[-2.7661142234954514, -2.7661142234954514] [-0.00023034615482223485, 0.006199295551965214]
	[-3.295332409190272, -3.295332409190272] [0.002930932600139156, 0.005467536811499179]
	[-3.295332409190272, -3.295332409190272] [0.002930932600139156, 0.005467536811499179]
	[-3.6697443007767485, -3.6697443007767485] [0.004727502136581188, 0.00401684555842982]
	[-3.6697443007767485, -3.6697443007767485] [0.004727502136581188, 0.00401684555842982]
	[-3.6697443007767485, -3.6697443007767485] [0.004727502136581188, 0.00401684555842982]
	[-3.6697443007767485, -3.6697443007767485] [0.004727502136581188, 0.00401684555842982]
	[-3.5152966081852535, -3.5152966081852535] [0.004053300017099561, 0.004696284027083305]
	[-3.5152966081852535, -3.5152966081852535] [0.004053300017099561, 0.004696284027083305]
	[-3.5152966081852535, -3.5152966081852535] [0.004053300017099561, 0.004696284027083305]
	[-4.265361844107716, -4.265361844107716] [0.006166967637990849, 0.0006729300436380007]
	[-4.284787718315891, -4.284787718315891] [0.006178875509205298, 0.000553011874556089]
