source:
	0.6302741402918227,0.05476745701870267
target:
	0.9786122525965969,0.5545020603024552
points:
	[0, 0] [0.0034833811230477424, 0.004997346032837525]
	[0.6698207587497366, 0.6698207587497366] [-0.00037184244272150144, 0.006080225704537062]
	[0.021602776314057826, 0.021602776314057826] [0.0033746201907550433, 0.0050714248479565086]
	[0.8539628950735232, 0.8539628950735232] [-0.0014788649894282417, 0.005909345967479456]
	[0.8539628950735232, 0.8539628950735232] [-0.0014788649894282417, 0.005909345967479456]
	[0.7202833669287232, 0.7202833669287232] [-0.0006780629434661253, 0.006053729599595638]
	[1.1460616693627983, 1.1460616693627983] [-0.003117894064656287, 0.005233177621856858]
	[0.7538627253342984, 0.7538627253342984] [-0.000880922852365012, 0.006027552268417371]
	[1.619282227584017, 1.619282227584017] [-0.005160301800651415, 0.003237081516816664]
	[2.537124081839199, 2.537124081839199] [-0.005706256909568508, -0.0021321452817113467]
	[2.9216381502241893, 2.9216381502241893] [-0.004489804392614253, -0.0041169245725886285]
	[2.0982424826516657, 2.0982424826516657] [-0.006071467284565397, 0.0004946680025778713]
	[1.3454853953550265, 1.3454853953550265] [-0.004092816313430518, 0.0045117918884673]
	[0.5148110481423489, 0.5148110481423489] [0.00057134011920332, 0.006064732631246908]
	[-0.134145057376576, -0.134145057376576] [0.004120447093504589, 0.004486571872816915]
	[0.2751640466781062, 0.2751640466781062] [0.0019945355645283724, 0.005755800491865037]
	[-0.568813725951445, -0.568813725951445] [0.005626624997794688, 0.002334202766366758]
	[-0.6097655729978766, -0.6097655729978766] [0.005717470779445371, 0.002101889461058942]
	[-1.3583713113501426, -1.3583713113501426] [0.005619423103704433, -0.0023514879123387247]
	[-0.5863884578564127, -0.5863884578564127] [0.005666776945008893, 0.0022349609562222726]
	[-0.4587465698758848, -0.4587465698758848] [0.005336176112404984, 0.0029381347684748448]
	[-0.4587465698758848, -0.4587465698758848] [0.005336176112404984, 0.0029381347684748448]
	[0.2027430606824303, 0.2027430606824303] [0.002405783848933082, 0.005596393078808441]
	[0.5667754544033625, 0.5667754544033625] [0.0002555604819194024, 0.006086222166533475]
	[0.3795290969477058, 0.3795290969477058] [0.0013840685998414998, 0.0059322647893747206]
	[0.3795290969477058, 0.3795290969477058] [0.0013840685998414998, 0.0059322647893747206]
	[-0.26230595043248944, -0.26230595043248944] [0.004660084031822102, 0.003923140099037882]
	[-1.1877224073803958, -1.1877224073803958] [0.005937133784880321, -0.0013630311224454782]
	[-1.2709366258858543, -1.2709366258858543] [0.005803296774779698, -0.0018517985754811068]
	[-1.9315814686116746, -1.9315814686116746] [0.0034459519802635076, -0.005023228679847287]
	[-2.2989256380362093, -2.2989256380362093] [0.001412020800584618, -0.005925673689888659]
	[-2.803091511625899, -2.803091511625899] [-0.0016262242827421237, -0.0058705030451011745]
	[-3.700067143828469, -3.700067143828469] [-0.0056021908153232125, -0.0023922519702218943]
	[-3.965648835053705, -3.965648835053705] [-0.006033673767188184, -0.0008379691470856421]
	[-4.861754668315483, -4.861754668315483] [-0.004423338804773371, 0.004188255631943732]
	[-4.543756320233157, -4.543756320233157] [-0.005511091300347473, 0.0025952425897315863]
	[-5.296130252024798, -5.296130252024798] [-0.002249954121675918, 0.005660840738854597]
	[-5.296130252024798, -5.296130252024798] [-0.002249954121675918, 0.005660840738854597]
	[-5.296130252024798, -5.296130252024798] [-0.002249954121675918, 0.005660840738854597]
	[-5.779537110969009, -5.779537110969009] [0.0006390028288125748, 0.0060579771215391555]
	[-5.309351036027167, -5.309351036027167] [-0.0021749189183044365, 0.005690091310262407]
	[-5.582455649477063, -5.582455649477063] [-0.0005595679945394384, 0.006065830122894097]
	[-6.541652088794304, -6.541652088794304] [0.004644988128732255, 0.00394100199242004]
	[-7.14289044292935, -7.14289044292935] [0.006059706629194617, 0.0006223881332553829]
	[-7.14289044292935, -7.14289044292935] [0.006059706629194617, 0.0006223881332553829]
	[-7.14289044292935, -7.14289044292935] [0.006059706629194617, 0.0006223881332553829]
	[-6.557243601768011, -6.557243601768011] [0.0047058672470103825, 0.0038681035241882075]
	[-6.305390033402594, -6.305390033402594] [0.00359347800023534, 0.004918772944764469]
	[-6.305390033402594, -6.305390033402594] [0.00359347800023534, 0.004918772944764469]
	[-6.154705735378964, -6.154705735378964] [0.0028143786324440596, 0.005402470206633685]
	[-5.977136237574136, -5.977136237574136] [0.001815844591917352, 0.005814647008918668]
	[-5.977136237574136, -5.977136237574136] [0.001815844591917352, 0.005814647008918668]
	[-5.3374026789117845, -5.3374026789117845] [-0.0020144677816758337, 0.005748854753506331]
