source:
	0.18973082007016517,0.005428560868730448
target:
	0.9816760093887723,0.43766654776417846
points:
	[0, 0] [0.007919451893186071, 0.004322379868954481]
	[0, 0] [0.007919451893186071, 0.004322379868954481]
	[0.8772576400622519, 0.8772576400622519] [0.0017387465256461828, 0.008853103780007593]
	[0.8772576400622519, 0.8772576400622519] [0.0017387465256461828, 0.008853103780007593]
	[0.8772576400622519, 0.8772576400622519] [0.0017387465256461828, 0.008853103780007593]
	[0.8772576400622519, 0.8772576400622519] [0.0017387465256461828, 0.008853103780007593]
	[0.8150890107939931, 0.8150890107939931] [0.0022854183945917985, 0.008727975067659901]
	[0.8150890107939931, 0.8150890107939931] [0.0022854183945917985, 0.008727975067659901]
	[1.1503079279316994, 1.1503079279316994] [-0.0007130853837442683, 0.008994008853426912]
	[1.1503079279316994, 1.1503079279316994] [-0.0007130853837442683, 0.008994008853426912]
	[1.1503079279316994, 1.1503079279316994] [-0.0007130853837442683, 0.008994008853426912]
	[0.9730653603664494, 0.9730653603664494] [0.000883873875790145, 0.008978833609758402]
	[0.9730653603664494, 0.9730653603664494] [0.000883873875790145, 0.008978833609758402]
	[0.9730653603664494, 0.9730653603664494] [0.000883873875790145, 0.008978833609758402]
	[0.9730653603664494, 0.9730653603664494] [0.000883873875790145, 0.008978833609758402]
	[0.9730653603664494, 0.9730653603664494] [0.000883873875790145, 0.008978833609758402]
	[0.9730653603664494, 0.9730653603664494] [0.000883873875790145, 0.008978833609758402]
	[0.9730653603664494, 0.9730653603664494] [0.000883873875790145, 0.008978833609758402]
	[0.9730653603664494, 0.9730653603664494] [0.000883873875790145, 0.008978833609758402]
	[0.9730653603664494, 0.9730653603664494] [0.000883873875790145, 0.008978833609758402]
	[0.9730653603664494, 0.9730653603664494] [0.000883873875790145, 0.008978833609758402]
	[0.9342105084811024, 0.9342105084811024] [0.0012319902425868728, 0.008937722644063315]
	[0.9342105084811024, 0.9342105084811024] [0.0012319902425868728, 0.008937722644063315]
	[0.9459368424041963, 0.9459368424041963] [0.001127101221661981, 0.008951554549694676]
	[0.9459368424041963, 0.9459368424041963] [0.001127101221661981, 0.008951554549694676]
	[0.9459368424041963, 0.9459368424041963] [0.001127101221661981, 0.008951554549694676]
	[0.9459368424041963, 0.9459368424041963] [0.001127101221661981, 0.008951554549694676]
	[0.9459368424041963, 0.9459368424041963] [0.001127101221661981, 0.008951554549694676]
	[0.9459368424041963, 0.9459368424041963] [0.001127101221661981, 0.008951554549694676]
	[0.21066119818090334, 0.21066119818090334] [0.006840537681371061, 0.005882833522187589]
	[0.21066119818090334, 0.21066119818090334] [0.006840537681371061, 0.005882833522187589]
	[0.38776824267622734, 0.38776824267622734] [0.005697081591339337, 0.006995995094456103]
	[0.38776824267622734, 0.38776824267622734] [0.005697081591339337, 0.006995995094456103]
	[0.38776824267622734, 0.38776824267622734] [0.005697081591339337, 0.006995995094456103]
	[0.38776824267622734, 0.38776824267622734] [0.005697081591339337, 0.006995995094456103]
	[0.38776824267622734, 0.38776824267622734] [0.005697081591339337, 0.006995995094456103]
	[1.283864071329132, 1.283864071329132] [-0.0019043723809406782, 0.00881895979437154]
	[2.229702373169517, 2.229702373169517] [-0.008266245988968697, 0.0036152265862446752]
	[2.229702373169517, 2.229702373169517] [-0.008266245988968697, 0.0036152265862446752]
	[2.8677562190607073, 2.8677562190607073] [-0.008793264970204901, -0.0020196973000424596]
	[2.8677562190607073, 2.8677562190607073] [-0.008793264970204901, -0.0020196973000424596]
	[3.706057868357959, 3.706057868357959] [-0.0043786275209293304, -0.00788849206458317]
	[3.706057868357959, 3.706057868357959] [-0.0043786275209293304, -0.00788849206458317]
	[3.706057868357959, 3.706057868357959] [-0.0043786275209293304, -0.00788849206458317]
	[3.706057868357959, 3.706057868357959] [-0.0043786275209293304, -0.00788849206458317]
	[3.706057868357959, 3.706057868357959] [-0.0043786275209293304, -0.00788849206458317]
	[3.706057868357959, 3.706057868357959] [-0.0043786275209293304, -0.00788849206458317]
	[3.706057868357959, 3.706057868357959] [-0.0043786275209293304, -0.00788849206458317]
	[4.013548765777332, 4.013548765777332] [-0.001785656847533641, -0.008843761396763688]
	[3.1541125424192096, 3.1541125424192096] [-0.007864716921992842, -0.004421189179050227]
	[3.1541125424192096, 3.1541125424192096] [-0.007864716921992842, -0.004421189179050227]
	[3.8471439917218095, 3.8471439917218095] [-0.0032258526770955016, -0.00842582699357797]
	[3.8471439917218095, 3.8471439917218095] [-0.0032258526770955016, -0.00842582699357797]
	[3.6849883644474457, 3.6849883644474457] [-0.0045438499854632925, -0.007794492499812713]
	[3.6849883644474457, 3.6849883644474457] [-0.0045438499854632925, -0.007794492499812713]
	[3.584720316044768, 3.584720316044768] [-0.005301257557999396, -0.007300503703429351]
	[3.7985506099462536, 3.7985506099462536] [-0.0036313231073687134, -0.00825918752117431]
	[4.644728882763289, 4.644728882763289] [0.00377706780277937, -0.008193561181393524]
	[4.644728882763289, 4.644728882763289] [0.00377706780277937, -0.008193561181393524]
	[4.644728882763289, 4.644728882763289] [0.00377706780277937, -0.008193561181393524]
	[4.644728882763289, 4.644728882763289] [0.00377706780277937, -0.008193561181393524]
	[4.644728882763289, 4.644728882763289] [0.00377706780277937, -0.008193561181393524]
	[4.644728882763289, 4.644728882763289] [0.00377706780277937, -0.008193561181393524]
	[4.644728882763289, 4.644728882763289] [0.00377706780277937, -0.008193561181393524]
	[5.484580929096143, 5.484580929096143] [0.008621938202694327, -0.002657605623291671]
	[5.484580929096143, 5.484580929096143] [0.008621938202694327, -0.002657605623291671]
	[5.484580929096143, 5.484580929096143] [0.008621938202694327, -0.002657605623291671]
	[5.484580929096143, 5.484580929096143] [0.008621938202694327, -0.002657605623291671]
	[4.609277845565344, 4.609277845565344] [0.0034842851838150337, -0.008322285910606438]
	[4.609277845565344, 4.609277845565344] [0.0034842851838150337, -0.008322285910606438]
	[4.609277845565344, 4.609277845565344] [0.0034842851838150337, -0.008322285910606438]
	[4.609277845565344, 4.609277845565344] [0.0034842851838150337, -0.008322285910606438]
	[4.609277845565344, 4.609277845565344] [0.0034842851838150337, -0.008322285910606438]
	[4.609277845565344, 4.609277845565344] [0.0034842851838150337, -0.008322285910606438]
	[3.7564309363962107, 3.7564309363962107] [-0.003975873911077033, -0.00809895750471926]
	[3.7564309363962107, 3.7564309363962107] [-0.003975873911077033, -0.00809895750471926]
	[3.7564309363962107, 3.7564309363962107] [-0.003975873911077033, -0.00809895750471926]
	[3.7564309363962107, 3.7564309363962107] [-0.003975873911077033, -0.00809895750471926]
	[3.7564309363962107, 3.7564309363962107] [-0.003975873911077033, -0.00809895750471926]
	[3.7564309363962107, 3.7564309363962107] [-0.003975873911077033, -0.00809895750471926]
	[4.279718096090889, 4.279718096090889] [0.0006034657972584076, -0.009002028385401296]
	[4.090443902305796, 4.090443902305796] [-0.0011010080048508145, -0.008954801359789386]
	[4.090443902305796, 4.090443902305796] [-0.0011010080048508145, -0.008954801359789386]
	[4.090443902305796, 4.090443902305796] [-0.0011010080048508145, -0.008954801359789386]
	[4.090443902305796, 4.090443902305796] [-0.0011010080048508145, -0.008954801359789386]
	[4.090443902305796, 4.090443902305796] [-0.0011010080048508145, -0.008954801359789386]
