source:
	0.35511199497293267,0.37293863477459854
target:
	0.7530660329300607,0.001505561621618856
points:
	[0, 0] [0.00397954037957128, -0.003714330731529797]
	[0.43944562131033343, 0.43944562131033343] [0.002021218133567695, -0.005054470464090391]
	[-0.3151448475250143, -0.3151448475250143] [0.004934826324134132, -0.002297930278850476]
	[-0.3151448475250143, -0.3151448475250143] [0.004934826324134132, -0.002297930278850476]
	[-0.3151448475250143, -0.3151448475250143] [0.004934826324134132, -0.002297930278850476]
	[-0.3151448475250143, -0.3151448475250143] [0.004934826324134132, -0.002297930278850476]
	[-0.3151448475250143, -0.3151448475250143] [0.004934826324134132, -0.002297930278850476]
	[-1.1436152961735175, -1.1436152961735175] [0.005029301530030338, 0.002083055576757257]
	[-1.1436152961735175, -1.1436152961735175] [0.005029301530030338, 0.002083055576757257]
	[-1.1436152961735175, -1.1436152961735175] [0.005029301530030338, 0.002083055576757257]
	[-1.1436152961735175, -1.1436152961735175] [0.005029301530030338, 0.002083055576757257]
	[-1.1436152961735175, -1.1436152961735175] [0.005029301530030338, 0.002083055576757257]
	[-1.1436152961735175, -1.1436152961735175] [0.005029301530030338, 0.002083055576757257]
	[-1.1436152961735175, -1.1436152961735175] [0.005029301530030338, 0.002083055576757257]
	[-0.8868320708625449, -0.8868320708625449] [0.00539343533362072, 0.000737461672140708]
	[-1.583470864931087, -1.583470864931087] [0.003663594907337346, 0.004026296905440143]
	[-1.583470864931087, -1.583470864931087] [0.003663594907337346, 0.004026296905440143]
	[-0.7428523435774569, -0.7428523435774569] [0.005443441504385386, -4.4034124943898664e-05]
	[-0.7428523435774569, -0.7428523435774569] [0.005443441504385386, -4.4034124943898664e-05]
	[-0.7428523435774569, -0.7428523435774569] [0.005443441504385386, -4.4034124943898664e-05]
	[-0.6231754285466263, -0.6231754285466263] [0.00539924869184698, -0.0006936194773892177]
	[-0.6231754285466263, -0.6231754285466263] [0.00539924869184698, -0.0006936194773892177]
	[-0.6231754285466263, -0.6231754285466263] [0.00539924869184698, -0.0006936194773892177]
	[-0.6231754285466263, -0.6231754285466263] [0.00539924869184698, -0.0006936194773892177]
	[-0.6231754285466263, -0.6231754285466263] [0.00539924869184698, -0.0006936194773892177]
	[-0.3876206098560665, -0.3876206098560665] [0.005088269811002661, -0.0019345554389223255]
	[-0.3876206098560665, -0.3876206098560665] [0.005088269811002661, -0.0019345554389223255]
	[-0.3876206098560665, -0.3876206098560665] [0.005088269811002661, -0.0019345554389223255]
	[0.23226417525156384, 0.23226417525156384] [0.003017710464495994, -0.004530609006336387]
	[0.23226417525156384, 0.23226417525156384] [0.003017710464495994, -0.004530609006336387]
	[0.23226417525156384, 0.23226417525156384] [0.003017710464495994, -0.004530609006336387]
	[0.23226417525156384, 0.23226417525156384] [0.003017710464495994, -0.004530609006336387]
	[0.23226417525156384, 0.23226417525156384] [0.003017710464495994, -0.004530609006336387]
	[-0.6295544998810737, -0.6295544998810737] [0.0054035634557348, -0.0006591634058959881]
	[-0.33749747582451656, -0.33749747582451656] [0.0049849540613431005, -0.002187059080620352]
	[-0.33749747582451656, -0.33749747582451656] [0.0049849540613431005, -0.002187059080620352]
	[-0.33749747582451656, -0.33749747582451656] [0.0049849540613431005, -0.002187059080620352]
	[-0.33749747582451656, -0.33749747582451656] [0.0049849540613431005, -0.002187059080620352]
	[-0.33749747582451656, -0.33749747582451656] [0.0049849540613431005, -0.002187059080620352]
	[-0.5650973798189017, -0.5650973798189017] [0.005349883834077207, -0.0010058515684256645]
	[-0.5650973798189017, -0.5650973798189017] [0.005349883834077207, -0.0010058515684256645]
	[-0.5650973798189017, -0.5650973798189017] [0.005349883834077207, -0.0010058515684256645]
	[-0.5650973798189017, -0.5650973798189017] [0.005349883834077207, -0.0010058515684256645]
	[-0.5650973798189017, -0.5650973798189017] [0.005349883834077207, -0.0010058515684256645]
	[-0.5650973798189017, -0.5650973798189017] [0.005349883834077207, -0.0010058515684256645]
