source:
	0.46576111326064895,0.007876658396160474
target:
	0.7728324842203608,0.7512896652607932
points:
	[0, 0] [0.003070713709597118, 0.007434130068646326]
	[-0.05542653819661125, -0.05542653819661125] [0.0034778352965114346, 0.0072526018927139765]
	[-0.05542653819661125, -0.05542653819661125] [0.0034778352965114346, 0.0072526018927139765]
	[0.5599774576695133, 0.5599774576695133] [-0.001347050646264679, 0.00792975580457917]
	[0.2585098294714867, 0.2585098294714867] [0.00106821767373711, 0.007972106595208998]
	[0.676450151397483, 0.676450151397483] [-0.0022594371941844324, 0.007719489369731336]
	[1.3707894491110966, 1.3707894491110966] [-0.006675854921399439, 0.004486483437201795]
	[1.9797227224250986, 1.9797227224250986] [-0.008042163904121394, -0.00013846408597918613]
	[2.0958346787354194, 2.0958346787354194] [-0.007971971377377537, -0.001069226319416257]
	[2.0958346787354194, 2.0958346787354194] [-0.007971971377377537, -0.001069226319416257]
	[1.4854071107811686, 1.4854071107811686] [-0.007145156913582309, 0.003693549139262407]
	[1.6625557430507163, 1.6625557430507163] [-0.007684226774045729, 0.0023766008181640218]
	[1.9559150576728621, 1.9559150576728621] [-0.008043181037950835, 5.302220862291381e-05]
	[1.125678686485077, 1.125678686485077] [-0.005387609618970215, 0.0059723726572810856]
	[1.7464891298193055, 1.7464891298193055] [-0.007856417714634417, 0.0017240282065667232]
	[1.7942877252456364, 1.7942877252456364] [-0.007929819373347092, 0.001346676379071174]
	[1.6575544718064317, 1.6575544718064317] [-0.007672244696781714, 0.0024150018377972304]
	[1.6575544718064317, 1.6575544718064317] [-0.007672244696781714, 0.0024150018377972304]
	[1.1624806431759054, 1.1624806431759054] [-0.00560370697331984, 0.005770098848462281]
	[1.1624806431759054, 1.1624806431759054] [-0.00560370697331984, 0.005770098848462281]
	[1.1624806431759054, 1.1624806431759054] [-0.00560370697331984, 0.005770098848462281]
	[1.0181621216192274, 1.0181621216192274] [-0.004715607169898626, 0.006516028052660594]
	[1.0181621216192274, 1.0181621216192274] [-0.004715607169898626, 0.006516028052660594]
	[1.0181621216192274, 1.0181621216192274] [-0.004715607169898626, 0.006516028052660594]
	[1.0181621216192274, 1.0181621216192274] [-0.004715607169898626, 0.006516028052660594]
	[1.0181621216192274, 1.0181621216192274] [-0.004715607169898626, 0.006516028052660594]
	[1.0181621216192274, 1.0181621216192274] [-0.004715607169898626, 0.006516028052660594]
	[0.20620820381404503, 0.20620820381404503] [0.0014835210406519007, 0.007905361338092158]
	[0.1881547414855131, 0.1881547414855131] [0.0016259906776193956, 0.007877291849370185]
	[0.1881547414855131, 0.1881547414855131] [0.0016259906776193956, 0.007877291849370185]
	[0.1881547414855131, 0.1881547414855131] [0.0016259906776193956, 0.007877291849370185]
	[-0.4742486646054634, -0.4742486646054634] [0.0061267630990005095, 0.005211367046426956]
	[-0.4742486646054634, -0.4742486646054634] [0.0061267630990005095, 0.005211367046426956]
	[-0.4742486646054634, -0.4742486646054634] [0.0061267630990005095, 0.005211367046426956]
	[-0.4742486646054634, -0.4742486646054634] [0.0061267630990005095, 0.005211367046426956]
	[-0.7116446404112207, -0.7116446404112207] [0.007180499726099497, 0.003624361495124924]
	[-0.7116446404112207, -0.7116446404112207] [0.007180499726099497, 0.003624361495124924]
	[-0.5522458396778196, -0.5522458396778196] [0.006514196182181479, 0.004718137414691457]
	[-0.5522458396778196, -0.5522458396778196] [0.006514196182181479, 0.004718137414691457]
	[-0.5522458396778196, -0.5522458396778196] [0.006514196182181479, 0.004718137414691457]
	[-1.2379387037008112, -1.2379387037008112] [0.008029429937431798, -0.000473104051698071]
	[-1.7392755759389726, -1.7392755759389726] [0.006813962076534488, -0.0042738148513253305]
	[-1.7550226942978189, -1.7550226942978189] [0.006745819772072928, -0.004380580802424385]
	[-1.9877105676954763, -1.9877105676954763] [0.005553885904939133, -0.005818068744762094]
	[-1.0707407772168411, -1.0707407772168411] [0.007996193183217103, 0.000869751194613406]
	[-1.549685659266553, -1.549685659266553] [0.0074972935832409325, -0.0029131016958824957]
	[-1.5972740266584502, -1.5972740266584502] [0.007350228367155831, -0.0032664530479584192]
	[-1.8398676324161118, -1.8398676324161118] [0.0063503295445350326, -0.004936485312412529]
	[-2.077317636777822, -2.077317636777822] [0.005010960869251591, -0.006291728199047418]
	[-2.077317636777822, -2.077317636777822] [0.005010960869251591, -0.006291728199047418]
	[-1.436523893877156, -1.436523893877156] [0.0077782897890270085, -0.002047872193711634]
	[-1.436523893877156, -1.436523893877156] [0.0077782897890270085, -0.002047872193711634]
	[-1.436523893877156, -1.436523893877156] [0.0077782897890270085, -0.002047872193711634]
	[-1.1708769993819386, -1.1708769993819386] [0.008043084825499034, 6.602312993421257e-05]
	[-1.1708769993819386, -1.1708769993819386] [0.008043084825499034, 6.602312993421257e-05]
	[-0.2703470958154456, -0.2703470958154456] [0.004944582980966343, 0.006344026458661496]
	[0.312736816552573, 0.312736816552573] [0.000634555993133083, 0.008018286054727533]
	[0.312736816552573, 0.312736816552573] [0.000634555993133083, 0.008018286054727533]
	[-0.3703009146245254, -0.3703009146245254] [0.0055529577779591865, 0.005818954586526837]
	[-0.34402526461789246, -0.34402526461789246] [0.0053981617589049825, 0.005962836756825982]
	[-0.5511191006848422, -0.5511191006848422] [0.0065088759388886135, 0.004725474217051238]
	[-0.5511191006848422, -0.5511191006848422] [0.0065088759388886135, 0.004725474217051238]
	[-0.5511191006848422, -0.5511191006848422] [0.0065088759388886135, 0.004725474217051238]
	[-0.33104341551892036, -0.33104341551892036] [0.0053203004207569, 0.006032410463218918]
	[-0.7838184821707377, -0.7838184821707377] [0.007423163054478595, 0.0030971313873459022]
	[0.04765417194748833, 0.04765417194748833] [0.002713094454293473, 0.007571967448816796]
	[0.16153546652877243, 0.16153546652877243] [0.0018350776695809454, 0.007831223564071229]
	[-0.16413814040977415, -0.16413814040977415] [0.004244194523508939, 0.006832450908017991]
	[-0.48494171686890425, -0.48494171686890425] [0.006182137189348956, 0.005145556562309634]
