source:
	0.9712545950850292,0.5357540114985961
target:
	0.3667687843739901,0.9179843719251848
points:
	[0, 0] [-0.006044858107110391, 0.0038223036042658864]
	[0.5584593460772981, 0.5584593460772981] [-0.003101114646247658, 0.006444641365437684]
	[0.5584593460772981, 0.5584593460772981] [-0.003101114646247658, 0.006444641365437684]
	[0.5584593460772981, 0.5584593460772981] [-0.003101114646247658, 0.006444641365437684]
	[0.5584593460772981, 0.5584593460772981] [-0.003101114646247658, 0.006444641365437684]
	[0.5692224904701898, 0.5692224904701898] [-0.0030315717569147226, 0.006477645178686402]
	[0.5692224904701898, 0.5692224904701898] [-0.0030315717569147226, 0.006477645178686402]
	[0.5692224904701898, 0.5692224904701898] [-0.0030315717569147226, 0.006477645178686402]
	[-0.08358074225783418, -0.08358074225783418] [-0.0063428556360209274, 0.003304314869814886]
	[-0.08358074225783418, -0.08358074225783418] [-0.0063428556360209274, 0.003304314869814886]
	[-0.08358074225783418, -0.08358074225783418] [-0.0063428556360209274, 0.003304314869814886]
	[-0.08358074225783418, -0.08358074225783418] [-0.0063428556360209274, 0.003304314869814886]
	[-0.08358074225783418, -0.08358074225783418] [-0.0063428556360209274, 0.003304314869814886]
	[-0.08358074225783418, -0.08358074225783418] [-0.0063428556360209274, 0.003304314869814886]
	[0.5490352765065303, 0.5490352765065303] [-0.003161710787067764, 0.00641513049572817]
	[1.478011418299917, 1.478011418299917] [0.0032457950321241507, 0.006372999999036592]
	[1.478011418299917, 1.478011418299917] [0.0032457950321241507, 0.006372999999036592]
	[1.478011418299917, 1.478011418299917] [0.0032457950321241507, 0.006372999999036592]
	[1.478011418299917, 1.478011418299917] [0.0032457950321241507, 0.006372999999036592]
	[1.478011418299917, 1.478011418299917] [0.0032457950321241507, 0.006372999999036592]
	[1.074094367391861, 1.074094367391861] [0.00047986445384620615, 0.007135828226927629]
	[0.4362174714792916, 0.4362174714792916] [-0.003863817857436726, 0.006018407259635665]
	[0.4362174714792916, 0.4362174714792916] [-0.003863817857436726, 0.006018407259635665]
	[0.4362174714792916, 0.4362174714792916] [-0.003863817857436726, 0.006018407259635665]
	[0.8610596284576431, 0.8610596284576431] [-0.001039690244573493, 0.007075970504010098]
	[0.8610596284576431, 0.8610596284576431] [-0.001039690244573493, 0.007075970504010098]
	[1.6536005548933266, 1.6536005548933266] [0.00430917521105805, 0.005708005201354061]
	[0.696975931461458, 0.696975931461458] [-0.0021815740780528905, 0.006811097482803333]
	[1.0853422911275175, 1.0853422911275175] [0.0005600956582212347, 0.0071299794692498185]
	[1.0853422911275175, 1.0853422911275175] [0.0005600956582212347, 0.0071299794692498185]
	[2.022782731946453, 2.022782731946453] [0.006078584771248592, 0.0037684375485109107]
	[2.022782731946453, 2.022782731946453] [0.006078584771248592, 0.0037684375485109107]
	[2.022782731946453, 2.022782731946453] [0.006078584771248592, 0.0037684375485109107]
	[2.022782731946453, 2.022782731946453] [0.006078584771248592, 0.0037684375485109107]
	[2.022782731946453, 2.022782731946453] [0.006078584771248592, 0.0037684375485109107]
	[1.1080277166294097, 1.1080277166294097] [0.000721684288998437, 0.007115439983957074]
	[1.2066898294019384, 1.2066898294019384] [0.0014190605772345048, 0.0070097490294889365]
	[0.32976254644630876, 0.32976254644630876] [-0.004481424537435873, 0.00557379121366686]
	[-0.17993953719617228, -0.17993953719617228] [-0.006631338954132045, 0.002678741878885149]
	[-0.17993953719617228, -0.17993953719617228] [-0.006631338954132045, 0.002678741878885149]
	[0.12874495763722588, 0.12874495763722588] [-0.005504085719888522, 0.004566766335866274]
	[0.12874495763722588, 0.12874495763722588] [-0.005504085719888522, 0.004566766335866274]
	[0.12874495763722588, 0.12874495763722588] [-0.005504085719888522, 0.004566766335866274]
	[0.12874495763722588, 0.12874495763722588] [-0.005504085719888522, 0.004566766335866274]
	[0.12874495763722588, 0.12874495763722588] [-0.005504085719888522, 0.004566766335866274]
	[0.6567561856626429, 0.6567561856626429] [-0.002453676587971092, 0.006717870613514729]
	[0.6961346380015504, 0.6961346380015504] [-0.0021873034371126176, 0.0068092597286546165]
	[0.6961346380015504, 0.6961346380015504] [-0.0021873034371126176, 0.0068092597286546165]
	[0.23043985154018948, 0.23043985154018948] [-0.005012032277938395, 0.005101945395943187]
	[0.23043985154018948, 0.23043985154018948] [-0.005012032277938395, 0.005101945395943187]
	[1.1449628052659586, 1.1449628052659586] [0.0009839417402641355, 0.007083937678300693]
	[1.1449628052659586, 1.1449628052659586] [0.0009839417402641355, 0.007083937678300693]
	[1.1449628052659586, 1.1449628052659586] [0.0009839417402641355, 0.007083937678300693]
	[1.610829829755152, 1.610829829755152] [0.0040611732554224, 0.005887035431159223]
	[1.610829829755152, 1.610829829755152] [0.0040611732554224, 0.005887035431159223]
	[1.9679507422513582, 1.9679507422513582] [0.005862921881304942, 0.004095907883729556]
	[2.1087208643313278, 2.1087208643313278] [0.0063796063101283305, 0.0032327910087187823]
	[2.8980217022428487, 2.8980217022428487] [0.006788255612221291, -0.002251643870914839]
	[3.214011262142095, 3.214011262142095] [0.005752450018057968, -0.004249662712266361]
	[2.781708681867232, 2.781708681867232] [0.00700369453673068, -0.0014486466837883682]
	[2.781708681867232, 2.781708681867232] [0.00700369453673068, -0.0014486466837883682]
	[2.781708681867232, 2.781708681867232] [0.00700369453673068, -0.0014486466837883682]
	[2.46116080948487, 2.46116080948487] [0.007103396000388617, 0.0008319132406358336]
