source:
	0.7935954192837196,0.06821372413803983
target:
	0.3975132887166888,0.23053034457616084
points:
	[-0.9343717884763474, -0.9343717884763474] [-0.0036594025033634225, -0.0022207087294092986]
	[-0.5065784039633034, -0.5065784039633034] [-0.0042509218468192245, -0.0005024314826244252]
	[-0.3424259340652663, -0.3424259340652663] [-0.004275883066687347, 0.0001989923177249752]
	[-0.27764712330615243, -0.27764712330615243] [-0.004254033299354097, 0.0004753678896219646]
	[-0.4849380541435939, -0.4849380541435939] [-0.004260798466671484, -0.000410329585707728]
	[-0.4849380541435939, -0.4849380541435939] [-0.004260798466671484, -0.000410329585707728]
	[-0.3864380524362014, -0.3864380524362014] [-0.004280497646309957, 1.066969690556048e-05]
	[-0.3864380524362014, -0.3864380524362014] [-0.004280497646309957, 1.066969690556048e-05]
	[-0.3864380524362014, -0.3864380524362014] [-0.004280497646309957, 1.066969690556048e-05]
	[0.32923387337557425, 0.32923387337557425] [-0.003223287789623376, 0.002816591870996221]
	[-0.47565879009623496, -0.47565879009623496] [-0.004264422532443963, -0.0003707754135340664]
	[-0.47565879009623496, -0.47565879009623496] [-0.004264422532443963, -0.0003707754135340664]
	[-0.3159579770414586, -0.3159579770414586] [-0.004269119108128168, 0.0003120832951506698]
	[-0.3159579770414586, -0.3159579770414586] [-0.004269119108128168, 0.0003120832951506698]
	[-0.3159579770414586, -0.3159579770414586] [-0.004269119108128168, 0.0003120832951506698]
	[-0.5523457427148812, -0.5523457427148812] [-0.004223483603689901, -0.0006963908326936193]
	[-0.5561995487538576, -0.5561995487538576] [-0.004220768491964089, -0.0007126621076922311]
	[-1.1651238740296908, -1.1651238740296908] [-0.0030545110848298153, -0.002998789084805553]
	[-1.1651238740296908, -1.1651238740296908] [-0.0030545110848298153, -0.002998789084805553]
	[-0.43730498814738283, -0.43730498814738283] [-0.0042755035645977565, -0.00020698601790705205]
	[-0.43730498814738283, -0.43730498814738283] [-0.0042755035645977565, -0.00020698601790705205]
	[-0.8461275722959722, -0.8461275722959722] [-0.0038408742561407906, -0.0018895657943062139]
	[-0.8461275722959722, -0.8461275722959722] [-0.0038408742561407906, -0.0018895657943062139]
	[-0.9823597319614948, -0.9823597319614948] [-0.0035486634492369667, -0.002393692057585257]
	[-0.9823597319614948, -0.9823597319614948] [-0.0035486634492369667, -0.002393692057585257]
	[-0.33540892768394404, -0.33540892768394404] [-0.004274381479440238, 0.00022899107125699342]
	[-0.33540892768394404, -0.33540892768394404] [-0.004274381479440238, 0.00022899107125699342]
	[-0.33540892768394404, -0.33540892768394404] [-0.004274381479440238, 0.00022899107125699342]
	[-0.33540892768394404, -0.33540892768394404] [-0.004274381479440238, 0.00022899107125699342]
	[-0.33540892768394404, -0.33540892768394404] [-0.004274381479440238, 0.00022899107125699342]
	[0.5154024855611049, 0.5154024855611049] [-0.0026462540717807287, 0.003364537610145123]
	[0.7837681807480386, 0.7837681807480386] [-0.0016594055219535673, 0.003945775875060209]
	[-0.12213345070983339, -0.12213345070983339] [-0.004129067460833444, 0.0011285281770445994]
	[-0.12213345070983339, -0.12213345070983339] [-0.004129067460833444, 0.0011285281770445994]
	[-0.12213345070983339, -0.12213345070983339] [-0.004129067460833444, 0.0011285281770445994]
	[0.17267520399515318, 0.17267520399515318] [-0.003623028730465544, 0.0022795694244129466]
