source:
	0.03326193052884052,0.9475309210305976
target:
	0.4109591835623574,0.2836418304339994
points:
	[0.9126999965789654, 0.9126999965789654] [-0.0029423702759697914, -0.007048606324324952]
	[0.7572698929204613, 0.7572698929204613] [-0.0018157403896062762, -0.007419129382466431]
	[-0.10389257174022382, -0.10389257174022382] [0.004445098498085653, -0.006211400268743026]
	[0.22883850091467817, 0.22883850091467817] [0.0021724999898551467, -0.007322611402382598]
	[0.22883850091467817, 0.22883850091467817] [0.0021724999898551467, -0.007322611402382598]
	[0.24977021462220658, 0.24977021462220658] [0.002018760468150006, -0.007366478136019887]
	[0.24977021462220658, 0.24977021462220658] [0.002018760468150006, -0.007366478136019887]
	[0.35948332899247226, 0.35948332899247226] [0.0012000439177722413, -0.0075432279928185995]
	[0.35948332899247226, 0.35948332899247226] [0.0012000439177722413, -0.0075432279928185995]
	[0.7925671156961964, 0.7925671156961964] [-0.002076429685061501, -0.007350430852624877]
	[0.7925671156961964, 0.7925671156961964] [-0.002076429685061501, -0.007350430852624877]
	[1.5632828905301, 1.5632828905301] [-0.006610325743044216, -0.0038267463369122358]
	[1.5632828905301, 1.5632828905301] [-0.006610325743044216, -0.0038267463369122358]
	[2.4036981593097213, 2.4036981593097213] [-0.00726072299832585, 0.0023711380174520325]
	[1.7564342988238817, 1.7564342988238817] [-0.007221955464066671, -0.0024867153498665307]
	[1.7498958365476192, 1.7498958365476192] [-0.007205541911286437, -0.0025338823415697225]
	[1.7498958365476192, 1.7498958365476192] [-0.007205541911286437, -0.0025338823415697225]
	[1.5328402649044464, 1.5328402649044464] [-0.006490784695429931, -0.004026177839315699]
	[1.6080167311234401, 1.6080167311234401] [-0.0067748408027811435, -0.0035273114482840917]
	[1.6080167311234401, 1.6080167311234401] [-0.0067748408027811435, -0.0035273114482840917]
	[2.3669473747634546, 2.3669473747634546] [-0.007342941878683132, 0.00210275973960548]
	[2.7364183799400212, 2.7364183799400212] [-0.00608807601205644, 0.00461256159066166]
	[3.5728803268623617, 3.5728803268623617] [-0.0006557803895001667, 0.007609884758455365]
	[3.353394806027186, 3.353394806027186] [-0.0022969292525172576, 0.007284539104511333]
	[3.353394806027186, 3.353394806027186] [-0.0022969292525172576, 0.007284539104511333]
	[3.236321350833008, 3.236321350833008] [-0.003132085474959151, 0.006966378868090234]
	[2.7190796514600235, 2.7190796514600235] [-0.006167132847117553, 0.004506314059431278]
	[2.207334809979086, 2.207334809979086] [-0.007583808873510335, 0.0009089757567120055]
	[2.207334809979086, 2.207334809979086] [-0.007583808873510335, 0.0009089757567120055]
	[2.289713792718273, 2.289713792718273] [-0.00748329460056809, 0.001529933291791748]
	[2.289713792718273, 2.289713792718273] [-0.00748329460056809, 0.001529933291791748]
	[2.289713792718273, 2.289713792718273] [-0.00748329460056809, 0.001529933291791748]
	[2.289713792718273, 2.289713792718273] [-0.00748329460056809, 0.001529933291791748]
	[2.973430737969349, 2.973430737969349] [-0.004834849165667604, 0.005913089505619505]
	[3.5183552988850755, 3.5183552988850755] [-0.0010695294344112286, 0.007562836818625155]
	[3.5183552988850755, 3.5183552988850755] [-0.0010695294344112286, 0.007562836818625155]
	[4.111399881543006, 4.111399881543006] [0.0033398813369796615, 0.006869176559902883]
	[4.111399881543006, 4.111399881543006] [0.0033398813369796615, 0.006869176559902883]
	[4.111399881543006, 4.111399881543006] [0.0033398813369796615, 0.006869176559902883]
	[4.111399881543006, 4.111399881543006] [0.0033398813369796615, 0.006869176559902883]
	[3.8568512264332924, 3.8568512264332924] [0.0015025425370774493, 0.007488842359169882]
	[3.3102993930851743, 3.3102993930851743] [-0.0026086296945094906, 0.007178819197691747]
	[2.9657049404799762, 2.9657049404799762] [-0.0048803877528762266, 0.005875560342452454]
	[2.9657049404799762, 2.9657049404799762] [-0.0048803877528762266, 0.005875560342452454]
	[2.9657049404799762, 2.9657049404799762] [-0.0048803877528762266, 0.005875560342452454]
	[3.7323750216165354, 3.7323750216165354] [0.0005611398351427553, 0.0076174481318641235]
	[3.3295648693700906, 3.3295648693700906] [-0.002469850786088818, 0.007227740383458768]
	[3.7193874928261947, 3.7193874928261947] [0.00046216346471439476, 0.007624093315805326]
	[3.4072803878541023, 3.4072803878541023] [-0.001901253620464225, 0.007397677245385604]
	[3.4072803878541023, 3.4072803878541023] [-0.001901253620464225, 0.007397677245385604]
	[3.4072803878541023, 3.4072803878541023] [-0.001901253620464225, 0.007397677245385604]
	[3.4072803878541023, 3.4072803878541023] [-0.001901253620464225, 0.007397677245385604]
	[3.4072803878541023, 3.4072803878541023] [-0.001901253620464225, 0.007397677245385604]
	[3.4072803878541023, 3.4072803878541023] [-0.001901253620464225, 0.007397677245385604]
	[3.4072803878541023, 3.4072803878541023] [-0.001901253620464225, 0.007397677245385604]
	[2.6169173072187366, 2.6169173072187366] [-0.006594552392444429, 0.0038538646446819747]
	[2.6169173072187366, 2.6169173072187366] [-0.006594552392444429, 0.0038538646446819747]
	[3.495785295846466, 3.495785295846466] [-0.00123993579248015, 0.007536773393618179]
	[3.495785295846466, 3.495785295846466] [-0.00123993579248015, 0.007536773393618179]
	[2.6157880770401523, 2.6157880770401523] [-0.006598900087223595, 0.0038464154215405145]
	[2.6157880770401523, 2.6157880770401523] [-0.006598900087223595, 0.0038464154215405145]
	[2.6714348233270138, 2.6714348233270138] [-0.006374755721857088, 0.0042074794643437744]
	[2.6714348233270138, 2.6714348233270138] [-0.006374755721857088, 0.0042074794643437744]
	[2.6714348233270138, 2.6714348233270138] [-0.006374755721857088, 0.0042074794643437744]
	[2.6714348233270138, 2.6714348233270138] [-0.006374755721857088, 0.0042074794643437744]
	[2.6714348233270138, 2.6714348233270138] [-0.006374755721857088, 0.0042074794643437744]
	[2.6714348233270138, 2.6714348233270138] [-0.006374755721857088, 0.0042074794643437744]
	[2.6714348233270138, 2.6714348233270138] [-0.006374755721857088, 0.0042074794643437744]
	[2.99251722265753, 2.99251722265753] [-0.004721115299318347, 0.006004287158919575]
	[3.549830200830837, 3.549830200830837] [-0.0008309994569160505, 0.007592748768320305]
	[3.549830200830837, 3.549830200830837] [-0.0008309994569160505, 0.007592748768320305]
	[3.549830200830837, 3.549830200830837] [-0.0008309994569160505, 0.007592748768320305]
	[4.2640238104939545, 4.2640238104939545] [0.00434539228616564, 0.006281557118705236]
	[4.65941706135461, 4.65941706135461] [0.006429598711841358, 0.004123184977770486]
	[3.9989468023531445, 3.9989468023531445] [0.0025479529853654143, 0.007200578417085097]
	[3.9284744665621196, 3.9284744665621196] [0.0020346069278550627, 0.007362117127929197]
	[3.109592782590118, 3.109592782590118] [-0.003987446298671543, 0.006514650103530877]
	[3.316347082718305, 3.316347082718305] [-0.0025651669841349357, 0.007194464003643937]
	[3.374324198131502, 3.374324198131502] [-0.0021439763532555413, 0.007331013528353725]
	[2.846240583237722, 2.846240583237722] [-0.0055458549854834616, 0.005252036408500277]
	[3.0194603474021497, 3.0194603474021497] [-0.00455764711292718, 0.0061292941477996314]
	[3.0194603474021497, 3.0194603474021497] [-0.00455764711292718, 0.0061292941477996314]
