source:
	0.9121488762724437,0.8993734060864087
target:
	0.15114330516882235,0.0343428772776917
points:
	[0, 0] [-0.0076100557110362135, -0.00865030528808717]
	[0.6267055842904588, 0.6267055842904588] [-0.0010906437481859666, -0.011469578271092908]
	[0.6267055842904588, 0.6267055842904588] [-0.0010906437481859666, -0.011469578271092908]
	[0.22552724493406695, 0.22552724493406695] [-0.0054829575011973684, -0.01013301073433988]
	[0.22552724493406695, 0.22552724493406695] [-0.0054829575011973684, -0.01013301073433988]
	[-0.20879219680616246, -0.20879219680616246] [-0.009237802492491733, -0.006885037008752916]
	[-0.20879219680616246, -0.20879219680616246] [-0.009237802492491733, -0.006885037008752916]
	[-0.20879219680616246, -0.20879219680616246] [-0.009237802492491733, -0.006885037008752916]
	[0.5778858323832894, 0.5778858323832894] [-0.0016490638710396207, -0.011402689062296469]
	[1.0451177655951078, 1.0451177655951078] [0.003663646097678357, -0.010923297431323102]
	[0.43717370385518306, 0.43717370385518306] [-0.003231972213259665, -0.011058710825177643]
	[-0.14134461806572396, -0.14134461806572396] [-0.008752771197324658, -0.007491977433860009]
	[0.3588971596479871, 0.3588971596479871] [-0.004086829715670178, -0.010772119214773801]
	[1.0785360078054875, 1.0785360078054875] [0.004026570005450603, -0.010794788719256588]
	[1.0785360078054875, 1.0785360078054875] [0.004026570005450603, -0.010794788719256588]
	[1.0785360078054875, 1.0785360078054875] [0.004026570005450603, -0.010794788719256588]
	[1.2735624304977888, 1.2735624304977888] [0.006042185130087271, -0.009809828151192863]
	[1.2735624304977888, 1.2735624304977888] [0.006042185130087271, -0.009809828151192863]
	[1.2735624304977888, 1.2735624304977888] [0.006042185130087271, -0.009809828151192863]
	[0.9598304804905939, 0.9598304804905939] [0.002719840263129626, -0.01119567766797717]
	[0.9074359498990661, 0.9074359498990661] [0.002129783953572853, -0.011322753632102365]
	[1.0967806715036261, 1.0967806715036261] [0.004222836230207448, -0.010719532810483443]
	[0.6984571660594172, 0.6984571660594172] [-0.000265583052375298, -0.011518254865407118]
	[0.6984571660594172, 0.6984571660594172] [-0.000265583052375298, -0.011518254865407118]
	[1.4569327221460342, 1.4569327221460342] [0.007729653366636913, -0.008543605113406306]
	[1.7176635981129333, 1.7176635981129333] [0.009670833772105238, -0.00626224429853168]
	[1.7176635981129333, 1.7176635981129333] [0.009670833772105238, -0.00626224429853168]
	[1.7814799049527679, 1.7814799049527679] [0.010050510223801885, -0.005632758981479459]
	[1.0776078040776476, 1.0776078040776476] [0.004016548509188867, -0.010798521545818967]
	[1.0776078040776476, 1.0776078040776476] [0.004016548509188867, -0.010798521545818967]
	[1.620129987635063, 1.620129987635063] [0.009015060460365218, -0.00717421873085449]
	[1.9012358797243865, 1.9012358797243865] [0.010651471991586836, -0.004391682355843244]
	[1.1601342068571685, 1.1601342068571685] [0.004893030625712491, -0.010430674992445281]
	[1.5112134104205193, 1.5112134104205193] [0.008181793930024423, -0.008111656895406712]
	[1.5112134104205193, 1.5112134104205193] [0.008181793930024423, -0.008111656895406712]
	[2.1290643351119027, 2.1290643351119027] [0.011368145948954826, -0.0018724281522786712]
	[2.1290643351119027, 2.1290643351119027] [0.011368145948954826, -0.0018724281522786712]
	[3.024318971396456, 3.024318971396456] [0.008569914104534166, 0.007700474124564677]
	[2.0730756279987688, 2.0730756279987688] [0.011245552470288847, -0.002505649444787546]
	[1.830919381820583, 1.830919381820583] [0.010316596910661698, -0.005129186844433458]
	[1.7106385830464228, 1.7106385830464228] [0.009626603142512631, -0.006330026969827988]
	[1.7106385830464228, 1.7106385830464228] [0.009626603142512631, -0.006330026969827988]
	[1.7106385830464228, 1.7106385830464228] [0.009626603142512631, -0.006330026969827988]
	[1.7106385830464228, 1.7106385830464228] [0.009626603142512631, -0.006330026969827988]
	[1.1574334791642324, 1.1574334791642324] [0.004864842402449105, -0.01044385167941009]
	[0.42934426946096205, 0.42934426946096205] [-0.003318455720046204, -0.011033067621304437]
	[0.4913342031959493, 0.4913342031959493] [-0.002628580580418354, -0.01121745486438128]
	[0.6697304605200032, 0.6697304605200032] [-0.0005963094863924508, -0.011505874347420196]
	[1.2872858308598385, 1.2872858308598385] [0.006176236145039019, -0.00972598769189522]
	[0.847761322991808, 0.847761322991808] [0.0014507127870435554, -0.011429617750025243]
	[1.238403721299394, 1.238403721299394] [0.005693621194702091, -0.010016157306743085]
	[0.9103457974564566, 0.9103457974564566] [0.002162722377415995, -0.011316508358164539]
	[0.44863020458593617, 0.44863020458593617] [-0.0031050687579219135, -0.011095011379478664]
	[0.2859270592808051, 0.2859270592808051] [-0.0048612993441674935, -0.01044550133734999]
	[0.9437327104082279, 0.9437327104082279] [0.002539270202249215, -0.011238008557665054]
	[0.9437327104082279, 0.9437327104082279] [0.002539270202249215, -0.011238008557665054]
	[0.9437327104082279, 0.9437327104082279] [0.002539270202249215, -0.011238008557665054]
	[0.9437327104082279, 0.9437327104082279] [0.002539270202249215, -0.011238008557665054]
	[0.6102872591637134, 0.6102872591637134] [-0.001278799558754308, -0.011450126688849933]
	[0.6102872591637134, 0.6102872591637134] [-0.001278799558754308, -0.011450126688849933]
	[0.11549913386452265, 0.11549913386452265] [-0.006562469949178632, -0.00946967357770642]
	[0.11549913386452265, 0.11549913386452265] [-0.006562469949178632, -0.00946967357770642]
	[-0.5426342085371543, -0.5426342085371543] [-0.010983843792580241, -0.003477916767603879]
	[-0.5426342085371543, -0.5426342085371543] [-0.010983843792580241, -0.003477916767603879]
	[-0.5426342085371543, -0.5426342085371543] [-0.010983843792580241, -0.003477916767603879]
	[-0.6157276026590457, -0.6157276026590457] [-0.011208501908721474, -0.0026664985401028897]
	[-0.4832755531724052, -0.4832755531724052] [-0.010758175710241414, -0.004123394825838946]
	[0.15372129523641975, 0.15372129523641975] [-0.00619581359935901, -0.00971352785264868]
	[-0.045547447644478545, -0.045547447644478545] [-0.007996026390524434, -0.008294835228274311]
	[-0.045547447644478545, -0.045547447644478545] [-0.007996026390524434, -0.008294835228274311]
	[-0.045547447644478545, -0.045547447644478545] [-0.007996026390524434, -0.008294835228274311]
	[-0.045547447644478545, -0.045547447644478545] [-0.007996026390524434, -0.008294835228274311]
	[-0.9594536169086998, -0.9594536169086998] [-0.011451470020933665, 0.0012667138042356885]
	[-0.2599283074270191, -0.2599283074270191] [-0.009577647745267906, -0.0064038576787549175]
	[0.5059233033595929, 0.5059233033595929] [-0.002464654082104725, -0.01125460837869307]
	[1.3271777133192293, 1.3271777133192293] [0.006559207543166848, -0.009471933588652682]
	[1.6792639916553933, 1.6792639916553933] [0.009423296057169482, -0.006628892888040796]
	[1.6792639916553933, 1.6792639916553933] [0.009423296057169482, -0.006628892888040796]
	[1.6792639916553933, 1.6792639916553933] [0.009423296057169482, -0.006628892888040796]
	[0.7444276704543639, 0.7444276704543639] [0.00026401103287069453, -0.011518291005036567]
	[0.08519717842259533, 0.08519717842259533] [-0.006846363037404275, -0.009266501101400046]
	[-0.18554606546093522, -0.18554606546093522] [-0.009075270570657027, -0.007097900645370448]
	[-0.6151887832971781, -0.6151887832971781] [-0.011207063520687765, -0.0026725375105792837]
	[-0.032317978303084804, -0.032317978303084804] [-0.007885593605635618, -0.008399889462900236]
	[-0.8177035683917897, -0.8177035683917897] [-0.011515570939314455, -0.0003638068770654919]
	[-0.11254290475613504, -0.11254290475613504] [-0.008533389112919008, -0.0077409301604974496]
	[-0.11254290475613504, -0.11254290475613504] [-0.008533389112919008, -0.0077409301604974496]
	[-0.11254290475613504, -0.11254290475613504] [-0.008533389112919008, -0.0077409301604974496]
	[-0.9295595105373748, -0.9295595105373748] [-0.011484215192792625, 0.0009238673648391543]
	[-0.9295595105373748, -0.9295595105373748] [-0.011484215192792625, 0.0009238673648391543]
	[-1.2044023906819208, -1.2044023906819208] [-0.01080245427255971, 0.004005959459535281]
	[-1.884181276424202, -1.884181276424202] [-0.005882964906084696, 0.009906132111776001]
	[-2.0969734703854828, -2.0969734703854828] [-0.003658199478792671, 0.010925122702997196]
	[-2.755726872080816, -2.755726872080816] [0.003794869620553553, 0.010878404941221092]
	[-2.7883342810223466, -2.7883342810223466] [0.004147506108356704, 0.010748903320028865]
	[-2.7883342810223466, -2.7883342810223466] [0.004147506108356704, 0.010748903320028865]
	[-2.7883342810223466, -2.7883342810223466] [0.004147506108356704, 0.010748903320028865]
	[-3.5642632603590028, -3.5642632603590028] [0.01048867941188745, 0.004767424220355483]
