source:
	0.3480775886771855,0.40870111808267573
target:
	0.04497445200776151,0.7994349391981249
points:
	[0, 0] [-0.003031031366694241, 0.003907338211154491]
	[-0.28276512255237274, -0.28276512255237274] [-0.004000856206522425, 0.002906474265663354]
	[-0.28276512255237274, -0.28276512255237274] [-0.004000856206522425, 0.002906474265663354]
	[-0.28276512255237274, -0.28276512255237274] [-0.004000856206522425, 0.002906474265663354]
	[0.44085197180435554, 0.44085197180435554] [-0.0010739289400777349, 0.004827123333197097]
	[0.44085197180435554, 0.44085197180435554] [-0.0010739289400777349, 0.004827123333197097]
	[0.44085197180435554, 0.44085197180435554] [-0.0010739289400777349, 0.004827123333197097]
	[0.44085197180435554, 0.44085197180435554] [-0.0010739289400777349, 0.004827123333197097]
	[-0.14461969618227244, -0.14461969618227244] [-0.00356250014897474, 0.0034297282298729297]
	[-0.14461969618227244, -0.14461969618227244] [-0.00356250014897474, 0.0034297282298729297]
	[0.4013660911592132, 0.4013660911592132] [-0.0012636455391768758, 0.004780966742568988]
	[0.4013660911592132, 0.4013660911592132] [-0.0012636455391768758, 0.004780966742568988]
	[0.14521949696485775, 0.14521949696485775] [-0.002433697807997072, 0.004304829615859678]
	[0.14521949696485775, 0.14521949696485775] [-0.002433697807997072, 0.004304829615859678]
	[-0.0457724915655619, -0.0457724915655619] [-0.0032066428925906837, 0.0037645563352976925]
	[-0.05511098096653474, -0.05511098096653474] [-0.003241657830609548, 0.0037344474225084684]
	[-0.05511098096653474, -0.05511098096653474] [-0.003241657830609548, 0.0037344474225084684]
	[-0.9025206556459499, -0.9025206556459499] [-0.004944964274994752, 4.208754278833179e-05]
	[-1.8328029999357487, -1.8328029999357487] [-0.002988893675679365, -0.003939664660566459]
	[-2.0186858928185045, -2.0186858928185045] [-0.002209299062891842, -0.0044241881394146846]
	[-2.0186858928185045, -2.0186858928185045] [-0.002209299062891842, -0.0044241881394146846]
	[-2.3848802544221033, -2.3848802544221033] [-0.00047866970305995296, -0.0049219222218158665]
	[-2.8769536940048805, -2.8769536940048805] [0.0019035055032164106, -0.004564111068045691]
	[-3.4829227938453626, -3.4829227938453626] [0.004164117406092199, -0.002667314992743136]
	[-2.9824746031359783, -2.9824746031359783] [0.0023736337748931574, -0.004338237631218327]
	[-2.9824746031359783, -2.9824746031359783] [0.0023736337748931574, -0.004338237631218327]
	[-3.1596084723065387, -3.1596084723065387] [0.0031009295784757336, -0.0038521005687243742]
	[-3.966363214614986, -3.966363214614986] [0.00492675644282953, -0.0004260445930534261]
	[-3.4088652704026385, -3.4088652704026385] [0.003955349309916933, -0.0029681062782137674]
	[-3.4088652704026385, -3.4088652704026385] [0.003955349309916933, -0.0029681062782137674]
	[-3.4088652704026385, -3.4088652704026385] [0.003955349309916933, -0.0029681062782137674]
	[-3.007651218494288, -3.007651218494288] [0.0024820921384626766, -0.004277109030456684]
	[-3.007651218494288, -3.007651218494288] [0.0024820921384626766, -0.004277109030456684]
	[-2.11138631363473, -2.11138631363473] [-0.0017902762354137542, -0.004609702164255853]
	[-2.124210605374355, -2.124210605374355] [-0.0017310144758135282, -0.004632281503401575]
	[-2.124210605374355, -2.124210605374355] [-0.0017310144758135282, -0.004632281503401575]
	[-2.1918491803991342, -2.1918491803991342] [-0.0014139742409855689, -0.004738683349630108]
	[-1.3228058290839744, -1.3228058290839744] [-0.0045317895875246214, -0.0019792236297689458]
	[-0.7698842434930121, -0.7698842434930121] [-0.004895965079550165, 0.0006956787923012243]
	[-1.190475233886621, -1.190475233886621] [-0.004753316600595013, -0.0013639737302236488]
	[-1.4538232411368879, -1.4538232411368879] [-0.004234378316491164, -0.002554306816939148]
	[-1.4538232411368879, -1.4538232411368879] [-0.004234378316491164, -0.002554306816939148]
	[-1.8145975600982025, -1.8145975600982025] [-0.003060117738879942, -0.0038846006830077985]
	[-1.8145975600982025, -1.8145975600982025] [-0.003060117738879942, -0.0038846006830077985]
	[-1.8145975600982025, -1.8145975600982025] [-0.003060117738879942, -0.0038846006830077985]
	[-1.8145975600982025, -1.8145975600982025] [-0.003060117738879942, -0.0038846006830077985]
