source:
	0.22133370919113593,0.7492441014548439
target:
	0.3624248526877014,0.035036457577316216
points:
	[-0.607423015399657, -0.607423015399657] [0.0052348937875712235, -0.0050592305706968895]
	[-1.320414236863445, -1.320414236863445] [0.007268958314284706, -0.0004027057980921397]
	[-0.5164896029050287, -0.5164896029050287] [0.004753845987249219, -0.005513698873183073]
	[-0.4102321637363096, -0.4102321637363096] [0.004142264571370992, -0.0059867830389442435]
	[-0.4102321637363096, -0.4102321637363096] [0.004142264571370992, -0.0059867830389442435]
	[-0.04712232390601573, -0.04712232390601573] [0.0017457719513084657, -0.007067687544639365]
	[-0.6283188446805583, -0.6283188446805583] [0.005339460083624423, -0.004948746603939956]
	[-0.5630365041428395, -0.5630365041428395] [0.0050052499739473965, -0.00528653001816176]
	[0.21766765299457813, 0.21766765299457813] [-0.00016473285880993837, -0.0072782408602528464]
	[-0.2519976461306016, -0.2519976461306016] [0.003147147837259284, -0.006564707718174511]
	[-0.5994751606000304, -0.5994751606000304] [0.005194518841878683, -0.0051006765174820825]
	[-1.0241375284206322, -1.0241375284206322] [0.0068346765991946805, -0.002507413551659641]
	[-1.0276634723999893, -1.0276634723999893] [0.006843475095326148, -0.0024832993283687215]
	[-0.46581380129741445, -0.46581380129741445] [0.00446845173163225, -0.005747422557694756]
	[-0.46581380129741445, -0.46581380129741445] [0.00446845173163225, -0.005747422557694756]
	[-0.9449200003032915, -0.9449200003032915] [0.0066148191697343465, -0.003040410216786675]
	[-0.9042491987239866, -0.9042491987239866] [0.006485727257676502, -0.0033068518070300387]
	[-0.9042491987239866, -0.9042491987239866] [0.006485727257676502, -0.0033068518070300387]
	[-0.3194881583642937, -0.3194881583642937] [0.0035827021891968944, -0.006337520963132948]
	[-1.160336722366735, -1.160336722366735] [0.007111834998053743, -0.0015561908286208606]
	[-2.0483809583634462, -2.0483809583634462] [0.005694428230233756, 0.004535792550959824]
	[-2.864995950591969, -2.864995950591969] [0.0005930985406118317, 0.007255905254049965]
	[-2.864995950591969, -2.864995950591969] [0.0005930985406118317, 0.007255905254049965]
	[-2.694793699103575, -2.694793699103575] [0.0018135460140675363, 0.0070506012360284235]
	[-2.1459301846916583, -2.1459301846916583] [0.005225594389012389, 0.005068835193232072]
	[-1.891744060010853, -1.891744060010853] [0.006332284992377872, 0.0035919484559124378]
	[-2.1143828021970443, -2.1143828021970443] [0.005382876210814284, 0.004901486573854448]
	[-1.3831207734937414, -1.3831207734937414] [0.007279907565668395, 5.359822711453618e-05]
	[-1.9220067241121215, -1.9220067241121215] [0.006220700230774681, 0.003781906341181073]
	[-1.9220067241121215, -1.9220067241121215] [0.006220700230774681, 0.003781906341181073]
	[-2.73430675809488, -2.73430675809488] [0.0015336121349425838, 0.007116738069802951]
	[-1.9044164087108215, -1.9044164087108215] [0.006286259348289314, 0.0036719028228795743]
	[-1.6616284989177024, -1.6616284989177024] [0.0069846539002214525, 0.002052933712701661]
	[-2.1270827717338534, -2.1270827717338534] [0.0053201950598344705, 0.004969451826905929]
	[-1.6923703145221896, -1.6923703145221896] [0.006918252734811154, 0.0022666508403156754]
	[-1.4807241920970204, -1.4807241920970204] [0.007240036261653899, 0.000762759375270081]
	[-0.7132759971044296, -0.7132759971044296] [0.005740128155805059, -0.004477818184066855]
	[-0.4023500026272445, -0.4023500026272445] [0.004094947595958392, -0.00601924672371721]
	[-1.2458926226470246, -1.2458926226470246] [0.00721880116197136, -0.000942781373674049]
	[-1.2458926226470246, -1.2458926226470246] [0.00721880116197136, -0.000942781373674049]
	[-0.9874440238535238, -0.9874440238535238] [0.006738090820069275, -0.0027564576969588976]
	[-0.9874440238535238, -0.9874440238535238] [0.006738090820069275, -0.0027564576969588976]
	[-0.1858127440290619, -0.1858127440290619] [0.0027060900034888606, -0.006758476442782311]
	[-0.1858127440290619, -0.1858127440290619] [0.0027060900034888606, -0.006758476442782311]
	[0.33723135307123264, 0.33723135307123264] [-0.0010316983292870373, -0.00720663066154858]
	[0.29438646605607527, 0.29438646605607527] [-0.0007220787193177908, -0.007244206599603172]
	[0.29438646605607527, 0.29438646605607527] [-0.0007220787193177908, -0.007244206599603172]
	[1.2167402702351964, 1.2167402702351964] [-0.006209913041662302, -0.0037995929978904635]
	[0.37375114627052863, 0.37375114627052863] [-0.0012941365841102825, -0.007164156435777568]
	[0.37375114627052863, 0.37375114627052863] [-0.0012941365841102825, -0.007164156435777568]
	[0.8090535718152099, 0.8090535718152099] [-0.004194463460799579, -0.005950327991854147]
	[0.8090535718152099, 0.8090535718152099] [-0.004194463460799579, -0.005950327991854147]
	[0.8090535718152099, 0.8090535718152099] [-0.004194463460799579, -0.005950327991854147]
	[1.2374306368376162, 1.2374306368376162] [-0.006287193247421824, -0.0036703035302545766]
	[0.6582191307126178, 0.6582191307126178] [-0.003252724638327237, -0.0065130414831969805]
	[0.23573783252228703, 0.23573783252228703] [-0.00029621792590469356, -0.007274076015206227]
	[-0.5994269611448739, -0.5994269611448739] [0.005194272986015784, -0.00510092688453505]
	[-0.08061009914592931, -0.08061009914592931] [0.0019814300588236805, -0.0070052738602153]
	[-0.08061009914592931, -0.08061009914592931] [0.0019814300588236805, -0.0070052738602153]
	[-0.08061009914592931, -0.08061009914592931] [0.0019814300588236805, -0.0070052738602153]
	[-0.2614163669128102, -0.2614163669128102] [0.003208838477748976, -0.006534774866691538]
	[-0.2614163669128102, -0.2614163669128102] [0.003208838477748976, -0.006534774866691538]
	[-0.2614163669128102, -0.2614163669128102] [0.003208838477748976, -0.006534774866691538]
