source:
	0.37067989867143336,0.5760285877656801
target:
	0.23978265221930872,0.014275831260869842
points:
	[-0.7522564060355439, -0.7522564060355439] [-0.004794134109638476, -0.003207226682938235]
	[-0.30532801809268656, -0.30532801809268656] [-0.002937093098519734, -0.004964222898659753]
	[-0.30532801809268656, -0.30532801809268656] [-0.002937093098519734, -0.004964222898659753]
	[-1.2581956578127729, -1.2581956578127729] [-0.00574783923026838, -0.0004820467196630251]
	[-1.5291055632773638, -1.5291055632773638] [-0.005667202558335162, 0.0010737038789859585]
	[-1.5291055632773638, -1.5291055632773638] [-0.005667202558335162, 0.0010737038789859585]
	[-1.8673948418847486, -1.8673948418847486] [-0.004989672789873729, 0.0028936465414669803]
	[-1.3353392200991645, -1.3353392200991645] [-0.005767894571726661, -3.764394235763327e-05]
	[-0.4272628419931076, -0.4272628419931076] [-0.003519098426584936, -0.004570117188974209]
	[-0.4272628419931076, -0.4272628419931076] [-0.003519098426584936, -0.004570117188974209]
	[-0.4272628419931076, -0.4272628419931076] [-0.003519098426584936, -0.004570117188974209]
	[-0.4272628419931076, -0.4272628419931076] [-0.003519098426584936, -0.004570117188974209]
	[-1.2818117426412554, -1.2818117426412554] [-0.005757619461925652, -0.00034618346090629595]
	[-1.2818117426412554, -1.2818117426412554] [-0.005757619461925652, -0.00034618346090629595]
	[-0.41648954436930563, -0.41648954436930563] [-0.0034696599280907136, -0.004607763539978113]
	[-0.41648954436930563, -0.41648954436930563] [-0.0034696599280907136, -0.004607763539978113]
	[0.23760628211236312, 0.23760628211236312] [5.00400630961784e-05, -0.005767800347535915]
	[0.23760628211236312, 0.23760628211236312] [5.00400630961784e-05, -0.005767800347535915]
	[0.23760628211236312, 0.23760628211236312] [5.00400630961784e-05, -0.005767800347535915]
	[0.23760628211236312, 0.23760628211236312] [5.00400630961784e-05, -0.005767800347535915]
	[-0.09417393943427305, -0.09417393943427305] [-0.0018314153752633621, -0.005469546834994564]
	[0.20102709076854702, 0.20102709076854702] [-0.00016092783642030173, -0.005765772028827985]
	[0.20102709076854702, 0.20102709076854702] [-0.00016092783642030173, -0.005765772028827985]
	[-0.4668210909542883, -0.4668210909542883] [-0.003697084032763915, -0.004427368802305971]
	[-0.7110836122635954, -0.7110836122635954] [-0.00465805800077762, -0.0034018407544066055]
	[-0.7110836122635954, -0.7110836122635954] [-0.00465805800077762, -0.0034018407544066055]
	[-0.28189311545270757, -0.28189311545270757] [-0.0028199611854250245, -0.005031683989445918]
	[0.39153623428833084, 0.39153623428833084] [0.0009337836475790687, -0.005691930512265942]
	[0.39153623428833084, 0.39153623428833084] [0.0009337836475790687, -0.005691930512265942]
	[0.39153623428833084, 0.39153623428833084] [0.0009337836475790687, -0.005691930512265942]
	[-0.34981710625185924, -0.34981710625185924] [-0.003154967816811415, -0.0048286854248163966]
	[-0.34981710625185924, -0.34981710625185924] [-0.003154967816811415, -0.0048286854248163966]
	[-0.34981710625185924, -0.34981710625185924] [-0.003154967816811415, -0.0048286854248163966]
	[-0.34981710625185924, -0.34981710625185924] [-0.003154967816811415, -0.0048286854248163966]
	[-0.34981710625185924, -0.34981710625185924] [-0.003154967816811415, -0.0048286854248163966]
	[-0.34981710625185924, -0.34981710625185924] [-0.003154967816811415, -0.0048286854248163966]
	[-0.7461100521648761, -0.7461100521648761] [-0.00477433092830514, -0.0032366323615726084]
	[-0.7461100521648761, -0.7461100521648761] [-0.00477433092830514, -0.0032366323615726084]
	[-0.7461100521648761, -0.7461100521648761] [-0.00477433092830514, -0.0032366323615726084]
	[-0.7461100521648761, -0.7461100521648761] [-0.00477433092830514, -0.0032366323615726084]
	[-0.8614251242905739, -0.8614251242905739] [-0.005115028462076665, -0.002665803572864236]
	[-0.8614251242905739, -0.8614251242905739] [-0.005115028462076665, -0.002665803572864236]
	[-0.8614251242905739, -0.8614251242905739] [-0.005115028462076665, -0.002665803572864236]
	[-0.8614251242905739, -0.8614251242905739] [-0.005115028462076665, -0.002665803572864236]
	[-1.2928900832724992, -1.2928900832724992] [-0.005761101210136536, -0.00028237865272261946]
	[-1.2928900832724992, -1.2928900832724992] [-0.005761101210136536, -0.00028237865272261946]
	[-1.2928900832724992, -1.2928900832724992] [-0.005761101210136536, -0.00028237865272261946]
	[-0.8328237133655678, -0.8328237133655678] [-0.005036701105440969, -0.0028109903648713963]
	[-0.8328237133655678, -0.8328237133655678] [-0.005036701105440969, -0.0028109903648713963]
