source:
	0.9343454920838301,0.8034238104415573
target:
	0.04622093494921087,0.681231612504157
points:
	[0, 0] [-0.008881245571346192, -0.001221921979374003]
	[0.8998478771707222, 0.8998478771707222] [-0.0045646802094860646, -0.007715783227084591]
	[-0.01376765535806257, -0.01376765535806257] [-0.00889722634121988, -0.0010995361091554758]
	[-0.01376765535806257, -0.01376765535806257] [-0.00889722634121988, -0.0010995361091554758]
	[-0.01376765535806257, -0.01376765535806257] [-0.00889722634121988, -0.0010995361091554758]
	[-0.01376765535806257, -0.01376765535806257] [-0.00889722634121988, -0.0010995361091554758]
	[0.5681282259009864, 0.5681282259009864] [-0.006828625333850626, -0.005808570587685672]
	[0.5681282259009864, 0.5681282259009864] [-0.006828625333850626, -0.005808570587685672]
	[0.5681282259009864, 0.5681282259009864] [-0.006828625333850626, -0.005808570587685672]
	[0.5681282259009864, 0.5681282259009864] [-0.006828625333850626, -0.005808570587685672]
	[0.5681282259009864, 0.5681282259009864] [-0.006828625333850626, -0.005808570587685672]
	[0.5681282259009864, 0.5681282259009864] [-0.006828625333850626, -0.005808570587685672]
	[-0.30379123281815057, -0.30379123281815057] [-0.008840092301493185, 0.0014907663543676335]
	[-1.0936281732084256, -1.0936281732084256] [-0.00516428177008878, 0.007328015421747033]
	[-1.0936281732084256, -1.0936281732084256] [-0.00516428177008878, 0.007328015421747033]
	[-1.0936281732084256, -1.0936281732084256] [-0.00516428177008878, 0.007328015421747033]
	[-1.0936281732084256, -1.0936281732084256] [-0.00516428177008878, 0.007328015421747033]
	[-1.0936281732084256, -1.0936281732084256] [-0.00516428177008878, 0.007328015421747033]
	[-1.0936281732084256, -1.0936281732084256] [-0.00516428177008878, 0.007328015421747033]
	[-1.0936281732084256, -1.0936281732084256] [-0.00516428177008878, 0.007328015421747033]
	[-0.3187327625625006, -0.3187327625625006] [-0.008816832046546097, 0.001622679538674042]
	[-0.3187327625625006, -0.3187327625625006] [-0.008816832046546097, 0.001622679538674042]
	[-0.3187327625625006, -0.3187327625625006] [-0.008816832046546097, 0.001622679538674042]
	[-0.3187327625625006, -0.3187327625625006] [-0.008816832046546097, 0.001622679538674042]
	[0.6396002435897898, 0.6396002435897898] [-0.006396394695186919, -0.006281381307134466]
	[0.6396002435897898, 0.6396002435897898] [-0.006396394695186919, -0.006281381307134466]
	[0.6396002435897898, 0.6396002435897898] [-0.006396394695186919, -0.006281381307134466]
	[0.6396002435897898, 0.6396002435897898] [-0.006396394695186919, -0.006281381307134466]
	[0.9794564793756517, 0.9794564793756517] [-0.003936629322785845, -0.008054350737161643]
	[0.9794564793756517, 0.9794564793756517] [-0.003936629322785845, -0.008054350737161643]
	[0.9794564793756517, 0.9794564793756517] [-0.003936629322785845, -0.008054350737161643]
	[0.9794564793756517, 0.9794564793756517] [-0.003936629322785845, -0.008054350737161643]
	[0.9794564793756517, 0.9794564793756517] [-0.003936629322785845, -0.008054350737161643]
	[0.9794564793756517, 0.9794564793756517] [-0.003936629322785845, -0.008054350737161643]
	[0.9794564793756517, 0.9794564793756517] [-0.003936629322785845, -0.008054350737161643]
	[0.9794564793756517, 0.9794564793756517] [-0.003936629322785845, -0.008054350737161643]
	[0.9794564793756517, 0.9794564793756517] [-0.003936629322785845, -0.008054350737161643]
	[0.9794564793756517, 0.9794564793756517] [-0.003936629322785845, -0.008054350737161643]
	[0.9794564793756517, 0.9794564793756517] [-0.003936629322785845, -0.008054350737161643]
	[0.9794564793756517, 0.9794564793756517] [-0.003936629322785845, -0.008054350737161643]
	[1.647422440998119, 1.647422440998119] [0.0018982060047343177, -0.00876164540402225]
	[0.7371513009498508, 0.7371513009498508] [-0.005754200109935733, -0.006874503423306242]
	[0.7262349181378562, 0.7262349181378562] [-0.005828900477307369, -0.006811280015377403]
	[0.7262349181378562, 0.7262349181378562] [-0.005828900477307369, -0.006811280015377403]
	[0.7262349181378562, 0.7262349181378562] [-0.005828900477307369, -0.006811280015377403]
	[0.7089500711327702, 0.7089500711327702] [-0.005945755831212936, -0.006709515915312447]
	[0.7089500711327702, 0.7089500711327702] [-0.005945755831212936, -0.006709515915312447]
	[0.7089500711327702, 0.7089500711327702] [-0.005945755831212936, -0.006709515915312447]
	[0.7089500711327702, 0.7089500711327702] [-0.005945755831212936, -0.006709515915312447]
	[0.7089500711327702, 0.7089500711327702] [-0.005945755831212936, -0.006709515915312447]
	[0.7089500711327702, 0.7089500711327702] [-0.005945755831212936, -0.006709515915312447]
	[0.7089500711327702, 0.7089500711327702] [-0.005945755831212936, -0.006709515915312447]
	[0.7089500711327702, 0.7089500711327702] [-0.005945755831212936, -0.006709515915312447]
	[0.7089500711327702, 0.7089500711327702] [-0.005945755831212936, -0.006709515915312447]
	[0.7089500711327702, 0.7089500711327702] [-0.005945755831212936, -0.006709515915312447]
	[0.7089500711327702, 0.7089500711327702] [-0.005945755831212936, -0.006709515915312447]
	[0.7089500711327702, 0.7089500711327702] [-0.005945755831212936, -0.006709515915312447]
	[0.5665852700464089, 0.5665852700464089] [-0.006837579569793335, -0.005798027410161015]
	[-0.3267479291486405, -0.3267479291486405] [-0.008803542931091642, 0.0016932950370977954]
	[-0.3267479291486405, -0.3267479291486405] [-0.008803542931091642, 0.0016932950370977954]
	[-0.6758652650639719, -0.6758652650639719] [-0.00769324636275477, 0.0046025619631020875]
	[-0.6758652650639719, -0.6758652650639719] [-0.00769324636275477, 0.0046025619631020875]
	[-0.6758652650639719, -0.6758652650639719] [-0.00769324636275477, 0.0046025619631020875]
	[-1.4631355404389668, -1.4631355404389668] [-0.0021691630942868743, 0.008698525604527323]
	[-1.4631355404389668, -1.4631355404389668] [-0.0021691630942868743, 0.008698525604527323]
	[-1.4631355404389668, -1.4631355404389668] [-0.0021691630942868743, 0.008698525604527323]
	[-1.4631355404389668, -1.4631355404389668] [-0.0021691630942868743, 0.008698525604527323]
	[-1.4631355404389668, -1.4631355404389668] [-0.0021691630942868743, 0.008698525604527323]
	[-1.4631355404389668, -1.4631355404389668] [-0.0021691630942868743, 0.008698525604527323]
	[-1.4631355404389668, -1.4631355404389668] [-0.0021691630942868743, 0.008698525604527323]
	[-1.4631355404389668, -1.4631355404389668] [-0.0021691630942868743, 0.008698525604527323]
	[-1.4631355404389668, -1.4631355404389668] [-0.0021691630942868743, 0.008698525604527323]
	[-1.4800949612200458, -1.4800949612200458] [-0.002021336268055718, 0.008734060677238064]
