source:
	0.1391002405670524,0.7039953810735015
target:
	0.6841702464518026,0.9619746606266912
points:
	[0, 0] [0.005450700058847502, 0.0025797927955318978]
	[0, 0] [0.005450700058847502, 0.0025797927955318978]
	[0, 0] [0.005450700058847502, 0.0025797927955318978]
	[0, 0] [0.005450700058847502, 0.0025797927955318978]
	[-0.7379787596720623, -0.7379787596720623] [0.005768260026223483, -0.0017585898524871309]
	[-0.7379787596720623, -0.7379787596720623] [0.005768260026223483, -0.0017585898524871309]
	[-0.4734792375225361, -0.4734792375225361] [0.006027401411158707, -0.00018945772130075664]
	[-0.4734792375225361, -0.4734792375225361] [0.006027401411158707, -0.00018945772130075664]
	[-0.4734792375225361, -0.4734792375225361] [0.006027401411158707, -0.00018945772130075664]
	[-0.4734792375225361, -0.4734792375225361] [0.006027401411158707, -0.00018945772130075664]
	[-0.4734792375225361, -0.4734792375225361] [0.006027401411158707, -0.00018945772130075664]
	[-0.4734792375225361, -0.4734792375225361] [0.006027401411158707, -0.00018945772130075664]
	[-0.4734792375225361, -0.4734792375225361] [0.006027401411158707, -0.00018945772130075664]
	[-0.4734792375225361, -0.4734792375225361] [0.006027401411158707, -0.00018945772130075664]
	[-1.388471014357957, -1.388471014357957] [0.003525335705895211, -0.004892593398202917]
	[-1.388471014357957, -1.388471014357957] [0.003525335705895211, -0.004892593398202917]
	[-1.388471014357957, -1.388471014357957] [0.003525335705895211, -0.004892593398202917]
	[-2.332006448173703, -2.332006448173703] [-0.0018921078035191317, -0.005725852780089656]
	[-2.332006448173703, -2.332006448173703] [-0.0018921078035191317, -0.005725852780089656]
	[-2.5227329232756164, -2.5227329232756164] [-0.0029432605622624164, -0.0052633334743325145]
	[-2.5227329232756164, -2.5227329232756164] [-0.0029432605622624164, -0.0052633334743325145]
	[-2.5227329232756164, -2.5227329232756164] [-0.0029432605622624164, -0.0052633334743325145]
	[-2.5227329232756164, -2.5227329232756164] [-0.0029432605622624164, -0.0052633334743325145]
	[-2.5227329232756164, -2.5227329232756164] [-0.0029432605622624164, -0.0052633334743325145]
	[-1.9338536660739623, -1.9338536660739623] [0.00047590154129731647, -0.006011570487184634]
	[-1.9338536660739623, -1.9338536660739623] [0.00047590154129731647, -0.006011570487184634]
	[-1.9338536660739623, -1.9338536660739623] [0.00047590154129731647, -0.006011570487184634]
	[-1.9338536660739623, -1.9338536660739623] [0.00047590154129731647, -0.006011570487184634]
	[-2.068023139069992, -2.068023139069992] [-0.0003325270141375023, -0.006021203184104257]
	[-2.068023139069992, -2.068023139069992] [-0.0003325270141375023, -0.006021203184104257]
	[-2.068023139069992, -2.068023139069992] [-0.0003325270141375023, -0.006021203184104257]
	[-2.068023139069992, -2.068023139069992] [-0.0003325270141375023, -0.006021203184104257]
	[-2.068023139069992, -2.068023139069992] [-0.0003325270141375023, -0.006021203184104257]
	[-2.068023139069992, -2.068023139069992] [-0.0003325270141375023, -0.006021203184104257]
	[-2.6172130277690995, -2.6172130277690995] [-0.003426674636879204, -0.004962193359026553]
	[-2.6172130277690995, -2.6172130277690995] [-0.003426674636879204, -0.004962193359026553]
	[-2.6172130277690995, -2.6172130277690995] [-0.003426674636879204, -0.004962193359026553]
	[-3.5506747143259076, -3.5506747143259076] [-0.006027100035200417, -0.0001988143985871653]
	[-4.407637492986375, -4.407637492986375] [-0.004096435868577551, 0.004425457623119867]
	[-4.407637492986375, -4.407637492986375] [-0.004096435868577551, 0.004425457623119867]
	[-5.318573239892776, -5.318573239892776] [0.0009853127459514164, 0.005949337844841569]
	[-5.318573239892776, -5.318573239892776] [0.0009853127459514164, 0.005949337844841569]
	[-5.318573239892776, -5.318573239892776] [0.0009853127459514164, 0.005949337844841569]
	[-4.968754198968111, -4.968754198968111] [-0.0011133665221345645, 0.005926708782012866]
	[-4.968754198968111, -4.968754198968111] [-0.0011133665221345645, 0.005926708782012866]
	[-4.968754198968111, -4.968754198968111] [-0.0011133665221345645, 0.005926708782012866]
	[-5.901006170193978, -5.901006170193978] [0.004095338268520201, 0.004426473366664755]
	[-5.901006170193978, -5.901006170193978] [0.004095338268520201, 0.004426473366664755]
	[-5.901006170193978, -5.901006170193978] [0.004095338268520201, 0.004426473366664755]
	[-5.901006170193978, -5.901006170193978] [0.004095338268520201, 0.004426473366664755]
	[-5.901006170193978, -5.901006170193978] [0.004095338268520201, 0.004426473366664755]
	[-5.901006170193978, -5.901006170193978] [0.004095338268520201, 0.004426473366664755]
	[-5.901006170193978, -5.901006170193978] [0.004095338268520201, 0.004426473366664755]
	[-5.901006170193978, -5.901006170193978] [0.004095338268520201, 0.004426473366664755]
	[-5.901006170193978, -5.901006170193978] [0.004095338268520201, 0.004426473366664755]
