source:
	0.06245484269529489,0.26176371238777096
target:
	0.3149192492758671,0.9946767569414775
points:
	[0, 0] [0.002524644065805723, 0.007329130445537065]
	[0.4236043251896236, 0.4236043251896236] [-0.0007111316276068605, 0.007719084955804257]
	[0.4236043251896236, 0.4236043251896236] [-0.0007111316276068605, 0.007719084955804257]
	[0.6313850111721203, 0.6313850111721203] [-0.002288197008024841, 0.007406357755278405]
	[0.6313850111721203, 0.6313850111721203] [-0.002288197008024841, 0.007406357755278405]
	[0.6313850111721203, 0.6313850111721203] [-0.002288197008024841, 0.007406357755278405]
	[0.6313850111721203, 0.6313850111721203] [-0.002288197008024841, 0.007406357755278405]
	[0.27632895124312, 0.27632895124312] [0.00042929260452542273, 0.007739876523976734]
	[0.27632895124312, 0.27632895124312] [0.00042929260452542273, 0.007739876523976734]
	[0.27632895124312, 0.27632895124312] [0.00042929260452542273, 0.007739876523976734]
	[0.27632895124312, 0.27632895124312] [0.00042929260452542273, 0.007739876523976734]
	[0.27632895124312, 0.27632895124312] [0.00042929260452542273, 0.007739876523976734]
	[0.27632895124312, 0.27632895124312] [0.00042929260452542273, 0.007739876523976734]
	[0.27632895124312, 0.27632895124312] [0.00042929260452542273, 0.007739876523976734]
	[0.27632895124312, 0.27632895124312] [0.00042929260452542273, 0.007739876523976734]
	[0.27632895124312, 0.27632895124312] [0.00042929260452542273, 0.007739876523976734]
	[0.5972082324896376, 0.5972082324896376] [-0.0020337845958892475, 0.007480220649434748]
	[0.5972082324896376, 0.5972082324896376] [-0.0020337845958892475, 0.007480220649434748]
	[0.5972082324896376, 0.5972082324896376] [-0.0020337845958892475, 0.007480220649434748]
	[0.5972082324896376, 0.5972082324896376] [-0.0020337845958892475, 0.007480220649434748]
	[0.5972082324896376, 0.5972082324896376] [-0.0020337845958892475, 0.007480220649434748]
	[0.1482497032535861, 0.1482497032535861] [0.0014143857704883695, 0.0076216463863752176]
	[0.1482497032535861, 0.1482497032535861] [0.0014143857704883695, 0.0076216463863752176]
	[0.7444458051654382, 0.7444458051654382] [-0.003109173712881081, 0.007100916811921942]
	[0.7633561620095154, 0.7633561620095154] [-0.0032428906745075466, 0.007040855119933826]
	[0.08938702779741892, 0.08938702779741892] [0.00186030765799765, 0.007525239940646523]
	[-0.08557773599363941, -0.08557773599363941] [0.003141850132238328, 0.00708651949078392]
	[-0.3116479350401593, -0.3116479350401593] [0.004650344568720515, 0.006201957444136327]
	[-0.3116479350401593, -0.3116479350401593] [0.004650344568720515, 0.006201957444136327]
	[-0.3116479350401593, -0.3116479350401593] [0.004650344568720515, 0.006201957444136327]
	[-0.3116479350401593, -0.3116479350401593] [0.004650344568720515, 0.006201957444136327]
	[-0.3116479350401593, -0.3116479350401593] [0.004650344568720515, 0.006201957444136327]
	[-0.3116479350401593, -0.3116479350401593] [0.004650344568720515, 0.006201957444136327]
	[-0.3116479350401593, -0.3116479350401593] [0.004650344568720515, 0.006201957444136327]
	[-0.3116479350401593, -0.3116479350401593] [0.004650344568720515, 0.006201957444136327]
	[-0.3116479350401593, -0.3116479350401593] [0.004650344568720515, 0.006201957444136327]
	[-0.3116479350401593, -0.3116479350401593] [0.004650344568720515, 0.006201957444136327]
	[-0.3116479350401593, -0.3116479350401593] [0.004650344568720515, 0.006201957444136327]
	[-0.3116479350401593, -0.3116479350401593] [0.004650344568720515, 0.006201957444136327]
	[-0.3116479350401593, -0.3116479350401593] [0.004650344568720515, 0.006201957444136327]
	[-0.5152515882975496, -0.5152515882975496] [0.005808323239981363, 0.005133552560030802]
	[-0.5152515882975496, -0.5152515882975496] [0.005808323239981363, 0.005133552560030802]
	[-0.09470557722206563, -0.09470557722206563] [0.0032064029741717256, 0.007057546366403065]
	[-0.09470557722206563, -0.09470557722206563] [0.0032064029741717256, 0.007057546366403065]
	[-0.09470557722206563, -0.09470557722206563] [0.0032064029741717256, 0.007057546366403065]
	[-0.09470557722206563, -0.09470557722206563] [0.0032064029741717256, 0.007057546366403065]
	[-0.09470557722206563, -0.09470557722206563] [0.0032064029741717256, 0.007057546366403065]
	[-0.09470557722206563, -0.09470557722206563] [0.0032064029741717256, 0.007057546366403065]
	[-0.12626402002584686, -0.12626402002584686] [0.0034274946269126135, 0.006952859938844702]
	[0.25162868223753626, 0.25162868223753626] [0.0006203192479509353, 0.007726913017326387]
	[0.25162868223753626, 0.25162868223753626] [0.0006203192479509353, 0.007726913017326387]
	[0.6278814979067762, 0.6278814979067762] [-0.0022622347451223567, 0.007414329012437172]
	[1.5274852055835635, 1.5274852055835635] [-0.0072129463511326495, 0.0028396101285895876]
	[1.5274852055835635, 1.5274852055835635] [-0.0072129463511326495, 0.0028396101285895876]
	[1.5274852055835635, 1.5274852055835635] [-0.0072129463511326495, 0.0028396101285895876]
	[1.0216785385955265, 1.0216785385955265] [-0.00493394071849372, 0.005978813405107745]
	[1.1692521047037177, 1.1692521047037177] [-0.00575942837335579, 0.0051883490205354025]
	[1.1692521047037177, 1.1692521047037177] [-0.00575942837335579, 0.0051883490205354025]
	[1.6447514103404404, 1.6447514103404404] [-0.007495636885026868, 0.0019762106250425598]
	[1.6447514103404404, 1.6447514103404404] [-0.007495636885026868, 0.0019762106250425598]
	[2.5373644408774547, 2.5373644408774547] [-0.006241510348318913, -0.004597121851608278]
	[2.5373644408774547, 2.5373644408774547] [-0.006241510348318913, -0.004597121851608278]
	[2.5373644408774547, 2.5373644408774547] [-0.006241510348318913, -0.004597121851608278]
