source:
	0.17824960033010828,0.44671267006405413
target:
	0.06078408471775765,0.8923225932975192
points:
	[0, 0] [-0.0011746551561235058, 0.0044560992323346505]
	[0, 0] [-0.0011746551561235058, 0.0044560992323346505]
	[-0.00309296049037531, -0.00309296049037531] [-0.0011884320544066661, 0.004452444761732564]
	[0.9016595418760959, 0.9016595418760959] [0.0027665251490083176, 0.0036855086086082485]
	[1.5933969041869918, 1.5933969041869918] [0.00448150684877948, 0.001073653327924619]
	[1.2837663300741515, 1.2837663300741515] [0.003941244706170908, 0.0023881426402752397]
	[0.9873147858272964, 0.9873147858272964] [0.0030716798649028, 0.0034353191863015758]
	[0.42379631342147117, 0.42379631342147117] [0.0007617158511171854, 0.004544933890209826]
	[-0.044481734959906205, -0.044481734959906205] [-0.0013716429127935185, 0.00439945801480186]
	[-0.06405429258168943, -0.06405429258168943] [-0.0014574833410426324, 0.0043717705125960364]
	[-0.12101503063548846, -0.12101503063548846] [-0.0017040041977990578, 0.00428170582806715]
	[-0.009191703206868546, -0.009191703206868546] [-0.0012155640995393751, 0.004445114061993464]
	[-0.11301932113700307, -0.11301932113700307] [-0.001669714817251819, 0.004295193538511475]
	[-0.9870431986164644, -0.9870431986164644] [-0.004365591274893935, 0.001475888859227194]
	[-0.03666608124225024, -0.03666608124225024] [-0.0013372167296560576, 0.0044100438231551575]
	[-0.03666608124225024, -0.03666608124225024] [-0.0013372167296560576, 0.0044100438231551575]
	[-0.03666608124225024, -0.03666608124225024] [-0.0013372167296560576, 0.0044100438231551575]
	[-0.03666608124225024, -0.03666608124225024] [-0.0013372167296560576, 0.0044100438231551575]
	[0.016805142530104837, 0.016805142530104837] [-0.0010996074331800262, 0.004475209335563671]
	[0.7230521750397371, 0.7230521750397371] [0.0020677506786159197, 0.004118378593002884]
	[0.7671326362025053, 0.7671326362025053] [0.002247223336083439, 0.004023260168319098]
	[0.39181716522295174, 0.39181716522295174] [0.0006160080511027376, 0.004566964986202282]
	[0.636605823726174, 0.636605823726174] [0.0017044538191255568, 0.004281526863478648]
	[0.636605823726174, 0.636605823726174] [0.0017044538191255568, 0.004281526863478648]
	[0.636605823726174, 0.636605823726174] [0.0017044538191255568, 0.004281526863478648]
	[0.636605823726174, 0.636605823726174] [0.0017044538191255568, 0.004281526863478648]
	[0.636605823726174, 0.636605823726174] [0.0017044538191255568, 0.004281526863478648]
	[0.6257287706804217, 0.6257287706804217] [0.0016577835163892728, 0.0042998126606875586]
	[0.6257287706804217, 0.6257287706804217] [0.0016577835163892728, 0.0042998126606875586]
	[1.2008409514193104, 1.2008409514193104] [0.003729890512740691, 0.0027063909302220157]
	[1.2008409514193104, 1.2008409514193104] [0.003729890512740691, 0.0027063909302220157]
	[1.2008409514193104, 1.2008409514193104] [0.003729890512740691, 0.0027063909302220157]
	[1.2008409514193104, 1.2008409514193104] [0.003729890512740691, 0.0027063909302220157]
	[1.2008409514193104, 1.2008409514193104] [0.003729890512740691, 0.0027063909302220157]
	[0.5016372868983883, 0.5016372868983883] [0.001112834228132231, 0.004471938627141292]
	[1.0397451649993685, 1.0397451649993685] [0.0032474914707778762, 0.003269622952489468]
	[1.0397451649993685, 1.0397451649993685] [0.0032474914707778762, 0.003269622952489468]
	[1.2265722818137184, 1.2265722818137184] [0.0037982871528432537, 0.0026095305724913227]
	[0.895822145895989, 0.895822145895989] [0.002744964363248829, 0.003701595027648885]
