source:
	0.7013577284652613,0.27764939706415726
target:
	0.40755070707146934,0.9420680060301944
points:
	[-0.5715025321634379, -0.5715025321634379] [-0.006064995642735826, 0.00399916156583615]
	[-0.5715025321634379, -0.5715025321634379] [-0.006064995642735826, 0.00399916156583615]
	[-0.5715025321634379, -0.5715025321634379] [-0.006064995642735826, 0.00399916156583615]
	[-1.283117163784349, -1.283117163784349] [-0.007204754284109268, -0.0009321915477383]
	[-1.283117163784349, -1.283117163784349] [-0.007204754284109268, -0.0009321915477383]
	[-1.283117163784349, -1.283117163784349] [-0.007204754284109268, -0.0009321915477383]
	[-0.3448696441730327, -0.3448696441730327] [-0.0050113018264923495, 0.005259688144734442]
	[-0.3448696441730327, -0.3448696441730327] [-0.0050113018264923495, 0.005259688144734442]
	[0.05991199691170135, 0.05991199691170135] [-0.0025349704073583013, 0.006808185544613431]
	[0.4396328339142523, 0.4396328339142523] [0.00016913049864866663, 0.007262841059151194]
	[0.4396328339142523, 0.4396328339142523] [0.00016913049864866663, 0.007262841059151194]
	[0.4396328339142523, 0.4396328339142523] [0.00016913049864866663, 0.007262841059151194]
	[0.4396328339142523, 0.4396328339142523] [0.00016913049864866663, 0.007262841059151194]
	[0.4396328339142523, 0.4396328339142523] [0.00016913049864866663, 0.007262841059151194]
	[0.4396328339142523, 0.4396328339142523] [0.00016913049864866663, 0.007262841059151194]
	[0.4396328339142523, 0.4396328339142523] [0.00016913049864866663, 0.007262841059151194]
	[0.4396328339142523, 0.4396328339142523] [0.00016913049864866663, 0.007262841059151194]
	[0.4396328339142523, 0.4396328339142523] [0.00016913049864866663, 0.007262841059151194]
	[0.4396328339142523, 0.4396328339142523] [0.00016913049864866663, 0.007262841059151194]
	[0.15410885010124242, 0.15410885010124242] [-0.0018833705850165158, 0.007016436461307132]
	[0.15410885010124242, 0.15410885010124242] [-0.0018833705850165158, 0.007016436461307132]
	[-0.21769107550691946, -0.21769107550691946] [-0.0043037112115847246, 0.0058528228388825786]
	[-0.21769107550691946, -0.21769107550691946] [-0.0043037112115847246, 0.0058528228388825786]
	[-0.21769107550691946, -0.21769107550691946] [-0.0043037112115847246, 0.0058528228388825786]
	[0.5150359790409, 0.5150359790409] [0.0007157721774567184, 0.00722946302058766]
	[0.5150359790409, 0.5150359790409] [0.0007157721774567184, 0.00722946302058766]
	[0.5150359790409, 0.5150359790409] [0.0007157721774567184, 0.00722946302058766]
	[0.5150359790409, 0.5150359790409] [0.0007157721774567184, 0.00722946302058766]
	[0.5150359790409, 0.5150359790409] [0.0007157721774567184, 0.00722946302058766]
	[0.5150359790409, 0.5150359790409] [0.0007157721774567184, 0.00722946302058766]
	[0.5150359790409, 0.5150359790409] [0.0007157721774567184, 0.00722946302058766]
	[0.5150359790409, 0.5150359790409] [0.0007157721774567184, 0.00722946302058766]
	[0.5150359790409, 0.5150359790409] [0.0007157721774567184, 0.00722946302058766]
	[0.5150359790409, 0.5150359790409] [0.0007157721774567184, 0.00722946302058766]
	[0.36865891570152526, 0.36865891570152526] [-0.00034633493465046657, 0.00725654997151582]
	[0.36865891570152526, 0.36865891570152526] [-0.00034633493465046657, 0.00725654997151582]
	[0.36865891570152526, 0.36865891570152526] [-0.00034633493465046657, 0.00725654997151582]
	[0.36865891570152526, 0.36865891570152526] [-0.00034633493465046657, 0.00725654997151582]
	[0.36865891570152526, 0.36865891570152526] [-0.00034633493465046657, 0.00725654997151582]
	[0.36865891570152526, 0.36865891570152526] [-0.00034633493465046657, 0.00725654997151582]
	[0.36865891570152526, 0.36865891570152526] [-0.00034633493465046657, 0.00725654997151582]
	[0.506611268989883, 0.506611268989883] [0.0006548413670778815, 0.0072352365655885195]
	[0.506611268989883, 0.506611268989883] [0.0006548413670778815, 0.0072352365655885195]
	[0.506611268989883, 0.506611268989883] [0.0006548413670778815, 0.0072352365655885195]
	[-0.35032227413023476, -0.35032227413023476] [-0.00503990632176803, 0.0052322853175135855]
	[-0.35032227413023476, -0.35032227413023476] [-0.00503990632176803, 0.0052322853175135855]
	[-0.35032227413023476, -0.35032227413023476] [-0.00503990632176803, 0.0052322853175135855]
	[-0.35032227413023476, -0.35032227413023476] [-0.00503990632176803, 0.0052322853175135855]
	[-0.35032227413023476, -0.35032227413023476] [-0.00503990632176803, 0.0052322853175135855]
	[-0.35032227413023476, -0.35032227413023476] [-0.00503990632176803, 0.0052322853175135855]
	[-0.35032227413023476, -0.35032227413023476] [-0.00503990632176803, 0.0052322853175135855]
	[-1.1304361769834093, -1.1304361769834093] [-0.007262716126882361, 0.0001744128332103238]
	[-1.1304361769834093, -1.1304361769834093] [-0.007262716126882361, 0.0001744128332103238]
	[-1.1304361769834093, -1.1304361769834093] [-0.007262716126882361, 0.0001744128332103238]
	[-1.1304361769834093, -1.1304361769834093] [-0.007262716126882361, 0.0001744128332103238]
	[-1.976131780591433, -1.976131780591433] [-0.004947248249136369, -0.005319981215895665]
	[-1.8614429536019317, -1.8614429536019317] [-0.0055235527135099535, -0.0047188802482307605]
	[-1.4169156049715372, -1.4169156049715372] [-0.007016006628646197, -0.001884971183561759]
	[-1.4169156049715372, -1.4169156049715372] [-0.007016006628646197, -0.001884971183561759]
