source:
	0.013376211334107158,0.705975973901131
target:
	0.2869975423420559,0.14628769876576342
points:
	[0, 0] [0.0027362133100794876, -0.005596882751353677]
	[0, 0] [0.0027362133100794876, -0.005596882751353677]
	[0, 0] [0.0027362133100794876, -0.005596882751353677]
	[0, 0] [0.0027362133100794876, -0.005596882751353677]
	[0, 0] [0.0027362133100794876, -0.005596882751353677]
	[-0.3251019767045132, -0.3251019767045132] [0.004380560120553862, -0.004429746363040391]
	[-0.3251019767045132, -0.3251019767045132] [0.004380560120553862, -0.004429746363040391]
	[-1.2351921811738273, -1.2351921811738273] [0.006185784721696103, 0.000740288583923535]
	[-1.2351921811738273, -1.2351921811738273] [0.006185784721696103, 0.000740288583923535]
	[-1.2351921811738273, -1.2351921811738273] [0.006185784721696103, 0.000740288583923535]
	[-0.8422010005177547, -0.8422010005177547] [0.005997724138800735, -0.0016850118591580955]
	[-1.4447657462846126, -1.4447657462846126] [0.005896426301786062, 0.002010998925475095]
	[-1.4447657462846126, -1.4447657462846126] [0.005896426301786062, 0.002010998925475095]
	[-1.4447657462846126, -1.4447657462846126] [0.005896426301786062, 0.002010998925475095]
	[-1.4447657462846126, -1.4447657462846126] [0.005896426301786062, 0.002010998925475095]
	[-1.8067607625078768, -1.8067607625078768] [0.004802115214262299, 0.0039688347508566035]
	[-1.8067607625078768, -1.8067607625078768] [0.004802115214262299, 0.0039688347508566035]
	[-2.575464401350937, -2.575464401350937] [0.0006926707602767229, 0.006191297685341427]
	[-2.575464401350937, -2.575464401350937] [0.0006926707602767229, 0.006191297685341427]
	[-2.575464401350937, -2.575464401350937] [0.0006926707602767229, 0.006191297685341427]
	[-2.575464401350937, -2.575464401350937] [0.0006926707602767229, 0.006191297685341427]
	[-2.575464401350937, -2.575464401350937] [0.0006926707602767229, 0.006191297685341427]
	[-2.575464401350937, -2.575464401350937] [0.0006926707602767229, 0.006191297685341427]
	[-2.575464401350937, -2.575464401350937] [0.0006926707602767229, 0.006191297685341427]
	[-2.575464401350937, -2.575464401350937] [0.0006926707602767229, 0.006191297685341427]
	[-2.877324166094117, -2.877324166094117] [-0.0011792986689553677, 0.006117288162254296]
	[-3.541984750170614, -3.541984750170614] [-0.004701351287160321, 0.00408769566936831]
	[-3.541984750170614, -3.541984750170614] [-0.004701351287160321, 0.00408769566936831]
	[-3.5536374276722706, -3.5536374276722706] [-0.0047486636259342066, 0.004032636058260879]
	[-3.5536374276722706, -3.5536374276722706] [-0.0047486636259342066, 0.004032636058260879]
	[-3.5536374276722706, -3.5536374276722706] [-0.0047486636259342066, 0.004032636058260879]
	[-3.61014857210291, -3.61014857210291] [-0.004968850796411623, 0.0037579890332006065]
	[-3.5327851854670778, -3.5327851854670778] [-0.004663547855834437, 0.0041307724709790635]
	[-3.7351485045537602, -3.7351485045537602] [-0.005398608239766769, 0.0031091781686128552]
	[-3.882351204722754, -3.882351204722754] [-0.005796251875118344, 0.002283730284171827]
	[-3.882351204722754, -3.882351204722754] [-0.005796251875118344, 0.002283730284171827]
	[-3.9713398810495746, -3.9713398810495746] [-0.005976274819056425, 0.001759573555657319]
	[-3.9713398810495746, -3.9713398810495746] [-0.005976274819056425, 0.001759573555657319]
	[-3.9713398810495746, -3.9713398810495746] [-0.005976274819056425, 0.001759573555657319]
	[-3.9713398810495746, -3.9713398810495746] [-0.005976274819056425, 0.001759573555657319]
	[-3.339324504472625, -3.339324504472625] [-0.0037823818684158223, 0.0049503077896364866]
	[-3.339324504472625, -3.339324504472625] [-0.0037823818684158223, 0.0049503077896364866]
	[-3.5080085662862546, -3.5080085662862546] [-0.004559780392357237, 0.004245039762373366]
	[-3.5080085662862546, -3.5080085662862546] [-0.004559780392357237, 0.004245039762373366]
	[-3.5080085662862546, -3.5080085662862546] [-0.004559780392357237, 0.004245039762373366]
	[-3.5080085662862546, -3.5080085662862546] [-0.004559780392357237, 0.004245039762373366]
	[-3.5080085662862546, -3.5080085662862546] [-0.004559780392357237, 0.004245039762373366]
	[-3.5080085662862546, -3.5080085662862546] [-0.004559780392357237, 0.004245039762373366]
	[-3.5080085662862546, -3.5080085662862546] [-0.004559780392357237, 0.004245039762373366]
	[-2.8726586100172096, -2.8726586100172096] [-0.0011507453864203802, 0.006122723647715015]
	[-2.8726586100172096, -2.8726586100172096] [-0.0011507453864203802, 0.006122723647715015]
	[-2.8539066637517703, -2.8539066637517703] [-0.00103573681465236, 0.006143224646830868]
	[-2.8539066637517703, -2.8539066637517703] [-0.00103573681465236, 0.006143224646830868]
	[-2.2044906925269174, -2.2044906925269174] [0.002890039970025033, 0.005519024259986012]
	[-2.2044906925269174, -2.2044906925269174] [0.002890039970025033, 0.005519024259986012]
	[-2.2044906925269174, -2.2044906925269174] [0.002890039970025033, 0.005519024259986012]
	[-2.2044906925269174, -2.2044906925269174] [0.002890039970025033, 0.005519024259986012]
	[-2.9422732416951516, -2.9422732416951516] [-0.0015738451112605161, 0.006027849647794628]
	[-2.4475503258161955, -2.4475503258161955] [0.0014768079650831188, 0.006052354752071585]
	[-2.4475503258161955, -2.4475503258161955] [0.0014768079650831188, 0.006052354752071585]
	[-2.4475503258161955, -2.4475503258161955] [0.0014768079650831188, 0.006052354752071585]
	[-2.4475503258161955, -2.4475503258161955] [0.0014768079650831188, 0.006052354752071585]
	[-2.4475503258161955, -2.4475503258161955] [0.0014768079650831188, 0.006052354752071585]
	[-2.5335463098584587, -2.5335463098584587] [0.0009515136801154694, 0.0061568321015932825]
	[-2.5335463098584587, -2.5335463098584587] [0.0009515136801154694, 0.0061568321015932825]
