source:
	0.38836045714064005,0.8335911655257975
target:
	0.2651913169217469,0.45115904499237336
points:
	[0, 0] [-0.001231691402188931, -0.0038243212053342412]
	[0.7099352759484234, 0.7099352759484234] [0.0015585142290242737, -0.003703178336203126]
	[0.7099352759484234, 0.7099352759484234] [0.0015585142290242737, -0.003703178336203126]
	[0.7774398920213369, 0.7774398920213369] [0.0018047564207324864, -0.003589617062253319]
	[0.7774398920213369, 0.7774398920213369] [0.0018047564207324864, -0.003589617062253319]
	[1.3617639006017703, 1.3617639006017703] [0.0034854814068752166, -0.0019984783596832976]
	[1.057168803320184, 1.057168803320184] [0.00272568182338482, -0.0029518053779788536]
	[1.057168803320184, 1.057168803320184] [0.00272568182338482, -0.0029518053779788536]
	[1.057168803320184, 1.057168803320184] [0.00272568182338482, -0.0029518053779788536]
	[0.744964067828342, 0.744964067828342] [0.0016872495028443287, -0.0036463249316190743]
	[0.4984005109562222, 0.4984005109562222] [0.000746252755001475, -0.003947860587387552]
	[0.25548679079992154, 0.25548679079992154] [-0.00022524238424436642, -0.00401145388358575]
	[0.25548679079992154, 0.25548679079992154] [-0.00022524238424436642, -0.00401145388358575]
	[0.25548679079992154, 0.25548679079992154] [-0.00022524238424436642, -0.00401145388358575]
	[0.25548679079992154, 0.25548679079992154] [-0.00022524238424436642, -0.00401145388358575]
	[0.25548679079992154, 0.25548679079992154] [-0.00022524238424436642, -0.00401145388358575]
	[-0.034655951492198744, -0.034655951492198744] [-0.001363460785805431, -0.0037793479698707447]
	[-0.6483433937921639, -0.6483433937921639] [-0.0032911435895664394, -0.002304532547969547]
	[-1.0483421967682913, -1.0483421967682913] [-0.0039287702239589484, -0.0008409880612284789]
	[-0.6160040773943715, -0.6160040773943715] [-0.0032149087314707896, -0.0024097423596949443]
	[-0.925682155690918, -0.925682155690918] [-0.003796354979686024, -0.0013153650671993721]
	[-0.925682155690918, -0.925682155690918] [-0.003796354979686024, -0.0013153650671993721]
	[-1.6203309710462916, -1.6203309710462916] [-0.0037586438844281153, 0.001419539552758715]
	[-1.6203309710462916, -1.6203309710462916] [-0.0037586438844281153, 0.001419539552758715]
	[-1.0253497657052795, -1.0253497657052795] [-0.003908397137445738, -0.0009310897957776379]
	[-0.2565279478429485, -0.2565279478429485] [-0.0021617071997421106, -0.0033866677389992666]
	[-0.2565279478429485, -0.2565279478429485] [-0.0021617071997421106, -0.0033866677389992666]
	[-0.2565279478429485, -0.2565279478429485] [-0.0021617071997421106, -0.0033866677389992666]
	[-0.2565279478429485, -0.2565279478429485] [-0.0021617071997421106, -0.0033866677389992666]
	[-0.2565279478429485, -0.2565279478429485] [-0.0021617071997421106, -0.0033866677389992666]
	[-0.2565279478429485, -0.2565279478429485] [-0.0021617071997421106, -0.0033866677389992666]
	[-0.4715053606709504, -0.4715053606709504] [-0.0028344094402697993, -0.0028475637862398675]
	[-0.006470300930617012, -0.006470300930617012] [-0.001256409956425636, -0.0038162717949839233]
	[-0.9092706468491667, -0.9092706468491667] [-0.003774257584142696, -0.001377489049080471]
