source:
	0.7322940840203712,0.4799692854126407
target:
	0.1682238457919113,0.8766666048721495
points:
	[0.090145024193423, 0.090145024193423] [-0.005260680600216831, 0.004458658914365326]
	[0.090145024193423, 0.090145024193423] [-0.005260680600216831, 0.004458658914365326]
	[0.090145024193423, 0.090145024193423] [-0.005260680600216831, 0.004458658914365326]
	[0.9980335457378972, 0.9980335457378972] [0.000276859205002639, 0.006890409906003591]
	[0.9980335457378972, 0.9980335457378972] [0.000276859205002639, 0.006890409906003591]
	[0.9980335457378972, 0.9980335457378972] [0.000276859205002639, 0.006890409906003591]
	[0.9980335457378972, 0.9980335457378972] [0.000276859205002639, 0.006890409906003591]
	[0.6494586536134475, 0.6494586536134475] [-0.002093270799909791, 0.006570587268303506]
	[0.9471102690293638, 0.9471102690293638] [-7.423031011735764e-05, 0.006895570284842798]
	[0.9471102690293638, 0.9471102690293638] [-7.423031011735764e-05, 0.006895570284842798]
	[0.8467608059878766, 0.8467608059878766] [-0.0007646628809396189, 0.006853443686983956]
	[1.7966196535255392, 1.7966196535255392] [0.005129255334029784, 0.004609244993540062]
	[1.0482445695968303, 1.0482445695968303] [0.0006223394560280651, 0.006867830319221478]
	[1.015898483158571, 1.015898483158571] [0.00039990521957527413, 0.0068843645681721105]
	[1.6065893573135592, 1.6065893573135592] [0.004166287065153204, 0.005495129824024562]
	[1.8289515568357766, 1.8289515568357766] [0.005275574329753243, 0.004441026365987454]
	[1.3416731547443939, 1.3416731547443939] [0.0025821628059221136, 0.006394281424512026]
	[1.3416731547443939, 1.3416731547443939] [0.0025821628059221136, 0.006394281424512026]
	[1.7320016051755294, 1.7320016051755294] [0.0048209172894981235, 0.004930837269669846]
	[1.7320016051755294, 1.7320016051755294] [0.0048209172894981235, 0.004930837269669846]
	[1.7320016051755294, 1.7320016051755294] [0.0048209172894981235, 0.004930837269669846]
	[1.7320016051755294, 1.7320016051755294] [0.0048209172894981235, 0.004930837269669846]
	[1.761753161795006, 1.761753161795006] [0.0049654622601748985, 0.004785246517675541]
	[2.455560746863263, 2.455560746863263] [0.0068775481134503574, 0.0005037178171581206]
	[2.455560746863263, 2.455560746863263] [0.0068775481134503574, 0.0005037178171581206]
	[2.455560746863263, 2.455560746863263] [0.0068775481134503574, 0.0005037178171581206]
	[2.455560746863263, 2.455560746863263] [0.0068775481134503574, 0.0005037178171581206]
	[3.173298247335604, 3.173298247335604] [0.0055121133076761, -0.004143791328661128]
	[3.173298247335604, 3.173298247335604] [0.0055121133076761, -0.004143791328661128]
	[2.5008708397666704, 2.5008708397666704] [0.0068933051949453495, 0.00019168511023699917]
	[2.018617256020836, 2.018617256020836] [0.006018238485665513, 0.0033667796515069967]
	[2.0642293946605803, 2.0642293946605803] [0.006165491974701041, 0.0030888684662905568]
	[2.003420020984595, 2.003420020984595] [0.005966379752842961, 0.0034578479343390285]
	[2.348319147299347, 2.348319147299347] [0.006784121464909218, 0.0012369703478681787]
	[2.0569246620597923, 2.0569246620597923] [0.006142764325298787, 0.003133822926711662]
	[2.6412707246548464, 2.6412707246548464] [0.00685230010767129, -0.0007748438078446154]
	[1.8435830628946221, 1.8435830628946221] [0.005339986225542194, 0.00436336416119108]
	[1.681561397799713, 1.681561397799713] [0.004566178860890063, 0.00516763101454698]
	[1.681561397799713, 1.681561397799713] [0.004566178860890063, 0.00516763101454698]
	[1.3458577217350438, 1.3458577217350438] [0.0026088974192325382, 0.00638342023903087]
	[1.0848037038116776, 1.0848037038116776] [0.0008729496048355997, 0.006840494037682109]
	[1.0848037038116776, 1.0848037038116776] [0.0008729496048355997, 0.006840494037682109]
	[0.5362984427999147, 0.5362984427999147] [-0.002821825897397061, 0.00629219344083813]
	[0.5362984427999147, 0.5362984427999147] [-0.002821825897397061, 0.00629219344083813]
	[0.5362984427999147, 0.5362984427999147] [-0.002821825897397061, 0.00629219344083813]
	[0.5362984427999147, 0.5362984427999147] [-0.002821825897397061, 0.00629219344083813]
	[1.0288221961860642, 1.0288221961860642] [0.0004888408988536171, 0.0068786215383429185]
	[1.0288221961860642, 1.0288221961860642] [0.0004888408988536171, 0.0068786215383429185]
	[0.29109523439272567, 0.29109523439272567] [-0.004264871212519249, 0.005418973448243837]
	[0.8620627958294313, 0.8620627958294313] [-0.0006597061263314685, 0.006864341739673794]
	[0.1468049573707566, 0.1468049573707566] [-0.004999746383701512, 0.004749414257654387]
	[-0.19529515196964947, -0.19529515196964947] [-0.006303290376855642, 0.0027969501456383125]
	[0.6736560316858775, 0.6736560316858775] [-0.0019336825415411346, 0.006619310501909253]
	[0.6736560316858775, 0.6736560316858775] [-0.0019336825415411346, 0.006619310501909253]
	[1.1698351351138294, 1.1698351351138294] [0.0014507519649023276, 0.006741640633293883]
	[1.1698351351138294, 1.1698351351138294] [0.0014507519649023276, 0.006741640633293883]
	[0.9963633729299384, 0.9963633729299384] [0.00026535064894610787, 0.006890862698185982]
	[0.9963633729299384, 0.9963633729299384] [0.00026535064894610787, 0.006890862698185982]
	[0.9963633729299384, 0.9963633729299384] [0.00026535064894610787, 0.006890862698185982]
	[0.5771872247026285, 0.5771872247026285] [-0.0025622588907735213, 0.0064022831137648985]
	[-0.3158893239509267, -0.3158893239509267] [-0.006593990599747173, 0.0020183378464947435]
	[0.012012618304127587, 0.012012618304127587] [-0.005592642813323401, 0.00403444495001843]
	[0.012012618304127587, 0.012012618304127587] [-0.005592642813323401, 0.00403444495001843]
