source:
	0.6821237760925492,0.3036471076587236
target:
	0.3030889140889128,0.7527034187813261
points:
	[-0.9059607447500627, -0.9059607447500627] [-0.005872533824902159, -0.00021271152459504932]
	[-1.6205950318455808, -1.6205950318455808] [-0.004296319716413258, -0.004009181538877259]
	[-1.6205950318455808, -1.6205950318455808] [-0.004296319716413258, -0.004009181538877259]
	[-1.6205950318455808, -1.6205950318455808] [-0.004296319716413258, -0.004009181538877259]
	[-1.1490590694515166, -1.1490590694515166] [-0.005648660733262366, -0.0016200406284459015]
	[-1.1490590694515166, -1.1490590694515166] [-0.005648660733262366, -0.0016200406284459015]
	[-1.1490590694515166, -1.1490590694515166] [-0.005648660733262366, -0.0016200406284459015]
	[-1.1490590694515166, -1.1490590694515166] [-0.005648660733262366, -0.0016200406284459015]
	[-1.1490590694515166, -1.1490590694515166] [-0.005648660733262366, -0.0016200406284459015]
	[-1.812635185670175, -1.812635185670175] [-0.0034521398334215548, -0.004755484232738]
	[-1.812635185670175, -1.812635185670175] [-0.0034521398334215548, -0.004755484232738]
	[-1.3011344696456202, -1.3011344696456202] [-0.005338048636295691, -0.0024570585002920125]
	[-1.9387024283906946, -1.9387024283906946] [-0.002826819756252912, -0.005151794811808187]
	[-1.920440305339801, -1.920440305339801] [-0.002920425871258627, -0.005099314899846725]
	[-1.920440305339801, -1.920440305339801] [-0.002920425871258627, -0.005099314899846725]
	[-2.4620196815912667, -2.4620196815912667] [0.00012614573733082032, -0.005875030805899556]
	[-2.4620196815912667, -2.4620196815912667] [0.00012614573733082032, -0.005875030805899556]
	[-2.4620196815912667, -2.4620196815912667] [0.00012614573733082032, -0.005875030805899556]
	[-2.4620196815912667, -2.4620196815912667] [0.00012614573733082032, -0.005875030805899556]
	[-2.4620196815912667, -2.4620196815912667] [0.00012614573733082032, -0.005875030805899556]
	[-1.6505766458022735, -1.6505766458022735] [-0.004174205160401755, -0.004136171054996502]
	[-1.40756496665721, -1.40756496665721] [-0.0050468313853442226, -0.003010214724105247]
	[-1.40756496665721, -1.40756496665721] [-0.0050468313853442226, -0.003010214724105247]
	[-1.40756496665721, -1.40756496665721] [-0.0050468313853442226, -0.003010214724105247]
	[-0.48533159121531433, -0.48533159121531433] [-0.005447495590580236, 0.0022037902595130076]
	[0.28760446530928496, 0.28760446530928496] [-0.0023608896256591193, 0.0053812730736109895]
	[-0.42692866572252597, -0.42692866572252597] [-0.005309573152477632, 0.002518001718785011]
	[-0.42692866572252597, -0.42692866572252597] [-0.005309573152477632, 0.002518001718785011]
	[-0.42692866572252597, -0.42692866572252597] [-0.005309573152477632, 0.002518001718785011]
	[-0.27393023226878765, -0.27393023226878765] [-0.004863800604443794, 0.003297778554956003]
	[-0.27393023226878765, -0.27393023226878765] [-0.004863800604443794, 0.003297778554956003]
	[-0.27393023226878765, -0.27393023226878765] [-0.004863800604443794, 0.003297778554956003]
	[-0.27393023226878765, -0.27393023226878765] [-0.004863800604443794, 0.003297778554956003]
	[-0.27393023226878765, -0.27393023226878765] [-0.004863800604443794, 0.003297778554956003]
	[0.00040452804880186655, 0.00040452804880186655] [-0.0037885317512206065, 0.004492096046091273]
	[0.911139477942186, 0.911139477942186] [0.0012255555777296594, 0.005747165670416265]
	[0.911139477942186, 0.911139477942186] [0.0012255555777296594, 0.005747165670416265]
	[0.8520015367273448, 0.8520015367273448] [0.0008837356642302794, 0.005809553424582907]
	[0.8520015367273448, 0.8520015367273448] [0.0008837356642302794, 0.005809553424582907]
	[0.8520015367273448, 0.8520015367273448] [0.0008837356642302794, 0.005809553424582907]
	[0.8520015367273448, 0.8520015367273448] [0.0008837356642302794, 0.005809553424582907]
	[0.8520015367273448, 0.8520015367273448] [0.0008837356642302794, 0.005809553424582907]
	[0.8520015367273448, 0.8520015367273448] [0.0008837356642302794, 0.005809553424582907]
	[0.9879849185216169, 0.9879849185216169] [0.0016631477086111914, 0.005636119180487302]
	[0.9879849185216169, 0.9879849185216169] [0.0016631477086111914, 0.005636119180487302]
	[1.6564244317335008, 1.6564244317335008] [0.0047982742690931175, 0.0033924126747603136]
	[1.6564244317335008, 1.6564244317335008] [0.0047982742690931175, 0.0033924126747603136]
	[1.6564244317335008, 1.6564244317335008] [0.0047982742690931175, 0.0033924126747603136]
	[1.6564244317335008, 1.6564244317335008] [0.0047982742690931175, 0.0033924126747603136]
	[1.6564244317335008, 1.6564244317335008] [0.0047982742690931175, 0.0033924126747603136]
	[1.6564244317335008, 1.6564244317335008] [0.0047982742690931175, 0.0033924126747603136]
	[1.6564244317335008, 1.6564244317335008] [0.0047982742690931175, 0.0033924126747603136]
	[2.2677996203153765, 2.2677996203153765] [0.005876337013422286, 2.3728084599875666e-05]
	[2.2677996203153765, 2.2677996203153765] [0.005876337013422286, 2.3728084599875666e-05]
	[2.2677996203153765, 2.2677996203153765] [0.005876337013422286, 2.3728084599875666e-05]
