source:
	0.35438792191065294,0.5490473110270724
target:
	0.026470860898656023,0.7959713789946817
points:
	[0.7655389739656152, 0.7655389739656152] [-0.0006533111633767991, 0.004052566341005299]
	[0.7655389739656152, 0.7655389739656152] [-0.0006533111633767991, 0.004052566341005299]
	[0.7655389739656152, 0.7655389739656152] [-0.0006533111633767991, 0.004052566341005299]
	[0.7655389739656152, 0.7655389739656152] [-0.0006533111633767991, 0.004052566341005299]
	[0.7655389739656152, 0.7655389739656152] [-0.0006533111633767991, 0.004052566341005299]
	[0.310610692386725, 0.310610692386725] [-0.002367553649206605, 0.0033533265785739264]
	[0.966266051246793, 0.966266051246793] [0.00016781432695758938, 0.004101456787058666]
	[0.9501618448814795, 0.9501618448814795] [0.00010174471494336283, 0.00410362735118857]
	[0.9501618448814795, 0.9501618448814795] [0.00010174471494336283, 0.00410362735118857]
	[0.01433683054517565, 0.01433683054517565] [-0.0032434337353449984, 0.002515998217182957]
	[0.01433683054517565, 0.01433683054517565] [-0.0032434337353449984, 0.002515998217182957]
	[0.01433683054517565, 0.01433683054517565] [-0.0032434337353449984, 0.002515998217182957]
	[0.7451667099257725, 0.7451667099257725] [-0.0007357298373385507, 0.00403841689661823]
	[0.7451667099257725, 0.7451667099257725] [-0.0007357298373385507, 0.00403841689661823]
	[0.7451667099257725, 0.7451667099257725] [-0.0007357298373385507, 0.00403841689661823]
	[1.688010275874153, 1.688010275874153] [0.0028357825107702714, 0.0029679027908695527]
	[1.688010275874153, 1.688010275874153] [0.0028357825107702714, 0.0029679027908695527]
	[1.688010275874153, 1.688010275874153] [0.0028357825107702714, 0.0029679027908695527]
	[1.688010275874153, 1.688010275874153] [0.0028357825107702714, 0.0029679027908695527]
	[1.688010275874153, 1.688010275874153] [0.0028357825107702714, 0.0029679027908695527]
	[1.688010275874153, 1.688010275874153] [0.0028357825107702714, 0.0029679027908695527]
	[2.5969320774194418, 2.5969320774194418] [0.0040840673983741985, -0.0004129199801158032]
	[2.5969320774194418, 2.5969320774194418] [0.0040840673983741985, -0.0004129199801158032]
	[1.9204534726777096, 1.9204534726777096] [0.0034431917043760054, 0.0022348468205579735]
	[1.9204534726777096, 1.9204534726777096] [0.0034431917043760054, 0.0022348468205579735]
	[1.9204534726777096, 1.9204534726777096] [0.0034431917043760054, 0.0022348468205579735]
	[1.3529002463700235, 1.3529002463700235] [0.0017019763057736152, 0.0037354231459135957]
	[1.3529002463700235, 1.3529002463700235] [0.0017019763057736152, 0.0037354231459135957]
	[1.3529002463700235, 1.3529002463700235] [0.0017019763057736152, 0.0037354231459135957]
	[1.3529002463700235, 1.3529002463700235] [0.0017019763057736152, 0.0037354231459135957]
	[0.8656526197143903, 0.8656526197143903] [-0.0002450001148824863, 0.004097570544621458]
	[0.8656526197143903, 0.8656526197143903] [-0.0002450001148824863, 0.004097570544621458]
	[0.8656526197143903, 0.8656526197143903] [-0.0002450001148824863, 0.004097570544621458]
	[0.8656526197143903, 0.8656526197143903] [-0.0002450001148824863, 0.004097570544621458]
	[0.8656526197143903, 0.8656526197143903] [-0.0002450001148824863, 0.004097570544621458]
	[0.8656526197143903, 0.8656526197143903] [-0.0002450001148824863, 0.004097570544621458]
	[0.8656526197143903, 0.8656526197143903] [-0.0002450001148824863, 0.004097570544621458]
