source:
	0.8155437695293726,0.16371144773329283
target:
	0.4087947113327357,0.5644020378026491
points:
	[0, 0] [-0.004067490581966369, 0.004006905900693562]
	[0.7992056484772115, 0.7992056484772115] [3.5995030509228915e-05, 0.0057095077624237135]
	[0.21131375014461118, 0.21131375014461118] [-0.0031365872548930907, 0.00477091133053636]
	[0.9095493591479706, 0.9095493591479706] [0.0006645067015841981, 0.0056708205204315625]
	[0.9095493591479706, 0.9095493591479706] [0.0006645067015841981, 0.0056708205204315625]
	[0.9095493591479706, 0.9095493591479706] [0.0006645067015841981, 0.0056708205204315625]
	[0.005718649225680772, 0.005718649225680772] [-0.00404451010824563, 0.004030100807138318]
	[0.005718649225680772, 0.005718649225680772] [-0.00404451010824563, 0.004030100807138318]
	[0.005718649225680772, 0.005718649225680772] [-0.00404451010824563, 0.004030100807138318]
	[-0.3729599667375057, -0.3729599667375057] [-0.005247872706992616, 0.0022493569264569802]
	[-0.4137222673323107, -0.4137222673323107] [-0.005335177043531964, 0.0020336323280198748]
	[-0.4137222673323107, -0.4137222673323107] [-0.005335177043531964, 0.0020336323280198748]
	[-0.8878529430119592, -0.8878529430119592] [-0.005675139187272847, -0.0006265538576037087]
	[-0.7852430060511739, -0.7852430060511739] [-0.005709467085069135, -4.195397371101688e-05]
	[-0.7852430060511739, -0.7852430060511739] [-0.005709467085069135, -4.195397371101688e-05]
	[-0.7852430060511739, -0.7852430060511739] [-0.005709467085069135, -4.195397371101688e-05]
	[-0.7852430060511739, -0.7852430060511739] [-0.005709467085069135, -4.195397371101688e-05]
	[-0.7852430060511739, -0.7852430060511739] [-0.005709467085069135, -4.195397371101688e-05]
	[-0.7852430060511739, -0.7852430060511739] [-0.005709467085069135, -4.195397371101688e-05]
	[-0.7852430060511739, -0.7852430060511739] [-0.005709467085069135, -4.195397371101688e-05]
	[-0.7852430060511739, -0.7852430060511739] [-0.005709467085069135, -4.195397371101688e-05]
	[-0.7852430060511739, -0.7852430060511739] [-0.005709467085069135, -4.195397371101688e-05]
	[-1.5605087384225496, -1.5605087384225496] [-0.00404853779889153, -0.004026054672051103]
	[-1.5605087384225496, -1.5605087384225496] [-0.00404853779889153, -0.004026054672051103]
	[-1.5605087384225496, -1.5605087384225496] [-0.00404853779889153, -0.004026054672051103]
	[-2.3359801303178647, -2.3359801303178647] [-7.25741428658355e-05, -0.005709159966683828]
	[-1.407954512012331, -1.407954512012331] [-0.00461333080569727, -0.003364067985133858]
	[-1.3890919873213181, -1.3890919873213181] [-0.004675961183070506, -0.003276455637699963]
	[-0.9753686344817247, -0.9753686344817247] [-0.0055986567936593245, -0.001120185983759075]
	[-1.612408121424854, -1.612408121424854] [-0.003834230597926858, -0.004230656007443697]
	[-1.612408121424854, -1.612408121424854] [-0.003834230597926858, -0.004230656007443697]
	[-1.612408121424854, -1.612408121424854] [-0.003834230597926858, -0.004230656007443697]
	[-1.612408121424854, -1.612408121424854] [-0.003834230597926858, -0.004230656007443697]
	[-1.252789298817701, -1.252789298817701] [-0.0050778005710362985, -0.0026106926077540116]
	[-1.252789298817701, -1.252789298817701] [-0.0050778005710362985, -0.0026106926077540116]
	[-1.252789298817701, -1.252789298817701] [-0.0050778005710362985, -0.0026106926077540116]
	[-1.3400062073616663, -1.3400062073616663] [-0.004831091956318211, -0.0030430782180212645]
	[-0.7644135203286604, -0.7644135203286604] [-0.005709102370321211, 7.697179087647133e-05]
	[-0.7644135203286604, -0.7644135203286604] [-0.005709102370321211, 7.697179087647133e-05]
	[-1.6093766793664153, -1.6093766793664153] [-0.0038470379492520058, -0.0042190133382596605]
	[-1.6093766793664153, -1.6093766793664153] [-0.0038470379492520058, -0.0042190133382596605]
	[-1.6093766793664153, -1.6093766793664153] [-0.0038470379492520058, -0.0042190133382596605]
	[-1.6093766793664153, -1.6093766793664153] [-0.0038470379492520058, -0.0042190133382596605]
	[-1.6093766793664153, -1.6093766793664153] [-0.0038470379492520058, -0.0042190133382596605]
	[-1.8730001401073402, -1.8730001401073402] [-0.002614738180616527, -0.005075718547971723]
	[-1.3308184137422496, -1.3308184137422496] [-0.004858846829378215, -0.00299856332600118]
	[-1.3308184137422496, -1.3308184137422496] [-0.004858846829378215, -0.00299856332600118]
	[-1.3308184137422496, -1.3308184137422496] [-0.004858846829378215, -0.00299856332600118]
	[-0.9980667582238502, -0.9980667582238502] [-0.00557179069123852, -0.0012469655265586858]
	[-1.047108579288821, -1.047108579288821] [-0.005503962726751303, -0.001518607531237209]
