source:
	0.8986835608465668,0.5719157566913351
target:
	0.7525499769010601,0.18516416769186705
points:
	[0, 0] [-0.0014613358394550667, -0.003867515889994681]
	[0, 0] [-0.0014613358394550667, -0.003867515889994681]
	[-0.1643787663806765, -0.1643787663806765] [-0.0020745157089773598, -0.003576250294406609]
	[-1.0641186680837114, -1.0641186680837114] [-0.00409075705574648, -0.0005990728719426209]
	[-1.9008190462974985, -1.9008190462974985] [-0.0031852382220530872, 0.00263579951130758]
	[-2.8074645782259102, -2.8074645782259102] [0.00011218423543379217, 0.004132867804848992]
	[-2.8074645782259102, -2.8074645782259102] [0.00011218423543379217, 0.004132867804848992]
	[-3.214786417595343, -3.214786417595343] [0.0017402485157651981, 0.0037502955481420685]
	[-3.214786417595343, -3.214786417595343] [0.0017402485157651981, 0.0037502955481420685]
	[-3.214786417595343, -3.214786417595343] [0.0017402485157651981, 0.0037502955481420685]
	[-2.355450447571364, -2.355450447571364] [-0.0017042293618703367, 0.0037668002173165778]
	[-1.715767442372464, -1.715767442372464] [-0.003615835754906867, 0.0020047227710020855]
	[-2.433182229718287, -2.433182229718287] [-0.0014065779589177174, 0.003887765430234193]
	[-1.8296622686075774, -1.8296622686075774] [-0.003364574502095088, 0.0024026693519685113]
	[-2.4378725528567546, -2.4378725528567546] [-0.0013883276779037268, 0.0038943199475394465]
	[-2.108929482672081, -2.108929482672081] [-0.0025719241189618835, 0.003237033815291297]
	[-2.339593218375, -2.339593218375] [-0.0017637436118298287, 0.0037393034199923736]
	[-2.339593218375, -2.339593218375] [-0.0017637436118298287, 0.0037393034199923736]
	[-2.647090597098096, -2.647090597098096] [-0.0005492222675485894, 0.004097747734532468]
	[-2.7269784223250135, -2.7269784223250135] [-0.00022045855311579599, 0.004128508159298621]
	[-2.87980686019076, -2.87980686019076] [0.00041061118535699035, 0.004113949446638464]
	[-2.0231024550952545, -2.0231024550952545] [-0.0028399412043219603, 0.0030046489896544534]
	[-2.297667398029863, -2.297667398029863] [-0.001918921145924818, 0.003662092739235283]
	[-2.297667398029863, -2.297667398029863] [-0.001918921145924818, 0.003662092739235283]
	[-2.297667398029863, -2.297667398029863] [-0.001918921145924818, 0.003662092739235283]
	[-2.297667398029863, -2.297667398029863] [-0.001918921145924818, 0.003662092739235283]
	[-2.297667398029863, -2.297667398029863] [-0.001918921145924818, 0.003662092739235283]
	[-2.297667398029863, -2.297667398029863] [-0.001918921145924818, 0.003662092739235283]
	[-3.2556875218548953, -3.2556875218548953] [0.0018921415522794177, 0.003676000808103125]
	[-3.4677370347426506, -3.4677370347426506] [0.0026234262875515983, 0.0031954367633893854]
	[-4.409119999035017, -4.409119999035017] [0.004127438775275216, -0.00023964713933576355]
	[-4.409119999035017, -4.409119999035017] [0.004127438775275216, -0.00023964713933576355]
	[-4.3585327049365254, -4.3585327049365254] [0.004134276620459442, -3.063365077250438e-05]
	[-4.3585327049365254, -4.3585327049365254] [0.004134276620459442, -3.063365077250438e-05]
	[-4.3585327049365254, -4.3585327049365254] [0.004134276620459442, -3.063365077250438e-05]
	[-4.3585327049365254, -4.3585327049365254] [0.004134276620459442, -3.063365077250438e-05]
	[-4.3585327049365254, -4.3585327049365254] [0.004134276620459442, -3.063365077250438e-05]
	[-4.342178312914297, -4.342178312914297] [0.004134224715682106, 3.698101243074287e-05]
	[-3.448212224210313, -3.448212224210313] [0.0025605399210832107, 0.003246046350189162]
	[-3.448212224210313, -3.448212224210313] [0.0025605399210832107, 0.003246046350189162]
	[-3.448212224210313, -3.448212224210313] [0.0025605399210832107, 0.003246046350189162]
	[-4.12497367913015, -4.12497367913015] [0.004029116159524378, 0.0009270407585951729]
