source:
	0.9772394804600135,0.6061668071918486
target:
	0.513564567531336,0.26374499568663334
points:
	[0.9195469816097424, 0.9195469816097424] [-8.733355119590776e-05, -0.00576342650150312]
	[0.9195469816097424, 0.9195469816097424] [-8.733355119590776e-05, -0.00576342650150312]
	[0.6361977737138418, 0.6361977737138418] [-0.0016951487512139743, -0.0055091907662242635]
	[0.6361977737138418, 0.6361977737138418] [-0.0016951487512139743, -0.0055091907662242635]
	[0.6361977737138418, 0.6361977737138418] [-0.0016951487512139743, -0.0055091907662242635]
	[0.6361977737138418, 0.6361977737138418] [-0.0016951487512139743, -0.0055091907662242635]
	[0.6361977737138418, 0.6361977737138418] [-0.0016951487512139743, -0.0055091907662242635]
	[0.31465245020783433, 0.31465245020783433] [-0.0033493557060726652, -0.004691111653072378]
	[0.33465728849001175, 0.33465728849001175] [-0.003254846862387465, -0.004757171858341829]
	[-0.33526746891661374, -0.33526746891661374] [-0.005505228054985803, -0.0017079743118648472]
	[-0.32218170175809047, -0.32218170175809047] [-0.005482407195212049, -0.001779866156001664]
	[-0.47570572144882617, -0.47570572144882617] [-0.005690104919249618, -0.0009205532007028561]
	[-0.47570572144882617, -0.47570572144882617] [-0.005690104919249618, -0.0009205532007028561]
	[-0.2523663960730163, -0.2523663960730163] [-0.005344890531478847, -0.00215797529965029]
	[-0.2523663960730163, -0.2523663960730163] [-0.005344890531478847, -0.00215797529965029]
	[-0.3127605793531805, -0.3127605793531805] [-0.005465395805635054, -0.0018314368335107095]
	[-0.3127605793531805, -0.3127605793531805] [-0.005465395805635054, -0.0018314368335107095]
	[-0.2640557382371577, -0.2640557382371577] [-0.005369750107986816, -0.002095351036263031]
	[-0.6341400957427041, -0.6341400957427041] [-0.005764077107101203, -1.1282321782599255e-05]
	[-0.30935270478750837, -0.30935270478750837] [-0.00545912277425778, -0.0018500515460313609]
	[-0.30935270478750837, -0.30935270478750837] [-0.00545912277425778, -0.0018500515460313609]
	[-0.14755366631757283, -0.14755366631757283] [-0.005089789315907364, -0.002705320111755397]
	[0.6618463564503888, 0.6618463564503888] [-0.0015533037621457033, -0.005550852151687791]
	[1.0080778937868309, 1.0080778937868309] [0.00042258361823691536, -0.005748576804130808]
	[1.0080778937868309, 1.0080778937868309] [0.00042258361823691536, -0.005748576804130808]
	[1.0080778937868309, 1.0080778937868309] [0.00042258361823691536, -0.005748576804130808]
	[1.6933453843042194, 1.6933453843042194] [0.003965345360446204, -0.004183389577816145]
	[1.6933453843042194, 1.6933453843042194] [0.003965345360446204, -0.004183389577816145]
	[1.497074910850744, 1.497074910850744] [0.003073399112429433, -0.004876364432967552]
	[2.359397641209724, 2.359397641209724] [0.005702681701537645, -0.0008391266878968147]
	[3.1373802031295317, 3.1373802031295317] [0.0046511322969117735, 0.0034046557159303488]
	[2.46589124967166, 2.46589124967166] [0.005759568329516521, -0.00022822104421644588]
	[2.46589124967166, 2.46589124967166] [0.005759568329516521, -0.00022822104421644588]
	[2.46589124967166, 2.46589124967166] [0.005759568329516521, -0.00022822104421644588]
	[2.5138844956884947, 2.5138844956884947] [0.005763885311391317, 4.83560184506153e-05]
	[2.5802989833761023, 2.5802989833761023] [0.005747968888259792, 0.00043077354490551716]
	[2.5802989833761023, 2.5802989833761023] [0.005747968888259792, 0.00043077354490551716]
	[2.1678893036850067, 2.1678893036850067] [0.005438707462423103, -0.001909233701141959]
	[2.1678893036850067, 2.1678893036850067] [0.005438707462423103, -0.001909233701141959]
	[2.6742571499172327, 2.6742571499172327] [0.005682200453692987, 0.0009681478148734292]
	[2.6742571499172327, 2.6742571499172327] [0.005682200453692987, 0.0009681478148734292]
	[2.6742571499172327, 2.6742571499172327] [0.005682200453692987, 0.0009681478148734292]
	[2.1933673491141747, 2.1933673491141747] [0.00548558062212213, -0.0017700614185929143]
	[2.294832190502211, 2.294832190502211] [0.005636658494637273, -0.0012053187139617677]
	[2.2278480363843745, 2.2278480363843745] [0.005543340834070788, -0.0015799001818837671]
	[2.530289981688268, 2.530289981688268] [0.005762316414425942, 0.0001429046095489433]
	[3.127943846654146, 3.127943846654146] [0.004683052287036089, 0.003360615042559774]
	[3.2853193163533683, 3.2853193163533683] [0.004098481264900967, 0.004053043733868259]
	[3.2853193163533683, 3.2853193163533683] [0.004098481264900967, 0.004053043733868259]
	[3.2853193163533683, 3.2853193163533683] [0.004098481264900967, 0.004053043733868259]
	[3.2853193163533683, 3.2853193163533683] [0.004098481264900967, 0.004053043733868259]
	[3.795216549504899, 3.795216549504899] [0.0015988924023547801, 0.005537892674392051]
	[3.9322737248522732, 3.9322737248522732] [0.0008272646903542154, 0.0057044145466021426]
	[4.169691126449483, 4.169691126449483] [-0.0005375810784890906, 0.005738964956457173]
