source:
	0.8325295089020384,0.6957350688857659
target:
	0.02363334231469083,0.5687787224692106
points:
	[0.9526717625648424, 0.9526717625648424] [-0.0036529641079157777, -0.007327956430533258]
	[0.5528190070791485, 0.5528190070791485] [-0.006217458964407211, -0.005327879150978092]
	[-0.3237747431083938, -0.3237747431083938] [-0.008072577685607556, 0.0013698838386321593]
	[-0.6486173163389344, -0.6486173163389344] [-0.0072131782304035085, 0.003874680894983164]
	[-0.7706490378485771, -0.7706490378485771] [-0.006687875157201371, 0.004723919781622395]
	[-0.7662248336188076, -0.7662248336188076] [-0.006708709222167217, 0.004694285120646504]
	[-0.7662248336188076, -0.7662248336188076] [-0.006708709222167217, 0.004694285120646504]
	[-0.7662248336188076, -0.7662248336188076] [-0.006708709222167217, 0.004694285120646504]
	[-1.6684742052983743, -1.6684742052983743] [-0.0004746550382993776, 0.008174215241607701]
	[-1.6684742052983743, -1.6684742052983743] [-0.0004746550382993776, 0.008174215241607701]
	[-2.3813301418757193, -2.3813301418757193] [0.0049868365784353965, 0.006494193803813787]
	[-2.3813301418757193, -2.3813301418757193] [0.0049868365784353965, 0.006494193803813787]
	[-3.2854164320299173, -3.2854164320299173] [0.008187409129850982, 9.707709280469441e-05]
	[-4.213108022993091, -4.213108022993091] [0.00498753363337747, -0.006493658481737638]
	[-4.769917319016485, -4.769917319016485] [0.0008023753358384478, -0.008148575706339898]
	[-5.536096034807256, -5.536096034807256] [-0.0050719509862921465, -0.006427939437655333]
	[-5.77017812308505, -5.77017812308505] [-0.006424588890909524, -0.0050761944214457125]
	[-4.978849952203258, -4.978849952203258] [-0.000905217899222572, -0.008137792868858344]
	[-4.256596727911148, -4.256596727911148] [0.004700506206574837, -0.006704351842159394]
	[-3.723015783106262, -3.723015783106262] [0.007457060550382513, -0.003381617981003102]
	[-4.347472466399085, -4.347472466399085] [0.004072685549065749, -0.007103261549453578]
	[-4.347472466399085, -4.347472466399085] [0.004072685549065749, -0.007103261549453578]
	[-3.734179357936843, -3.734179357936843] [0.007418845724357037, -0.0034646529897962293]
	[-3.734179357936843, -3.734179357936843] [0.007418845724357037, -0.0034646529897962293]
	[-3.734179357936843, -3.734179357936843] [0.007418845724357037, -0.0034646529897962293]
	[-4.185635459069481, -4.185635459069481] [0.005164026609691973, -0.006354205016830025]
	[-4.459465684119727, -4.459465684119727] [0.0032533162430217013, -0.007513922121263022]
	[-5.399080332823065, -5.399080332823065] [-0.0041464412629901035, -0.007060461534070395]
	[-5.910930105215584, -5.910930105215584] [-0.007073182372271514, -0.0041247040318187845]
	[-5.910930105215584, -5.910930105215584] [-0.007073182372271514, -0.0041247040318187845]
	[-6.056234847016847, -6.056234847016847] [-0.007595876211756715, -0.003057083053694009]
	[-6.478719667728578, -6.478719667728578] [-0.008181482743203647, 0.00032623970355486165]
	[-7.160937398236775, -7.160937398236775] [-0.006144573792843257, 0.005411774674339136]
	[-7.163145752915876, -7.163145752915876] [-0.006132607701616853, 0.005425330865448143]
	[-6.848987978521023, -6.848987978521023] [-0.007508971086451781, 0.0032647274686175244]
	[-5.9637654688396475, -5.9637654688396475] [-0.0072811408636350725, -0.00374540784767402]
	[-6.379601345024585, -6.379601345024585] [-0.008173609795077641, -0.0004849692148224297]
	[-6.379601345024585, -6.379601345024585] [-0.008173609795077641, -0.0004849692148224297]
	[-6.352963147750046, -6.352963147750046] [-0.00815779281831269, -0.0007025016405678603]
	[-7.301702286822143, -7.301702286822143] [-0.005324523061864631, 0.006220333301776226]
	[-7.301702286822143, -7.301702286822143] [-0.005324523061864631, 0.006220333301776226]
	[-6.953009475151956, -6.953009475151956] [-0.0071293926739005396, 0.00402676698144404]
	[-6.484700864148146, -6.484700864148146] [-0.008179385106438898, 0.0003751686315247884]
	[-6.697943034523214, -6.697943034523214] [-0.007914724481922345, 0.0020976721852505216]
	[-6.044097473004403, -6.044097473004403] [-0.007558212672761117, -0.0031490496050122626]
	[-6.924154618360563, -6.924154618360563] [-0.007242600565466251, 0.003819401690137157]
	[-6.068182275828772, -6.068182275828772] [-0.007631857509755649, -0.0029661158393260627]
	[-6.432847538863209, -6.432847538863209] [-0.00818783636279185, -4.927390443373925e-05]
	[-5.88188384686505, -5.88188384686505] [-0.006950408439628154, -0.004328384773083414]
	[-6.447101181899062, -6.447101181899062] [-0.008187706939364629, 6.743364586698319e-05]
	[-6.447101181899062, -6.447101181899062] [-0.008187706939364629, 6.743364586698319e-05]
	[-6.36208199897513, -6.36208199897513] [-0.008163859565529695, -0.0006280837649740024]
	[-6.36208199897513, -6.36208199897513] [-0.008163859565529695, -0.0006280837649740024]
	[-6.3765851419543305, -6.3765851419543305] [-0.008172109852059267, -0.0005096202384035577]
	[-6.928964722548225, -6.928964722548225] [-0.007224145130013265, 0.00385419503424778]
	[-6.928964722548225, -6.928964722548225] [-0.007224145130013265, 0.00385419503424778]
	[-6.79085543644937, -6.79085543644937] [-0.007685966809978962, 0.0028229428647098815]
	[-7.705899110603539, -7.705899110603539] [-0.0024491299952569285, 0.007813120662568026]
	[-7.705899110603539, -7.705899110603539] [-0.0024491299952569285, 0.007813120662568026]
	[-7.705899110603539, -7.705899110603539] [-0.0024491299952569285, 0.007813120662568026]
	[-7.972687530147635, -7.972687530147635] [-0.0003026752259224398, 0.008182388400041117]
	[-8.865369292646193, -8.865369292646193] [0.006182215308972278, 0.005368734124076498]
	[-8.865369292646193, -8.865369292646193] [0.006182215308972278, 0.005368734124076498]
	[-8.865369292646193, -8.865369292646193] [0.006182215308972278, 0.005368734124076498]
	[-9.782958834949572, -9.782958834949572] [0.008020676967069939, -0.0016467644675023769]
	[-10.45611542286067, -10.45611542286067] [0.005244339996532755, -0.006288083191424987]
	[-11.240483617080573, -11.240483617080573] [-0.0007296384580094414, -0.008155410470485729]
	[-10.762849841150919, -10.762849841150919] [0.0031008903350255653, -0.007578098135525804]
	[-10.93749218605708, -10.93749218605708] [0.001736982386822295, -0.008001623860778746]
	[-10.356543614478701, -10.356543614478701] [0.0058434455649591125, -0.005735611227312596]
	[-10.356543614478701, -10.356543614478701] [0.0058434455649591125, -0.005735611227312596]
	[-10.46639086864239, -10.46639086864239] [0.00517945141682264, -0.0063416382143960705]
	[-9.790489105123067, -9.790489105123067] [0.008008049097868621, -0.0017071150715872057]
	[-9.790489105123067, -9.790489105123067] [0.008008049097868621, -0.0017071150715872057]
	[-9.653644034118104, -9.653644034118104] [0.008166066223025594, -0.0005987108339383292]
