source:
	0.6375471728017542,0.0852797116500732
target:
	0.24504126079637878,0.9149763179725847
points:
	[-0.7532521151787999, -0.7532521151787999] [-0.008538452602305659, 0.0033675751080571538]
	[-0.7532521151787999, -0.7532521151787999] [-0.008538452602305659, 0.0033675751080571538]
	[-0.7532521151787999, -0.7532521151787999] [-0.008538452602305659, 0.0033675751080571538]
	[-0.7532521151787999, -0.7532521151787999] [-0.008538452602305659, 0.0033675751080571538]
	[-0.7532521151787999, -0.7532521151787999] [-0.008538452602305659, 0.0033675751080571538]
	[-0.7532521151787999, -0.7532521151787999] [-0.008538452602305659, 0.0033675751080571538]
	[-0.7532521151787999, -0.7532521151787999] [-0.008538452602305659, 0.0033675751080571538]
	[-0.7532521151787999, -0.7532521151787999] [-0.008538452602305659, 0.0033675751080571538]
	[-0.7532521151787999, -0.7532521151787999] [-0.008538452602305659, 0.0033675751080571538]
	[-0.7532521151787999, -0.7532521151787999] [-0.008538452602305659, 0.0033675751080571538]
	[-0.601452553051445, -0.601452553051445] [-0.007931029697811147, 0.004620011134474034]
	[-0.601452553051445, -0.601452553051445] [-0.007931029697811147, 0.004620011134474034]
	[-0.03318007613845675, -0.03318007613845675] [-0.00419814219104253, 0.008162189479178674]
	[0.1813371850840298, 0.1813371850840298] [-0.002364385269144538, 0.008868788939267791]
	[-0.2702609227651493, -0.2702609227651493] [-0.005997732487019108, 0.006947873053271916]
	[-0.2702609227651493, -0.2702609227651493] [-0.005997732487019108, 0.006947873053271916]
	[-0.41907897550905615, -0.41907897550905615] [-0.006961596284216623, 0.005981798402304086]
	[-0.41907897550905615, -0.41907897550905615] [-0.006961596284216623, 0.005981798402304086]
	[-0.1872232573539358, -0.1872232573539358] [-0.00540079405443623, 0.007421398691068462]
	[-0.28259945590150704, -0.28259945590150704] [-0.006083000333965137, 0.0068733428466217555]
	[-0.28259945590150704, -0.28259945590150704] [-0.006083000333965137, 0.0068733428466217555]
	[-0.28259945590150704, -0.28259945590150704] [-0.006083000333965137, 0.0068733428466217555]
	[-0.28259945590150704, -0.28259945590150704] [-0.006083000333965137, 0.0068733428466217555]
	[-0.28259945590150704, -0.28259945590150704] [-0.006083000333965137, 0.0068733428466217555]
	[-0.28259945590150704, -0.28259945590150704] [-0.006083000333965137, 0.0068733428466217555]
	[-0.28259945590150704, -0.28259945590150704] [-0.006083000333965137, 0.0068733428466217555]
	[-0.8439750225337957, -0.8439750225337957] [-0.008808435484395572, 0.0025801548921464633]
	[-0.8439750225337957, -0.8439750225337957] [-0.008808435484395572, 0.0025801548921464633]
	[-0.8439750225337957, -0.8439750225337957] [-0.008808435484395572, 0.0025801548921464633]
	[-1.1972494850636795, -1.1972494850636795] [-0.00915713053243771, -0.0006266541008590687]
	[-1.1972494850636795, -1.1972494850636795] [-0.00915713053243771, -0.0006266541008590687]
	[-1.5203328762617807, -1.5203328762617807] [-0.008484391915051822, -0.003501546627139172]
	[-1.5203328762617807, -1.5203328762617807] [-0.008484391915051822, -0.003501546627139172]
	[-1.5203328762617807, -1.5203328762617807] [-0.008484391915051822, -0.003501546627139172]
	[-1.5203328762617807, -1.5203328762617807] [-0.008484391915051822, -0.003501546627139172]
	[-0.7106311145871911, -0.7106311145871911] [-0.008387212544600729, 0.0037283241117046914]
	[-0.7106311145871911, -0.7106311145871911] [-0.008387212544600729, 0.0037283241117046914]
	[-0.7106311145871911, -0.7106311145871911] [-0.008387212544600729, 0.0037283241117046914]
	[-0.7106311145871911, -0.7106311145871911] [-0.008387212544600729, 0.0037283241117046914]
	[-0.7106311145871911, -0.7106311145871911] [-0.008387212544600729, 0.0037283241117046914]
	[0.16077872166074647, 0.16077872166074647] [-0.0025462014622708506, 0.00881831010249448]
	[0.16077872166074647, 0.16077872166074647] [-0.0025462014622708506, 0.00881831010249448]
	[0.16077872166074647, 0.16077872166074647] [-0.0025462014622708506, 0.00881831010249448]
	[0.16077872166074647, 0.16077872166074647] [-0.0025462014622708506, 0.00881831010249448]
	[0.16077872166074647, 0.16077872166074647] [-0.0025462014622708506, 0.00881831010249448]
	[0.16077872166074647, 0.16077872166074647] [-0.0025462014622708506, 0.00881831010249448]
	[0.16077872166074647, 0.16077872166074647] [-0.0025462014622708506, 0.00881831010249448]
	[0.16115479942345035, 0.16115479942345035] [-0.0025428849119545076, 0.008819267048614672]
	[0.16115479942345035, 0.16115479942345035] [-0.0025428849119545076, 0.008819267048614672]
	[0.16115479942345035, 0.16115479942345035] [-0.0025428849119545076, 0.008819267048614672]
	[0.16115479942345035, 0.16115479942345035] [-0.0025428849119545076, 0.008819267048614672]
	[0.16115479942345035, 0.16115479942345035] [-0.0025428849119545076, 0.008819267048614672]
	[-0.7960769936857475, -0.7960769936857475] [-0.008674796082548028, 0.0029989411258702302]
	[-0.7960769936857475, -0.7960769936857475] [-0.008674796082548028, 0.0029989411258702302]
	[-0.9079789376655111, -0.9079789376655111] [-0.008955427048007267, 0.002011482373287486]
	[-1.159912805879495, -1.159912805879495] [-0.009174140374910841, -0.00028439995017087526]
	[-1.159912805879495, -1.159912805879495] [-0.009174140374910841, -0.00028439995017087526]
	[-0.6346646716336392, -0.6346646716336392] [-0.008080068109859865, 0.004354105452357815]
	[-0.6346646716336392, -0.6346646716336392] [-0.008080068109859865, 0.004354105452357815]
	[-0.6346646716336392, -0.6346646716336392] [-0.008080068109859865, 0.004354105452357815]
	[0.1946414519060694, 0.1946414519060694] [-0.002246186766366156, 0.008899459531950689]
	[0.1946414519060694, 0.1946414519060694] [-0.002246186766366156, 0.008899459531950689]
	[0.1946414519060694, 0.1946414519060694] [-0.002246186766366156, 0.008899459531950689]
	[0.1946414519060694, 0.1946414519060694] [-0.002246186766366156, 0.008899459531950689]
	[-0.29210027442527614, -0.29210027442527614] [-0.006148027193952789, 0.0068152400231131565]
	[-0.4879987017468698, -0.4879987017468698] [-0.007357006899845535, 0.005488185895708308]
	[0.1543492529501687, 0.1543492529501687] [-0.002602845493188234, 0.00880175722732774]
	[-0.05471689598340096, -0.05471689598340096] [-0.004372942622127055, 0.008069888956721212]
	[-0.05471689598340096, -0.05471689598340096] [-0.004372942622127055, 0.008069888956721212]
	[-0.05471689598340096, -0.05471689598340096] [-0.004372942622127055, 0.008069888956721212]
	[-0.05471689598340096, -0.05471689598340096] [-0.004372942622127055, 0.008069888956721212]
	[-0.05471689598340096, -0.05471689598340096] [-0.004372942622127055, 0.008069888956721212]
	[0.7779210252947775, 0.7779210252947775] [0.0030266997344395403, 0.008665149950680023]
