source:
	0.5972945591422206,0.09853622618130764
target:
	0.7810775257142467,0.6950133138566922
points:
	[0, 0] [0.0018378296657202606, 0.005964770876753845]
	[0, 0] [0.0018378296657202606, 0.005964770876753845]
	[0.6294713077655479, 0.6294713077655479] [-0.002025975707720716, 0.005903518605382542]
	[0.6294713077655479, 0.6294713077655479] [-0.002025975707720716, 0.005903518605382542]
	[0.6294713077655479, 0.6294713077655479] [-0.002025975707720716, 0.005903518605382542]
	[0.6294713077655479, 0.6294713077655479] [-0.002025975707720716, 0.005903518605382542]
	[0.6294713077655479, 0.6294713077655479] [-0.002025975707720716, 0.005903518605382542]
	[0.6294713077655479, 0.6294713077655479] [-0.002025975707720716, 0.005903518605382542]
	[0.6294713077655479, 0.6294713077655479] [-0.002025975707720716, 0.005903518605382542]
	[0.6294713077655479, 0.6294713077655479] [-0.002025975707720716, 0.005903518605382542]
	[0.790546658286048, 0.790546658286048] [-0.0029465549596955484, 0.005502174421250735]
	[0.12701532456689224, 0.12701532456689224] [0.0010674429728087743, 0.006149526403892698]
	[0.12701532456689224, 0.12701532456689224] [0.0010674429728087743, 0.006149526403892698]
	[0.12701532456689224, 0.12701532456689224] [0.0010674429728087743, 0.006149526403892698]
	[0.12701532456689224, 0.12701532456689224] [0.0010674429728087743, 0.006149526403892698]
	[0.12701532456689224, 0.12701532456689224] [0.0010674429728087743, 0.006149526403892698]
	[0.12701532456689224, 0.12701532456689224] [0.0010674429728087743, 0.006149526403892698]
	[0.12701532456689224, 0.12701532456689224] [0.0010674429728087743, 0.006149526403892698]
	[0.12701532456689224, 0.12701532456689224] [0.0010674429728087743, 0.006149526403892698]
	[-0.3981626627594915, -0.3981626627594915] [0.00400675840705819, 0.0047856030508015195]
	[-0.3981626627594915, -0.3981626627594915] [0.00400675840705819, 0.0047856030508015195]
	[0.3053808830094614, 0.3053808830094614] [-4.054898751659911e-05, 0.006241351237671508]
	[0.3053808830094614, 0.3053808830094614] [-4.054898751659911e-05, 0.006241351237671508]
	[0.3053808830094614, 0.3053808830094614] [-4.054898751659911e-05, 0.006241351237671508]
	[0.3053808830094614, 0.3053808830094614] [-4.054898751659911e-05, 0.006241351237671508]
	[-0.03620971014045932, -0.03620971014045932] [0.002052560398746659, 0.005894328231602753]
	[-0.03620971014045932, -0.03620971014045932] [0.002052560398746659, 0.005894328231602753]
	[-0.03620971014045932, -0.03620971014045932] [0.002052560398746659, 0.005894328231602753]
	[-0.03620971014045932, -0.03620971014045932] [0.002052560398746659, 0.005894328231602753]
	[-0.03620971014045932, -0.03620971014045932] [0.002052560398746659, 0.005894328231602753]
	[0.7876251608905986, 0.7876251608905986] [-0.002930467819690076, 0.005510759280728308]
	[0.48930469062019805, 0.48930469062019805] [-0.0011813370556644743, 0.006128666433514414]
	[0.48930469062019805, 0.48930469062019805] [-0.0011813370556644743, 0.006128666433514414]
	[-0.2335922508885822, -0.2335922508885822] [0.0031686039265184426, 0.0053773654003818816]
	[-0.2335922508885822, -0.2335922508885822] [0.0031686039265184426, 0.0053773654003818816]
	[-0.1715281594088863, -0.1715281594088863] [0.0028289761507696138, 0.00556354234555189]
	[0.159887563041502, 0.159887563041502] [0.000864753999830823, 0.006181287083783512]
	[0.159887563041502, 0.159887563041502] [0.000864753999830823, 0.006181287083783512]
	[0.17977387832261368, 0.17977387832261368] [0.0007416680932825379, 0.006197260518307983]
	[0.17977387832261368, 0.17977387832261368] [0.0007416680932825379, 0.006197260518307983]
	[0.17977387832261368, 0.17977387832261368] [0.0007416680932825379, 0.006197260518307983]
	[0.17977387832261368, 0.17977387832261368] [0.0007416680932825379, 0.006197260518307983]
	[-0.24869529055750575, -0.24869529055750575] [0.003249454026706729, 0.005328898387161432]
	[-0.1158674051469662, -0.1158674051469662] [0.0025150839403898905, 0.005712307963088576]
	[0.5453749067489675, 0.5453749067489675] [-0.0015229361797920418, 0.006052831972279811]
	[0.5453749067489675, 0.5453749067489675] [-0.0015229361797920418, 0.006052831972279811]
	[0.5356886050342716, 0.5356886050342716] [-0.0014642360961309065, 0.006067299411365787]
	[0.5356886050342716, 0.5356886050342716] [-0.0014642360961309065, 0.006067299411365787]
	[0.5356886050342716, 0.5356886050342716] [-0.0014642360961309065, 0.006067299411365787]
	[1.254353497643701, 1.254353497643701] [-0.005096699812460453, 0.003602743470473283]
