source:
	0.9185007718874224,0.7005732135053875
target:
	0.0070319821801057,0.5611987659200257
points:
	[-0.3554358390650441, -0.3554358390650441] [-0.009029995153232294, 0.0018652738827383659]
	[-0.3554358390650441, -0.3554358390650441] [-0.009029995153232294, 0.0018652738827383659]
	[-0.3554358390650441, -0.3554358390650441] [-0.009029995153232294, 0.0018652738827383659]
	[-0.3554358390650441, -0.3554358390650441] [-0.009029995153232294, 0.0018652738827383659]
	[-0.8454489183999103, -0.8454489183999103] [-0.007089538148667307, 0.005895634653166314]
	[-0.8454489183999103, -0.8454489183999103] [-0.007089538148667307, 0.005895634653166314]
	[-0.8454489183999103, -0.8454489183999103] [-0.007089538148667307, 0.005895634653166314]
	[-0.8454489183999103, -0.8454489183999103] [-0.007089538148667307, 0.005895634653166314]
	[-0.8454489183999103, -0.8454489183999103] [-0.007089538148667307, 0.005895634653166314]
	[-0.037788336743850626, -0.037788336743850626] [-0.009160835725919287, -0.0010484025599670178]
	[-0.6677381607439512, -0.6677381607439512] [-0.008020096424791106, 0.004549517827427151]
	[-0.6677381607439512, -0.6677381607439512] [-0.008020096424791106, 0.004549517827427151]
	[-1.2555474508527156, -1.2555474508527156] [-0.004151096858732846, 0.008233374399020298]
	[-0.9583367897071164, -0.9583367897071164] [-0.00638027976466644, 0.006656732625666477]
	[-1.5988058762386363, -1.5988058762386363] [-0.0011379328701419018, 0.009150145786165112]
	[-1.5988058762386363, -1.5988058762386363] [-0.0011379328701419018, 0.009150145786165112]
	[-1.5988058762386363, -1.5988058762386363] [-0.0011379328701419018, 0.009150145786165112]
	[-1.5988058762386363, -1.5988058762386363] [-0.0011379328701419018, 0.009150145786165112]
	[-1.5988058762386363, -1.5988058762386363] [-0.0011379328701419018, 0.009150145786165112]
	[-1.2091730943155086, -1.2091730943155086] [-0.004528314623439677, 0.008032087262733575]
	[-0.3464300827092124, -0.3464300827092124] [-0.00904642694799493, 0.0017838774059939467]
	[-0.3464300827092124, -0.3464300827092124] [-0.00904642694799493, 0.0017838774059939467]
	[-0.3464300827092124, -0.3464300827092124] [-0.00904642694799493, 0.0017838774059939467]
	[0.05656884043777277, 0.05656884043777277] [-0.009021307665605256, -0.0019068474316306478]
	[0.05656884043777277, 0.05656884043777277] [-0.009021307665605256, -0.0019068474316306478]
	[-0.09768512255831269, -0.09768512255831269] [-0.009207166219088611, -0.00049814590141652]
	[-0.09768512255831269, -0.09768512255831269] [-0.009207166219088611, -0.00049814590141652]
	[-0.09768512255831269, -0.09768512255831269] [-0.009207166219088611, -0.00049814590141652]
	[-0.09768512255831269, -0.09768512255831269] [-0.009207166219088611, -0.00049814590141652]
	[-0.09768512255831269, -0.09768512255831269] [-0.009207166219088611, -0.00049814590141652]
	[-0.09768512255831269, -0.09768512255831269] [-0.009207166219088611, -0.00049814590141652]
	[-0.09768512255831269, -0.09768512255831269] [-0.009207166219088611, -0.00049814590141652]
	[-0.09768512255831269, -0.09768512255831269] [-0.009207166219088611, -0.00049814590141652]
	[-0.6572240043703987, -0.6572240043703987] [-0.008067486588672328, 0.0044649433665631955]
	[-1.4439060852095986, -1.4439060852095986] [-0.0025360028691916053, 0.00886502953026534]
	[-1.3854033503230618, -1.3854033503230618] [-0.003049996965792116, 0.008701584777135911]
	[-1.2788158966161485, -1.2788158966161485] [-0.0039584126260643355, 0.008327726496880105]
	[-2.177635944733427, -2.177635944733427] [0.0040529738382910135, 0.008282117011438148]
	[-2.177635944733427, -2.177635944733427] [0.0040529738382910135, 0.008282117011438148]
	[-2.168487815107003, -2.168487815107003] [0.003977039423057548, 0.008318847068703127]
	[-1.6693981640435893, -1.6693981640435893] [-0.0004897053487564922, 0.009207619007996793]
	[-1.6138419614014385, -1.6138419614014385] [-0.0010002270512799907, 0.009166220866361027]
	[-1.3635871416357015, -1.3635871416357015] [-0.003239091707340148, 0.00863298002062236]
	[-1.1144706391201664, -1.1144706391201664] [-0.005267545468716246, 0.007567894281768972]
	[-0.8547258430965435, -0.8547258430965435] [-0.0070345405090851765, 0.005961149130080896]
	[-0.8547258430965435, -0.8547258430965435] [-0.0070345405090851765, 0.005961149130080896]
	[-0.8547258430965435, -0.8547258430965435] [-0.0070345405090851765, 0.005961149130080896]
	[-0.8547258430965435, -0.8547258430965435] [-0.0070345405090851765, 0.005961149130080896]
	[-1.7100452109330702, -1.7100452109330702] [-0.00011514139142186152, 0.009219913317651419]
	[-1.7100452109330702, -1.7100452109330702] [-0.00011514139142186152, 0.009219913317651419]
	[-1.514966696438662, -1.514966696438662] [-0.001900178269682129, 0.009022714761558873]
	[-1.514966696438662, -1.514966696438662] [-0.001900178269682129, 0.009022714761558873]
	[-1.514966696438662, -1.514966696438662] [-0.001900178269682129, 0.009022714761558873]
	[-2.1436710693934486, -2.1436710693934486] [0.0037693892923153106, 0.00841497257797096]
	[-1.5045372494896172, -1.5045372494896172] [-0.0019941751452154126, 0.009002406601305545]
	[-1.7025855725039443, -1.7025855725039443] [-0.0001839147696800733, 0.009218797887063047]
	[-1.7025855725039443, -1.7025855725039443] [-0.0001839147696800733, 0.009218797887063047]
	[-1.1717427097668698, -1.1717427097668698] [-0.004825716750914734, 0.007857004325120707]
	[-1.1717427097668698, -1.1717427097668698] [-0.004825716750914734, 0.007857004325120707]
	[-1.1717427097668698, -1.1717427097668698] [-0.004825716750914734, 0.007857004325120707]
	[-1.1717427097668698, -1.1717427097668698] [-0.004825716750914734, 0.007857004325120707]
	[-1.1717427097668698, -1.1717427097668698] [-0.004825716750914734, 0.007857004325120707]
	[-1.1717427097668698, -1.1717427097668698] [-0.004825716750914734, 0.007857004325120707]
	[-1.626365679559401, -1.626365679559401] [-0.0008853564468266667, 0.009178028278834568]
	[-0.8627910188551633, -0.8627910188551633] [-0.0069862345279958615, 0.006017689444036058]
	[-0.8627910188551633, -0.8627910188551633] [-0.0069862345279958615, 0.006017689444036058]
	[-0.8627910188551633, -0.8627910188551633] [-0.0069862345279958615, 0.006017689444036058]
	[-0.8627910188551633, -0.8627910188551633] [-0.0069862345279958615, 0.006017689444036058]
	[-0.8627910188551633, -0.8627910188551633] [-0.0069862345279958615, 0.006017689444036058]
	[-0.8627910188551633, -0.8627910188551633] [-0.0069862345279958615, 0.006017689444036058]
	[-0.8627910188551633, -0.8627910188551633] [-0.0069862345279958615, 0.006017689444036058]
	[-0.8627910188551633, -0.8627910188551633] [-0.0069862345279958615, 0.006017689444036058]
	[-0.8627910188551633, -0.8627910188551633] [-0.0069862345279958615, 0.006017689444036058]
	[-0.8620790227719395, -0.8620790227719395] [-0.006990517328152789, 0.006012713747536975]
	[-0.8620790227719395, -0.8620790227719395] [-0.006990517328152789, 0.006012713747536975]
	[-0.8620790227719395, -0.8620790227719395] [-0.006990517328152789, 0.006012713747536975]
	[-0.8620790227719395, -0.8620790227719395] [-0.006990517328152789, 0.006012713747536975]
	[-0.8620790227719395, -0.8620790227719395] [-0.006990517328152789, 0.006012713747536975]
	[-0.8620790227719395, -0.8620790227719395] [-0.006990517328152789, 0.006012713747536975]
	[-0.6483689105229999, -0.6483689105229999] [-0.00810670726991799, 0.004393330896356813]
