source:
	0.7337421383458632,0.33652216230758714
target:
	0.23123822755877832,0.23628069219202608
points:
	[0, 0] [-0.005025039107870849, -0.0010024147011556107]
	[-0.12533015689534688, -0.12533015689534688] [-0.005110929117754753, -0.0003664107285696807]
	[-0.12533015689534688, -0.12533015689534688] [-0.005110929117754753, -0.0003664107285696807]
	[0.49995990738078944, 0.49995990738078944] [-0.003929435340679139, -0.0032886762036032336]
	[1.3745746498804365, 1.3745746498804365] [3.472266688509892e-06, -0.005124045395201764]
	[1.3745746498804365, 1.3745746498804365] [3.472266688509892e-06, -0.005124045395201764]
	[1.7538467032537246, 1.7538467032537246] [0.0019003743795865218, -0.004758616446629787]
	[1.7538467032537246, 1.7538467032537246] [0.0019003743795865218, -0.004758616446629787]
	[1.7538467032537246, 1.7538467032537246] [0.0019003743795865218, -0.004758616446629787]
	[0.8780429989587024, 0.8780429989587024] [-0.002437934144768629, -0.004506920276030585]
	[0.8780429989587024, 0.8780429989587024] [-0.002437934144768629, -0.004506920276030585]
	[0.8780429989587024, 0.8780429989587024] [-0.002437934144768629, -0.004506920276030585]
	[0.8780429989587024, 0.8780429989587024] [-0.002437934144768629, -0.004506920276030585]
	[0.6889983358463477, 0.6889983358463477] [-0.003241443875218901, -0.00396848773118051]
	[1.4180952077417759, 1.4180952077417759] [0.0002263999041462247, -0.005119042522984833]
	[1.4180952077417759, 1.4180952077417759] [0.0002263999041462247, -0.005119042522984833]
	[1.4180952077417759, 1.4180952077417759] [0.0002263999041462247, -0.005119042522984833]
	[1.4180952077417759, 1.4180952077417759] [0.0002263999041462247, -0.005119042522984833]
	[1.4180952077417759, 1.4180952077417759] [0.0002263999041462247, -0.005119042522984833]
	[1.4180952077417759, 1.4180952077417759] [0.0002263999041462247, -0.005119042522984833]
	[1.4180952077417759, 1.4180952077417759] [0.0002263999041462247, -0.005119042522984833]
	[1.4180952077417759, 1.4180952077417759] [0.0002263999041462247, -0.005119042522984833]
	[1.4180952077417759, 1.4180952077417759] [0.0002263999041462247, -0.005119042522984833]
	[1.4180952077417759, 1.4180952077417759] [0.0002263999041462247, -0.005119042522984833]
	[1.4180952077417759, 1.4180952077417759] [0.0002263999041462247, -0.005119042522984833]
	[1.4180952077417759, 1.4180952077417759] [0.0002263999041462247, -0.005119042522984833]
	[1.4180952077417759, 1.4180952077417759] [0.0002263999041462247, -0.005119042522984833]
	[1.4180952077417759, 1.4180952077417759] [0.0002263999041462247, -0.005119042522984833]
	[1.4180952077417759, 1.4180952077417759] [0.0002263999041462247, -0.005119042522984833]
	[1.4180952077417759, 1.4180952077417759] [0.0002263999041462247, -0.005119042522984833]
	[1.4180952077417759, 1.4180952077417759] [0.0002263999041462247, -0.005119042522984833]
	[1.4180952077417759, 1.4180952077417759] [0.0002263999041462247, -0.005119042522984833]
	[1.4180952077417759, 1.4180952077417759] [0.0002263999041462247, -0.005119042522984833]
	[1.6812699396641362, 1.6812699396641362] [0.0015503097073012073, -0.004883891182261538]
	[1.6812699396641362, 1.6812699396641362] [0.0015503097073012073, -0.004883891182261538]
	[1.6812699396641362, 1.6812699396641362] [0.0015503097073012073, -0.004883891182261538]
	[1.6812699396641362, 1.6812699396641362] [0.0015503097073012073, -0.004883891182261538]
	[1.6812699396641362, 1.6812699396641362] [0.0015503097073012073, -0.004883891182261538]
	[1.6812699396641362, 1.6812699396641362] [0.0015503097073012073, -0.004883891182261538]
	[1.6812699396641362, 1.6812699396641362] [0.0015503097073012073, -0.004883891182261538]
	[1.6812699396641362, 1.6812699396641362] [0.0015503097073012073, -0.004883891182261538]
	[1.6812699396641362, 1.6812699396641362] [0.0015503097073012073, -0.004883891182261538]
	[1.6812699396641362, 1.6812699396641362] [0.0015503097073012073, -0.004883891182261538]
	[1.7926375408332325, 1.7926375408332325] [0.0020834892125638003, -0.004681338053361947]
	[1.8683307321228784, 1.8683307321228784] [0.002431530574296087, -0.00451037829178304]
	[1.2738012617272783, 1.2738012617272783] [-0.0005120392329167678, -0.005098398679259828]
	[1.2738012617272783, 1.2738012617272783] [-0.0005120392329167678, -0.005098398679259828]
	[1.2738012617272783, 1.2738012617272783] [-0.0005120392329167678, -0.005098398679259828]
